0: 2 47 519 
1: 67 307 320 513 567 
2: 0 3 10 410 938 
3: 2 5 
4: 181 223 334 789 
5: 3 8 47 338 353 
6: 163 227 437 829 948 
7: 287 318 377 950 
8: 5 10 23 234 638 
9: 77 134 716 729 819 
10: 2 8 12 481 521 
11: 207 374 564 583 
12: 10 14 853 995 
13: 189 437 716 743 789 
14: 12 15 419 
15: 14 16 22 147 995 
16: 15 18 26 198 347 
17: 118 119 273 823 
18: 16 19 155 
19: 18 20 47 239 
20: 19 21 851 
21: 20 22 298 
22: 15 21 23 678 
23: 8 22 24 115 703 
24: 23 25 358 
25: 24 26 734 
26: 16 25 28 87 392 
27: 91 377 583 998 
28: 26 29 152 356 
29: 28 30 46 547 
30: 29 35 285 
31: 138 307 326 399 774 
32: 211 332 407 739 793 
33: 377 449 704 931 
34: 78 433 527 675 
35: 30 36 239 
36: 35 37 79 142 889 
37: 36 38 
38: 37 39 690 775 864 
39: 38 40 900 
40: 39 43 558 627 
41: 138 520 551 788 945 
42: 45 54 57 177 597 
43: 40 44 
44: 43 46 627 807 
45: 42 118 267 975 
46: 29 44 47 800 929 
47: 0 5 19 46 51 
48: 197 237 422 920 
49: 53 422 476 949 
50: 69 214 296 346 486 
51: 47 52 178 
52: 51 55 285 
53: 49 828 
54: 42 280 714 
55: 52 58 
56: 422 447 785 
57: 42 85 102 394 845 
58: 55 59 87 142 149 
59: 58 62 586 
60: 117 778 
61: 197 343 505 
62: 59 63 353 746 850 
63: 62 65 465 
64: 306 407 507 691 965 
65: 63 71 111 
66: 286 428 874 890 
67: 1 320 717 874 
68: 267 332 615 675 870 
69: 50 507 544 856 
70: 80 90 252 801 982 
71: 65 72 109 358 942 
72: 71 74 601 
73: 308 434 599 631 704 
74: 72 76 165 183 619 
75: 428 535 607 621 622 
76: 74 79 232 
77: 9 651 704 
78: 34 119 308 919 920 
79: 36 76 81 380 674 
80: 70 233 535 654 728 
81: 79 83 531 873 
82: 388 684 720 
83: 81 84 619 
84: 83 87 241 
85: 57 201 585 974 
86: 309 751 
87: 26 58 84 88 292 
88: 87 94 676 988 
89: 304 363 396 
90: 70 101 360 469 714 
91: 27 154 614 887 941 
92: 148 206 725 731 835 
93: 223 835 
94: 88 96 369 529 832 
95: 310 867 916 948 
96: 94 97 121 336 401 
97: 96 98 263 797 
98: 97 99 558 694 
99: 98 103 591 963 
100: 309 357 397 516 809 
101: 90 282 726 823 912 
102: 57 569 587 
103: 99 108 150 899 
104: 317 364 790 
105: 219 434 564 589 706 
106: 117 262 877 903 952 
107: 273 286 294 780 965 
108: 103 109 531 658 
109: 71 108 110 147 380 
110: 109 111 647 
111: 65 110 112 
112: 111 113 947 
113: 112 114 591 854 980 
114: 113 115 162 187 713 
115: 23 114 116 668 
116: 115 120 850 
117: 60 106 143 289 739 
118: 17 45 171 920 
119: 17 78 812 822 961 
120: 116 121 164 192 
121: 96 120 122 194 617 
122: 121 124 133 855 
123: 246 565 662 960 
124: 122 125 316 537 679 
125: 124 127 523 524 901 
126: 388 605 815 912 
127: 125 128 382 
128: 127 130 
129: 280 309 503 732 770 
130: 128 133 369 
131: 247 408 716 728 
132: 455 556 793 871 990 
133: 122 130 135 465 836 
134: 9 388 522 954 
135: 133 136 158 553 
136: 135 139 679 
137: 138 293 590 801 
138: 31 41 137 654 962 
139: 136 140 515 532 872 
140: 139 142 403 465 563 
141: 337 608 633 768 
142: 36 58 140 145 462 
143: 117 190 493 702 
144: 594 705 830 885 908 
145: 142 146 178 249 678 
146: 145 147 772 956 
147: 15 109 146 149 637 
148: 92 438 695 698 828 
149: 58 147 150 270 554 
150: 103 149 151 820 921 
151: 150 152 646 
152: 28 151 155 193 
153: 231 693 955 
154: 91 816 825 881 906 
155: 18 152 156 441 463 
156: 155 158 285 
157: 399 669 740 
158: 135 156 159 229 
159: 158 160 341 612 804 
160: 159 161 323 413 944 
161: 160 162 179 
162: 114 161 164 876 
163: 6 485 774 801 
164: 120 162 165 
165: 74 164 168 393 988 
166: 479 719 
167: 426 447 
168: 165 169 270 385 423 
169: 168 170 367 533 808 
170: 169 172 712 754 
171: 118 398 452 520 905 
172: 170 173 483 694 
173: 172 174 241 601 980 
174: 173 176 957 
175: 631 731 931 978 998 
176: 174 178 352 547 
177: 42 213 915 
178: 51 145 176 179 661 
179: 161 178 180 820 
180: 179 183 882 
181: 4 488 795 846 997 
182: 344 719 925 939 
183: 74 180 184 196 794 
184: 183 186 592 840 
185: 418 514 686 828 977 
186: 184 187 462 753 
187: 114 186 188 850 
188: 187 191 354 655 797 
189: 13 602 813 865 
190: 143 706 906 
191: 188 192 613 873 
192: 120 191 193 
193: 152 192 194 264 
194: 121 193 195 440 588 
195: 194 196 341 350 847 
196: 183 195 198 641 860 
197: 48 61 426 636 671 
198: 16 196 204 864 
199: 256 527 666 801 960 
200: 274 478 
201: 85 258 614 
202: 328 662 795 967 
203: 208 422 623 636 788 
204: 198 205 461 647 968 
205: 204 209 638 769 
206: 92 253 913 
207: 11 255 770 867 952 
208: 203 738 848 966 
209: 205 212 510 
210: 793 870 895 
211: 32 493 589 616 819 
212: 209 215 630 
213: 177 449 828 
214: 50 340 977 
215: 212 216 330 
216: 215 217 241 301 653 
217: 216 218 368 456 777 
218: 217 220 964 
219: 105 273 499 633 914 
220: 218 221 531 712 772 
221: 220 222 401 
222: 221 224 
223: 4 93 332 770 884 
224: 222 225 711 853 
225: 224 228 494 663 798 
226: 255 297 
227: 6 357 609 782 867 
228: 225 229 313 368 897 
229: 158 228 232 734 893 
230: 659 788 813 
231: 153 364 574 849 
232: 76 229 234 581 
233: 80 348 755 773 
234: 8 232 239 553 600 
235: 516 848 
236: 507 528 806 
237: 48 315 351 520 764 
238: 287 325 585 705 774 
239: 19 35 234 240 757 
240: 239 241 316 560 683 
241: 84 173 216 240 242 
242: 241 243 442 620 
243: 242 248 521 687 
244: 590 822 992 
245: 327 459 490 972 
246: 123 439 552 822 
247: 131 308 329 981 
248: 243 249 
249: 145 248 250 369 542 
250: 249 254 330 542 810 
251: 639 752 
252: 70 570 708 
253: 206 567 
254: 250 257 548 
255: 207 226 399 434 
256: 199 326 916 
257: 254 260 604 
258: 201 590 919 
259: 289 971 
260: 257 261 
261: 260 263 429 550 860 
262: 106 394 593 
263: 97 261 264 
264: 193 263 266 
265: 275 448 565 782 939 
266: 264 269 
267: 45 68 346 384 795 
268: 276 662 796 922 
269: 266 270 390 763 
270: 149 168 269 271 444 
271: 270 277 996 
272: 293 396 506 666 708 
273: 17 107 219 788 903 
274: 200 764 835 849 
275: 265 327 334 432 755 
276: 268 649 788 877 913 
277: 271 278 540 
278: 277 283 510 530 
279: 400 449 576 
280: 54 129 608 
281: 561 764 
282: 101 577 616 662 781 
283: 278 284 557 753 775 
284: 283 285 
285: 30 52 156 284 290 
286: 66 107 966 
287: 7 238 624 764 849 
288: 418 961 
289: 117 259 877 937 
290: 285 292 392 999 
291: 309 446 479 582 789 
292: 87 290 295 883 
293: 137 272 400 582 930 
294: 107 365 569 
295: 292 298 475 907 
296: 50 471 780 
297: 226 476 849 
298: 21 295 299 370 
299: 298 300 444 
300: 299 301 775 869 
301: 216 300 302 375 610 
302: 301 303 650 656 832 
303: 302 305 
304: 89 411 817 909 
305: 303 311 442 547 687 
306: 64 937 
307: 1 31 499 824 915 
308: 73 78 247 891 
309: 86 100 129 291 982 
310: 95 634 693 755 859 
311: 305 312 797 807 
312: 311 313 
313: 228 312 316 821 
314: 328 732 
315: 237 740 990 
316: 124 240 313 323 
317: 104 346 408 875 
318: 7 437 585 778 967 
319: 320 434 508 675 936 
320: 1 67 319 965 
321: 624 636 
322: 491 520 845 959 
323: 160 316 324 501 512 
324: 323 330 637 
325: 238 459 
326: 31 256 346 
327: 245 275 449 582 789 
328: 202 314 719 722 
329: 247 334 348 954 997 
330: 215 250 324 333 996 
331: 857 926 
332: 32 68 223 936 
333: 330 336 347 378 647 
334: 4 275 329 778 879 
335: 455 888 
336: 96 333 338 645 744 
337: 141 439 505 812 
338: 5 336 339 560 
339: 338 341 
340: 214 446 660 979 
341: 159 195 339 347 737 
342: 426 796 895 917 
343: 61 348 433 856 992 
344: 182 426 
345: 551 602 940 
346: 50 267 317 326 751 
347: 16 333 341 350 395 
348: 233 329 343 698 845 
349: 546 833 
350: 195 347 352 502 
351: 237 478 579 792 978 
352: 176 350 353 667 
353: 5 62 352 354 523 
354: 188 353 356 389 724 
355: 508 564 635 909 997 
356: 28 354 358 964 
357: 100 227 923 972 
358: 24 71 356 361 578 
359: 621 741 953 
360: 90 495 507 906 979 
361: 358 366 
362: 391 747 817 
363: 89 983 
364: 104 231 544 
365: 294 914 
366: 361 367 648 
367: 169 366 368 538 999 
368: 217 228 367 369 956 
369: 94 130 249 368 370 
370: 298 369 371 
371: 370 372 619 
372: 371 373 521 644 
373: 372 375 549 
374: 11 949 
375: 301 373 376 457 625 
376: 375 378 573 749 832 
377: 7 27 33 
378: 333 376 380 541 568 
379: 477 487 609 621 738 
380: 79 109 378 381 578 
381: 380 382 534 690 
382: 127 381 385 980 
383: 635 739 877 
384: 267 896 931 
385: 168 382 389 
386: 486 561 
387: 577 607 806 867 
388: 82 126 134 779 857 
389: 354 385 390 500 861 
390: 269 389 392 467 
391: 362 576 602 659 
392: 26 290 390 393 
393: 165 392 395 661 811 
394: 57 262 432 
395: 347 393 401 413 929 
396: 89 272 580 989 
397: 100 738 849 939 984 
398: 171 611 891 959 
399: 31 157 255 652 
400: 279 293 
401: 96 221 395 403 943 
402: 424 433 707 793 823 
403: 140 401 405 441 
404: 448 482 590 607 
405: 403 406 
406: 405 409 858 907 
407: 32 64 488 707 954 
408: 131 317 635 685 824 
409: 406 410 548 
410: 2 409 412 892 
411: 304 818 908 
412: 410 413 539 763 
413: 160 395 412 414 999 
414: 413 415 440 
415: 414 416 419 787 935 
416: 415 417 843 853 
417: 416 419 572 
418: 185 288 546 913 952 
419: 14 415 417 420 964 
420: 419 423 
421: 520 611 675 700 825 
422: 48 49 56 203 881 
423: 168 420 424 673 
424: 402 423 425 932 
425: 424 427 855 946 
426: 167 197 342 344 793 
427: 425 429 897 
428: 66 75 505 741 786 
429: 261 427 430 628 988 
430: 429 435 492 
431: 585 597 622 764 806 
432: 275 394 662 879 888 
433: 34 343 402 727 982 
434: 73 105 255 319 966 
435: 430 436 664 
436: 435 440 529 598 734 
437: 6 13 318 723 
438: 148 514 886 
439: 246 337 559 689 780 
440: 194 414 436 441 736 
441: 155 403 440 442 
442: 242 305 441 443 864 
443: 442 444 595 932 
444: 270 299 443 450 
445: 503 682 780 911 
446: 291 340 
447: 56 167 896 
448: 265 404 695 912 
449: 33 213 279 327 506 
450: 444 453 
451: 507 686 841 
452: 171 567 898 939 
453: 450 454 
454: 453 456 504 509 814 
455: 132 335 
456: 217 454 457 509 897 
457: 375 456 458 
458: 457 460 501 872 
459: 245 325 898 
460: 458 461 474 799 
461: 204 460 462 498 596 
462: 142 186 461 463 721 
463: 155 462 465 
464: 528 587 923 939 974 
465: 63 133 140 463 466 
466: 465 467 
467: 390 466 468 657 
468: 467 470 533 703 
469: 90 642 941 
470: 468 472 554 868 
471: 296 484 682 
472: 470 474 986 
473: 922 979 
474: 460 472 475 550 744 
475: 295 474 480 
476: 49 297 699 982 
477: 379 771 925 989 
478: 200 351 618 649 866 
479: 166 291 682 704 857 
480: 475 481 968 
481: 10 480 483 
482: 404 651 738 916 
483: 172 481 489 
484: 471 722 809 870 923 
485: 163 496 741 998 
486: 50 386 623 660 906 
487: 379 614 827 974 975 
488: 181 407 499 599 833 
489: 483 492 
490: 245 506 790 
491: 322 706 911 
492: 430 489 494 873 
493: 143 211 642 910 967 
494: 225 492 497 536 765 
495: 360 717 859 913 
496: 485 618 639 743 795 
497: 494 498 626 956 
498: 461 497 500 
499: 219 307 488 575 717 
500: 389 498 501 805 852 
501: 323 458 500 502 938 
502: 350 501 504 
503: 129 445 722 
504: 454 502 509 951 
505: 61 337 428 608 778 
506: 272 449 490 
507: 64 69 236 360 451 
508: 319 355 597 729 731 
509: 454 456 504 510 901 
510: 209 278 509 512 808 
511: 589 700 702 862 972 
512: 323 510 515 610 802 
513: 1 618 817 915 
514: 185 438 
515: 139 512 518 
516: 100 235 756 933 
517: 726 732 
518: 515 519 606 744 861 
519: 0 518 521 
520: 41 171 237 322 421 
521: 10 243 372 519 523 
522: 134 597 633 815 925 
523: 125 353 521 524 769 
524: 125 523 525 677 899 
525: 524 526 
526: 525 529 
527: 34 199 
528: 236 464 684 
529: 94 436 526 531 802 
530: 278 750 926 
531: 81 108 220 529 532 
532: 139 531 533 
533: 169 468 532 534 889 
534: 381 533 536 674 
535: 75 80 556 570 733 
536: 494 534 537 854 934 
537: 124 536 538 794 
538: 367 537 539 710 
539: 412 538 540 791 
540: 277 539 541 
541: 378 540 542 600 
542: 249 250 541 545 630 
543: 599 684 782 790 
544: 69 364 856 890 
545: 542 547 566 
546: 349 418 726 745 825 
547: 29 176 305 545 548 
548: 254 409 547 549 612 
549: 373 548 550 657 
550: 261 474 549 553 861 
551: 41 345 691 981 
552: 246 609 697 967 
553: 135 234 550 554 
554: 149 470 553 555 
555: 554 557 783 
556: 132 535 652 773 
557: 283 555 558 
558: 40 98 557 560 994 
559: 439 634 
560: 240 338 558 562 
561: 281 386 688 
562: 560 563 
563: 140 562 566 
564: 11 105 355 675 815 
565: 123 265 846 
566: 545 563 568 
567: 1 253 452 660 898 
568: 378 566 572 677 
569: 102 294 770 823 920 
570: 252 535 688 841 
571: 589 699 732 841 923 
572: 417 568 573 
573: 376 572 578 821 934 
574: 231 580 642 937 
575: 499 654 731 818 
576: 279 391 671 953 997 
577: 282 387 639 848 905 
578: 358 380 573 581 620 
579: 351 940 955 
580: 396 574 719 
581: 232 578 584 
582: 291 293 327 862 955 
583: 11 27 615 
584: 581 586 
585: 85 238 318 431 665 
586: 59 584 588 
587: 102 464 829 
588: 194 586 591 678 803 
589: 105 211 511 571 
590: 137 244 258 404 978 
591: 99 113 588 592 668 
592: 184 591 595 604 
593: 262 636 856 
594: 144 720 959 
595: 443 592 596 
596: 461 595 598 892 943 
597: 42 431 508 522 890 
598: 436 596 600 993 
599: 73 488 543 745 896 
600: 234 541 598 601 
601: 72 173 600 604 701 
602: 189 345 391 
603: 909 915 
604: 257 592 601 606 629 
605: 126 779 818 
606: 518 604 610 
607: 75 387 404 819 
608: 141 280 505 926 
609: 227 379 552 822 987 
610: 301 512 606 612 858 
611: 398 421 659 755 961 
612: 159 548 610 613 
613: 191 612 617 932 942 
614: 91 201 487 666 967 
615: 68 583 809 865 991 
616: 211 282 686 913 
617: 121 613 619 901 951 
618: 478 496 513 649 745 
619: 74 83 371 617 620 
620: 242 578 619 625 855 
621: 75 359 379 839 981 
622: 75 431 665 823 833 
623: 203 486 
624: 287 321 782 936 961 
625: 375 620 626 927 999 
626: 497 625 627 742 791 
627: 40 44 626 628 
628: 429 627 629 
629: 604 628 630 
630: 212 542 629 637 847 
631: 73 175 714 950 
632: 952 954 
633: 141 219 522 729 903 
634: 310 559 649 867 
635: 355 383 408 908 
636: 197 203 321 593 727 
637: 147 324 630 638 944 
638: 8 205 637 640 
639: 251 496 577 726 
640: 638 641 715 758 810 
641: 196 640 643 854 883 
642: 469 493 574 702 984 
643: 641 644 
644: 372 643 645 711 
645: 336 644 646 694 
646: 151 645 647 
647: 110 204 333 646 648 
648: 366 647 650 
649: 276 478 618 634 768 
650: 302 648 653 876 904 
651: 77 482 698 818 984 
652: 399 556 
653: 216 650 655 737 805 
654: 80 138 575 830 965 
655: 188 653 656 
656: 302 655 657 692 947 
657: 467 549 656 658 947 
658: 108 657 661 
659: 230 391 611 717 859 
660: 340 486 567 981 
661: 178 393 658 663 
662: 123 202 268 282 432 
663: 225 661 664 
664: 435 663 667 
665: 585 622 697 752 
666: 199 272 614 702 844 
667: 352 664 668 724 766 
668: 115 591 667 670 
669: 157 866 
670: 668 672 677 951 986 
671: 197 576 723 857 881 
672: 670 673 776 784 
673: 423 672 674 690 882 
674: 79 534 673 676 
675: 34 68 319 421 564 
676: 88 674 677 712 
677: 524 568 670 676 678 
678: 22 145 588 677 679 
679: 124 136 678 680 737 
680: 679 683 
681: 709 997 
682: 445 471 479 685 771 
683: 240 680 687 904 
684: 82 528 543 
685: 408 682 879 960 
686: 185 451 616 989 
687: 243 305 683 690 766 
688: 561 570 885 
689: 439 747 
690: 38 381 673 687 692 
691: 64 551 700 977 
692: 656 690 694 820 
693: 153 310 
694: 98 172 645 692 696 
695: 148 448 817 
696: 694 701 
697: 552 665 729 747 
698: 148 348 651 866 871 
699: 476 571 706 733 886 
700: 421 511 691 
701: 601 696 703 724 
702: 143 511 642 666 707 
703: 23 468 701 710 
704: 33 73 77 479 709 
705: 144 238 751 
706: 105 190 491 699 984 
707: 402 407 702 844 975 
708: 252 272 
709: 681 704 866 
710: 538 703 711 
711: 224 644 710 712 968 
712: 170 220 676 711 713 
713: 114 712 715 
714: 54 90 631 845 998 
715: 640 713 718 
716: 9 13 131 790 857 
717: 67 495 499 659 
718: 715 721 
719: 166 182 328 580 940 
720: 82 594 871 926 
721: 462 718 724 
722: 328 484 503 729 
723: 437 671 740 756 905 
724: 354 667 701 721 730 
725: 92 819 
726: 101 517 546 639 818 
727: 433 636 728 845 
728: 80 131 727 792 
729: 9 508 633 697 722 
730: 724 734 
731: 92 175 508 575 966 
732: 129 314 517 571 
733: 535 699 774 879 945 
734: 25 229 436 730 735 
735: 734 736 
736: 440 735 737 
737: 341 653 679 736 742 
738: 208 379 397 482 871 
739: 32 117 383 
740: 157 315 723 923 
741: 359 428 485 750 
742: 626 737 744 
743: 13 496 987 
744: 336 474 518 742 746 
745: 546 599 618 989 990 
746: 62 744 748 826 852 
747: 362 689 697 
748: 746 749 
749: 376 748 753 894 957 
750: 530 741 
751: 86 346 705 
752: 251 665 
753: 186 283 749 754 
754: 170 753 757 
755: 233 275 310 611 781 
756: 516 723 881 
757: 239 754 758 
758: 640 757 759 996 
759: 758 760 893 
760: 759 761 
761: 760 762 
762: 761 763 839 
763: 269 412 762 765 
764: 237 274 281 287 431 
765: 494 763 766 
766: 667 687 765 767 
767: 766 769 
768: 141 649 937 949 
769: 205 523 767 772 957 
770: 129 207 223 569 962 
771: 477 682 
772: 146 220 769 775 928 
773: 233 556 790 
774: 31 163 238 733 846 
775: 38 283 300 772 776 
776: 672 775 777 958 
777: 217 776 783 907 
778: 60 318 334 505 
779: 388 605 827 
780: 107 296 439 445 
781: 282 755 910 
782: 227 265 543 624 891 
783: 555 777 784 869 
784: 672 783 787 
785: 56 881 
786: 428 812 950 979 
787: 415 784 791 
788: 41 203 230 273 276 
789: 4 13 291 327 910 
790: 104 490 543 716 773 
791: 539 626 787 794 
792: 351 728 
793: 32 132 210 402 426 
794: 183 537 791 797 976 
795: 181 202 267 496 
796: 268 342 859 936 953 
797: 97 188 311 794 798 
798: 225 797 799 807 902 
799: 460 798 800 
800: 46 799 802 
801: 70 137 163 199 884 
802: 512 529 800 803 
803: 588 802 804 
804: 159 803 805 
805: 500 653 804 807 821 
806: 236 387 431 955 
807: 44 311 798 805 808 
808: 169 510 807 810 
809: 100 484 615 917 
810: 250 640 808 811 
811: 393 810 814 852 
812: 119 337 786 983 
813: 189 230 
814: 454 811 820 929 
815: 126 522 564 950 962 
816: 154 846 866 914 971 
817: 304 362 513 695 
818: 411 575 605 651 726 
819: 9 211 607 725 992 
820: 150 179 692 814 821 
821: 313 573 805 820 826 
822: 119 244 246 609 890 
823: 17 101 402 569 622 
824: 307 408 953 992 
825: 154 421 546 830 930 
826: 746 821 831 
827: 487 779 940 
828: 53 148 185 213 829 
829: 6 587 828 844 960 
830: 144 654 825 908 
831: 826 832 876 
832: 94 302 376 831 834 
833: 349 488 622 879 
834: 832 836 
835: 92 93 274 911 
836: 133 834 837 
837: 836 838 
838: 837 839 
839: 621 762 838 840 
840: 184 839 842 
841: 451 570 571 
842: 840 843 942 
843: 416 842 847 
844: 666 707 829 975 
845: 57 322 348 714 727 
846: 181 565 774 816 922 
847: 195 630 843 850 
848: 208 235 577 
849: 231 274 287 297 397 
850: 62 116 187 847 851 
851: 20 850 852 
852: 500 746 811 851 853 
853: 12 224 416 852 854 
854: 113 536 641 853 855 
855: 122 425 620 854 858 
856: 69 343 544 593 870 
857: 331 388 479 671 716 
858: 406 610 855 860 924 
859: 310 495 659 796 880 
860: 196 261 858 861 
861: 389 518 550 860 863 
862: 511 582 971 991 
863: 861 864 
864: 38 198 442 863 868 
865: 189 615 887 
866: 478 669 698 709 816 
867: 95 207 227 387 634 
868: 470 864 869 921 
869: 300 783 868 872 970 
870: 68 210 484 856 891 
871: 132 698 720 738 908 
872: 139 458 869 873 935 
873: 81 191 492 872 876 
874: 66 67 
875: 317 991 
876: 162 650 831 873 878 
877: 106 276 289 383 990 
878: 876 882 
879: 334 432 685 733 833 
880: 859 898 
881: 154 422 671 756 785 
882: 180 673 878 883 
883: 292 641 882 889 
884: 223 801 919 
885: 144 688 
886: 438 699 
887: 91 865 915 
888: 335 432 978 
889: 36 533 883 892 
890: 66 544 597 822 
891: 308 398 782 870 950 
892: 410 596 889 893 
893: 229 759 892 894 944 
894: 749 893 897 928 
895: 210 342 981 
896: 384 447 599 933 
897: 228 427 456 894 899 
898: 452 459 567 880 972 
899: 103 524 897 900 927 
900: 39 899 901 
901: 125 509 617 900 902 
902: 798 901 904 
903: 106 273 633 991 
904: 650 683 902 907 
905: 171 577 723 922 941 
906: 154 190 360 486 
907: 295 406 777 904 918 
908: 144 411 635 830 871 
909: 304 355 603 
910: 493 781 789 936 977 
911: 445 491 835 
912: 101 126 448 
913: 206 276 418 495 616 
914: 219 365 816 
915: 177 307 513 603 887 
916: 95 256 482 920 937 
917: 342 809 
918: 907 921 
919: 78 258 884 
920: 48 78 118 569 916 
921: 150 868 918 924 
922: 268 473 846 905 998 
923: 357 464 484 571 740 
924: 858 921 927 
925: 182 477 522 965 
926: 331 530 608 720 
927: 625 899 924 928 976 
928: 772 894 927 929 
929: 46 395 814 928 932 
930: 293 825 983 
931: 33 175 384 941 
932: 424 443 613 929 934 
933: 516 896 
934: 536 573 932 935 
935: 415 872 934 938 
936: 319 332 624 796 910 
937: 289 306 574 768 916 
938: 2 501 935 942 
939: 182 265 397 452 464 
940: 345 579 719 827 
941: 91 469 905 931 982 
942: 71 613 842 938 943 
943: 401 596 942 944 986 
944: 160 637 893 943 946 
945: 41 733 990 
946: 425 944 947 976 
947: 112 656 657 946 951 
948: 6 95 
949: 49 374 768 953 
950: 7 631 786 815 891 
951: 504 617 670 947 956 
952: 106 207 418 632 
953: 359 576 796 824 949 
954: 134 329 407 632 
955: 153 579 582 806 977 
956: 146 368 497 951 957 
957: 174 749 769 956 958 
958: 776 957 963 
959: 322 398 594 
960: 123 199 685 829 962 
961: 119 288 611 624 
962: 138 770 815 960 
963: 99 958 964 
964: 218 356 419 963 968 
965: 64 107 320 654 925 
966: 208 286 434 731 
967: 202 318 493 552 614 
968: 204 480 711 964 969 
969: 968 970 
970: 869 969 973 
971: 259 816 862 
972: 245 357 511 898 984 
973: 970 976 
974: 85 464 487 
975: 45 487 707 844 
976: 794 927 946 973 980 
977: 185 214 691 910 955 
978: 175 351 590 888 
979: 340 360 473 786 
980: 113 173 382 976 985 
981: 247 551 621 660 895 
982: 70 309 433 476 941 
983: 363 812 930 
984: 397 642 651 706 972 
985: 980 986 
986: 472 670 943 985 988 
987: 609 743 
988: 88 165 429 986 993 
989: 396 477 686 745 
990: 132 315 745 877 945 
991: 615 862 875 903 
992: 244 343 819 824 
993: 598 988 994 
994: 558 993 995 
995: 12 15 994 996 
996: 271 330 758 995 999 
997: 181 329 355 576 681 
998: 27 175 485 714 922 
999: 290 367 413 625 996 
3