0: 207 813 
1: 177 287 398 418 994 
2: 3 4 257 
3: 2 4 261 333 
4: 2 3 5 445 
5: 4 7 
6: 101 360 373 459 657 
7: 5 8 794 955 
8: 7 9 356 532 
9: 8 10 83 162 
10: 9 12 775 794 914 
11: 316 332 380 721 727 
12: 10 13 18 42 637 
13: 12 14 402 
14: 13 16 
15: 41 173 591 843 890 
16: 14 18 
17: 322 398 586 592 638 
18: 12 16 19 341 351 
19: 18 21 59 236 762 
20: 172 345 671 
21: 19 25 470 840 
22: 58 117 813 
23: 28 188 525 849 878 
24: 211 544 550 803 907 
25: 21 26 497 862 
26: 25 27 
27: 26 29 77 425 756 
28: 23 197 339 881 
29: 27 33 431 
30: 420 787 789 
31: 168 270 820 
32: 38 179 304 524 546 
33: 29 34 401 423 877 
34: 33 40 624 922 
35: 151 184 187 790 
36: 124 313 340 482 
37: 73 179 247 863 
38: 32 216 229 
39: 365 740 924 926 990 
40: 34 42 286 440 
41: 15 434 487 
42: 12 40 45 838 
43: 148 362 860 
44: 118 197 377 773 897 
45: 42 47 388 
46: 143 512 898 
47: 45 48 162 432 826 
48: 47 49 
49: 48 50 91 
50: 49 53 262 428 
51: 300 320 340 449 
52: 87 516 
53: 50 54 279 351 631 
54: 53 56 75 726 
55: 313 363 547 623 
56: 54 57 
57: 56 59 326 856 
58: 22 267 518 823 852 
59: 19 57 60 771 
60: 59 65 206 959 
61: 106 332 349 411 866 
62: 160 218 320 515 867 
63: 807 981 
64: 167 174 695 850 889 
65: 60 66 
66: 65 67 685 915 
67: 66 69 415 786 
68: 168 498 782 854 
69: 67 70 404 545 816 
70: 69 74 291 412 630 
71: 777 803 924 
72: 231 542 695 978 
73: 37 92 156 365 615 
74: 70 75 293 899 
75: 54 74 76 561 985 
76: 75 77 260 
77: 27 76 79 
78: 146 602 705 852 
79: 77 80 
80: 79 81 988 
81: 80 82 83 704 
82: 81 83 527 
83: 9 81 82 84 243 
84: 83 85 90 
85: 84 86 519 628 848 
86: 85 88 562 
87: 52 92 345 547 905 
88: 86 90 864 970 993 
89: 214 309 812 
90: 84 88 91 185 
91: 49 90 93 347 578 
92: 73 87 640 694 917 
93: 91 94 308 809 
94: 93 96 470 706 991 
95: 149 755 884 969 
96: 94 97 397 632 822 
97: 96 98 219 233 
98: 97 102 154 
99: 238 309 547 605 790 
100: 416 836 
101: 6 267 514 567 705 
102: 98 104 
103: 132 457 554 
104: 102 107 682 
105: 625 829 843 887 986 
106: 61 413 926 
107: 104 108 569 904 
108: 107 109 354 391 394 
109: 108 113 569 
110: 227 228 275 482 953 
111: 371 880 
112: 255 320 442 557 649 
113: 109 114 178 248 596 
114: 113 116 248 568 
115: 228 429 833 917 
116: 114 119 224 570 
117: 22 313 413 854 966 
118: 44 673 833 
119: 116 120 252 286 993 
120: 119 123 469 688 
121: 147 161 438 602 640 
122: 177 362 650 928 
123: 120 125 974 
124: 36 213 629 694 
125: 123 126 348 443 
126: 125 128 324 775 
127: 194 307 591 
128: 126 133 530 
129: 277 526 842 
130: 487 588 709 772 930 
131: 419 745 853 
132: 103 157 422 493 
133: 128 134 334 403 875 
134: 133 137 678 
135: 563 671 855 859 894 
136: 187 277 729 748 953 
137: 134 138 761 879 937 
138: 137 139 952 
139: 138 140 659 724 914 
140: 139 145 321 
141: 272 441 476 
142: 263 304 601 806 808 
143: 46 364 430 493 910 
144: 191 803 878 
145: 140 150 302 523 885 
146: 78 585 635 716 897 
147: 121 430 508 732 960 
148: 43 441 638 646 799 
149: 95 220 386 600 781 
150: 145 152 165 343 
151: 35 169 396 615 
152: 150 154 163 659 
153: 242 358 541 586 699 
154: 98 152 158 491 
155: 493 529 552 587 939 
156: 73 232 492 883 
157: 132 225 358 380 918 
158: 154 159 549 
159: 158 162 
160: 62 161 307 505 
161: 121 160 385 997 
162: 9 47 159 163 233 
163: 152 162 164 171 473 
164: 163 165 494 818 
165: 150 164 166 
166: 165 170 768 
167: 64 198 214 863 
168: 31 68 238 965 
169: 151 298 396 692 
170: 166 171 
171: 163 170 175 658 
172: 20 426 846 
173: 15 301 515 
174: 64 265 585 927 930 
175: 171 176 
176: 175 178 571 678 
177: 1 122 647 676 833 
178: 113 176 180 783 977 
179: 32 37 597 894 
180: 178 182 802 
181: 304 520 718 741 
182: 180 183 403 475 946 
183: 182 185 387 607 
184: 35 371 749 890 
185: 90 183 186 286 908 
186: 185 189 528 778 
187: 35 136 246 298 819 
188: 23 285 746 997 
189: 186 192 
190: 546 560 829 
191: 144 654 668 752 
192: 189 196 249 481 
193: 393 430 514 664 
194: 127 378 450 808 
195: 237 361 380 424 541 
196: 192 199 519 788 
197: 28 44 419 722 734 
198: 167 429 781 994 
199: 196 200 447 754 
200: 199 201 404 558 857 
201: 200 202 528 620 909 
202: 201 204 342 395 690 
203: 399 567 727 
204: 202 205 437 455 511 
205: 204 206 215 372 494 
206: 60 205 208 762 
207: 0 581 
208: 206 210 243 368 979 
209: 450 893 953 999 
210: 208 215 856 
211: 24 229 283 715 842 
212: 683 691 911 
213: 124 389 859 
214: 89 167 417 
215: 205 210 217 
216: 38 458 728 804 863 
217: 215 219 
218: 62 226 498 790 962 
219: 97 217 221 312 701 
220: 149 518 772 808 
221: 219 222 310 372 561 
222: 221 223 252 282 672 
223: 222 224 428 593 824 
224: 116 223 230 844 
225: 157 315 349 827 966 
226: 218 890 
227: 110 477 683 999 
228: 110 115 433 623 635 
229: 38 211 366 745 883 
230: 224 233 
231: 72 621 755 817 976 
232: 156 273 696 792 981 
233: 97 162 230 234 
234: 233 235 631 977 
235: 234 236 472 
236: 19 235 240 381 
237: 195 832 
238: 99 168 386 671 
239: 442 709 892 917 
240: 236 243 328 609 753 
241: 396 602 623 769 
242: 153 405 729 795 
243: 83 208 240 244 
244: 243 245 
245: 244 248 443 653 712 
246: 187 411 709 770 
247: 37 361 639 793 
248: 113 114 245 249 569 
249: 192 248 250 902 
250: 249 251 
251: 250 252 439 844 916 
252: 119 222 251 256 937 
253: 377 462 770 897 961 
254: 520 676 732 
255: 112 364 760 947 
256: 252 257 485 672 915 
257: 2 256 258 731 
258: 257 260 
259: 542 636 
260: 76 258 261 
261: 3 260 262 814 
262: 50 261 264 463 837 
263: 142 556 740 891 
264: 262 268 321 
265: 174 434 823 858 940 
266: 433 727 
267: 58 101 363 623 823 
268: 264 269 582 
269: 268 274 489 
270: 31 692 789 
271: 503 738 834 
272: 141 669 738 821 927 
273: 232 801 944 
274: 269 276 483 
275: 110 622 894 956 
276: 274 279 992 
277: 129 136 
278: 510 684 691 734 867 
279: 53 276 281 522 762 
280: 418 420 782 
281: 279 282 607 610 
282: 222 281 284 743 977 
283: 211 285 357 405 858 
284: 282 286 
285: 188 283 460 694 999 
286: 40 119 185 284 288 
287: 1 975 
288: 286 290 412 
289: 416 619 645 981 
290: 288 291 742 870 
291: 70 290 292 
292: 291 293 545 558 780 
293: 74 292 294 
294: 293 296 656 922 971 
295: 458 581 
296: 294 297 
297: 296 302 955 984 
298: 169 187 850 
299: 732 785 841 882 966 
300: 51 405 414 
301: 173 398 399 567 
302: 145 297 305 382 873 
303: 392 889 
304: 32 142 181 564 645 
305: 302 306 346 851 
306: 305 308 467 662 869 
307: 127 160 377 888 891 
308: 93 306 310 
309: 89 99 583 745 930 
310: 221 308 311 
311: 310 312 370 
312: 219 311 317 
313: 36 55 117 542 812 
314: 525 557 806 
315: 225 526 804 876 942 
316: 11 421 446 577 896 
317: 312 318 480 641 869 
318: 317 321 661 862 
319: 852 861 965 
320: 51 62 112 421 
321: 140 264 318 323 497 
322: 17 766 911 
323: 321 324 
324: 126 323 325 
325: 324 326 933 
326: 57 325 328 486 848 
327: 668 997 
328: 240 326 330 511 
329: 331 639 797 
330: 328 333 903 
331: 329 414 692 
332: 11 61 360 581 
333: 3 330 334 337 778 
334: 133 333 335 
335: 334 336 531 701 
336: 335 337 765 800 964 
337: 333 336 338 454 
338: 337 341 656 
339: 28 344 424 591 
340: 36 51 446 647 881 
341: 18 338 342 574 775 
342: 202 341 343 753 
343: 150 342 346 571 707 
344: 339 371 760 766 918 
345: 20 87 
346: 305 343 347 431 756 
347: 91 346 348 697 765 
348: 125 347 350 467 825 
349: 61 225 547 940 
350: 348 351 
351: 18 53 350 352 356 
352: 351 354 559 811 
353: 725 865 943 
354: 108 352 355 551 594 
355: 354 356 
356: 8 351 355 359 885 
357: 283 398 419 639 945 
358: 153 157 721 819 927 
359: 356 367 
360: 6 332 
361: 195 247 797 
362: 43 122 409 636 918 
363: 55 267 482 669 738 
364: 143 255 446 515 834 
365: 39 73 417 575 975 
366: 229 462 573 748 
367: 359 368 
368: 208 367 370 404 985 
369: 378 418 458 613 660 
370: 311 368 372 875 
371: 111 184 344 619 686 
372: 205 221 370 374 490 
373: 6 399 845 
374: 372 379 579 931 991 
375: 426 817 962 
376: 666 853 
377: 44 253 307 457 945 
378: 194 369 797 
379: 374 381 415 
380: 11 157 195 416 
381: 236 379 382 788 906 
382: 302 381 383 403 816 
383: 382 384 435 
384: 383 387 562 582 958 
385: 161 534 565 725 
386: 149 238 599 819 
387: 183 384 388 561 689 
388: 45 387 390 895 
389: 213 702 727 
390: 388 391 530 868 
391: 108 390 394 
392: 303 408 453 619 
393: 193 739 750 845 865 
394: 108 391 395 397 796 
395: 202 394 397 768 
396: 151 169 241 411 773 
397: 96 394 395 400 923 
398: 1 17 301 357 907 
399: 203 301 373 841 
400: 397 401 440 837 868 
401: 33 400 402 672 950 
402: 13 401 403 
403: 133 182 382 402 404 
404: 69 200 368 403 406 
405: 242 283 300 525 557 
406: 404 407 689 
407: 406 412 479 630 633 
408: 392 668 674 785 976 
409: 362 429 755 
410: 550 892 
411: 61 246 396 804 887 
412: 70 288 407 415 536 
413: 106 117 588 836 989 
414: 300 331 434 550 853 
415: 67 379 412 423 644 
416: 100 289 380 649 
417: 214 365 603 636 670 
418: 1 280 369 577 
419: 131 197 357 476 564 
420: 30 280 681 692 755 
421: 316 320 626 878 901 
422: 132 898 
423: 33 415 425 455 
424: 195 339 621 
425: 27 423 427 530 786 
426: 172 375 597 625 657 
427: 425 428 596 
428: 50 223 427 431 988 
429: 115 198 409 986 
430: 143 147 193 770 795 
431: 29 346 428 432 868 
432: 47 431 435 810 874 
433: 228 266 498 619 673 
434: 41 265 414 
435: 383 432 436 461 
436: 435 437 620 814 870 
437: 204 436 439 988 
438: 121 585 727 829 
439: 251 437 440 522 
440: 40 400 439 443 
441: 141 148 664 799 
442: 112 239 460 492 670 
443: 125 245 440 445 598 
444: 451 679 803 
445: 4 443 447 470 759 
446: 316 340 364 889 905 
447: 199 445 448 
448: 447 452 568 982 
449: 51 451 945 989 
450: 194 209 947 
451: 444 449 581 
452: 448 454 713 
453: 392 478 501 666 732 
454: 337 452 455 533 
455: 204 423 454 456 935 
456: 455 461 632 934 967 
457: 103 377 
458: 216 295 369 603 928 
459: 6 500 614 695 901 
460: 285 442 827 942 
461: 435 456 463 604 
462: 253 366 500 773 907 
463: 262 461 464 682 802 
464: 463 465 824 
465: 464 466 678 771 
466: 465 467 
467: 306 348 466 469 568 
468: 534 986 
469: 120 467 470 
470: 21 94 445 469 471 
471: 470 472 744 
472: 235 471 473 589 949 
473: 163 472 474 
474: 473 475 693 933 
475: 182 474 479 631 667 
476: 141 419 645 942 975 
477: 227 575 
478: 453 675 813 
479: 407 475 480 972 995 
480: 317 479 481 549 800 
481: 192 480 483 
482: 36 110 363 
483: 274 481 485 982 
484: 573 647 805 
485: 256 483 486 661 980 
486: 326 485 488 
487: 41 130 691 882 
488: 486 489 830 
489: 269 488 490 665 
490: 372 489 491 559 
491: 154 490 494 
492: 156 442 573 639 
493: 132 143 155 599 901 
494: 164 205 491 495 972 
495: 494 496 633 667 761 
496: 495 497 
497: 25 321 496 499 
498: 68 218 433 500 853 
499: 497 504 584 630 
500: 459 462 498 636 
501: 453 585 729 953 
502: 686 852 
503: 271 526 663 
504: 499 509 
505: 160 859 
506: 552 674 680 
507: 735 801 834 
508: 147 618 998 
509: 504 511 963 
510: 278 715 905 
511: 204 328 509 513 903 
512: 46 755 872 
513: 511 517 
514: 101 193 529 773 886 
515: 62 173 364 575 640 
516: 52 642 808 943 
517: 513 519 
518: 58 220 847 
519: 85 196 517 521 957 
520: 181 254 728 
521: 519 522 906 
522: 279 439 521 523 774 
523: 145 522 527 532 
524: 32 647 855 966 
525: 23 314 405 563 821 
526: 129 315 503 613 944 
527: 82 523 528 634 
528: 186 201 527 530 637 
529: 155 514 676 735 930 
530: 128 390 425 528 531 
531: 335 530 532 
532: 8 523 531 533 607 
533: 454 532 535 857 963 
534: 385 468 585 
535: 533 536 548 954 
536: 412 535 538 703 
537: 563 588 981 
538: 536 543 643 967 
539: 595 668 736 
540: 750 834 
541: 153 195 591 787 
542: 72 259 313 567 
543: 538 545 828 932 
544: 24 698 
545: 69 292 543 548 946 
546: 32 190 863 
547: 55 87 99 349 792 
548: 535 545 549 
549: 158 480 548 551 
550: 24 410 414 586 836 
551: 354 549 558 811 913 
552: 155 506 739 
553: 684 890 900 
554: 103 655 
555: 750 760 785 
556: 263 565 776 798 898 
557: 112 314 405 
558: 200 292 551 559 
559: 352 490 558 561 
560: 190 646 770 841 
561: 75 221 387 559 562 
562: 86 384 561 566 758 
563: 135 525 537 944 
564: 304 419 635 675 884 
565: 385 556 650 664 876 
566: 562 568 811 874 952 
567: 101 203 301 542 696 
568: 114 448 467 566 569 
569: 107 109 248 568 570 
570: 116 569 571 723 915 
571: 176 343 570 572 923 
572: 571 574 
573: 366 484 492 721 
574: 341 572 576 877 
575: 365 477 515 
576: 574 578 916 
577: 316 418 721 790 798 
578: 91 576 579 791 
579: 374 578 580 794 972 
580: 579 582 593 875 
581: 207 295 332 451 757 
582: 268 384 580 584 589 
583: 309 669 855 
584: 499 582 589 
585: 146 174 438 501 534 
586: 17 153 550 805 
587: 155 638 807 829 
588: 130 413 537 
589: 472 582 584 590 
590: 589 593 624 783 
591: 15 127 339 541 766 
592: 17 725 808 842 
593: 223 580 590 594 935 
594: 354 593 596 
595: 539 940 976 
596: 113 427 594 598 753 
597: 179 426 625 640 886 
598: 443 596 604 879 
599: 386 493 
600: 149 621 823 
601: 142 645 880 968 
602: 78 121 241 691 945 
603: 417 458 815 827 
604: 461 598 607 
605: 99 626 649 817 986 
606: 619 799 887 900 944 
607: 183 281 532 604 608 
608: 607 609 864 
609: 240 608 610 934 
610: 281 609 611 814 
611: 610 617 659 687 857 
612: 722 757 882 
613: 369 526 833 
614: 459 736 893 
615: 73 151 616 793 
616: 615 804 
617: 611 620 
618: 508 717 793 940 
619: 289 371 392 433 606 
620: 201 436 617 624 871 
621: 231 424 600 716 749 
622: 275 642 893 939 
623: 55 228 241 267 888 
624: 34 590 620 627 
625: 105 426 597 649 683 
626: 421 605 655 708 834 
627: 624 628 643 912 
628: 85 627 630 796 909 
629: 124 781 998 
630: 70 407 499 628 631 
631: 53 234 475 630 632 
632: 96 456 631 633 634 
633: 407 495 632 634 
634: 527 632 633 637 
635: 146 228 564 739 842 
636: 259 362 417 500 
637: 12 528 634 641 919 
638: 17 148 587 698 820 
639: 247 329 357 492 905 
640: 92 121 515 597 649 
641: 317 637 643 768 
642: 516 622 956 961 
643: 538 627 641 644 693 
644: 415 643 648 
645: 289 304 476 601 821 
646: 148 560 738 867 939 
647: 177 340 484 524 669 
648: 644 651 
649: 112 416 605 625 640 
650: 122 565 694 865 
651: 648 652 920 929 
652: 651 653 
653: 245 652 656 
654: 191 666 813 997 
655: 554 626 698 
656: 294 338 653 658 751 
657: 6 426 976 
658: 171 656 659 
659: 139 152 611 658 661 
660: 369 813 843 975 
661: 318 485 659 662 
662: 306 661 665 724 948 
663: 503 709 
664: 193 441 565 953 994 
665: 489 662 667 779 984 
666: 376 453 654 676 679 
667: 475 495 665 672 779 
668: 191 327 408 539 722 
669: 272 363 583 647 702 
670: 417 442 861 966 990 
671: 20 135 238 734 888 
672: 222 256 401 667 677 
673: 118 433 
674: 408 506 716 722 
675: 478 564 
676: 177 254 529 666 
677: 672 678 
678: 134 176 465 677 682 
679: 444 666 741 
680: 506 683 781 866 918 
681: 420 738 
682: 104 463 678 685 987 
683: 212 227 625 680 
684: 278 553 692 777 
685: 66 682 687 774 
686: 371 502 
687: 611 685 688 765 948 
688: 120 687 689 
689: 387 406 688 690 
690: 202 689 693 959 985 
691: 212 278 487 602 777 
692: 169 270 331 420 684 
693: 474 643 690 697 
694: 92 124 285 650 990 
695: 64 72 459 836 894 
696: 232 567 718 854 889 
697: 347 693 700 902 
698: 544 638 655 764 
699: 153 928 967 
700: 697 701 862 919 
701: 219 335 700 703 
702: 389 669 894 
703: 536 701 704 957 
704: 81 703 706 723 788 
705: 78 101 989 
706: 94 704 707 
707: 343 706 710 899 959 
708: 626 749 969 
709: 130 239 246 663 956 
710: 707 711 914 
711: 710 712 
712: 245 711 713 
713: 452 712 714 
714: 713 719 742 
715: 211 510 998 
716: 146 621 674 940 975 
717: 618 741 777 853 
718: 181 696 827 858 
719: 714 720 971 
720: 719 723 778 
721: 11 358 573 577 748 
722: 197 612 668 674 832 
723: 570 704 720 724 
724: 139 662 723 726 941 
725: 353 385 592 861 
726: 54 724 731 
727: 11 203 266 389 438 
728: 216 520 836 860 
729: 136 242 501 734 855 
730: 795 907 
731: 257 726 733 873 
732: 147 254 299 453 766 
733: 731 737 743 
734: 197 278 671 729 
735: 507 529 766 989 
736: 539 614 746 998 
737: 733 742 
738: 271 272 363 646 681 
739: 393 552 635 746 823 
740: 39 263 884 886 
741: 181 679 717 866 
742: 290 714 737 743 810 
743: 282 733 742 744 
744: 471 743 747 
745: 131 229 309 965 
746: 188 736 739 797 978 
747: 744 751 
748: 136 366 721 782 793 
749: 184 621 708 860 924 
750: 393 540 555 792 
751: 656 747 753 906 980 
752: 191 806 845 
753: 240 342 596 751 754 
754: 199 753 756 802 
755: 95 231 409 420 512 
756: 27 346 754 758 761 
757: 581 612 
758: 562 756 759 
759: 445 758 761 920 
760: 255 344 555 817 
761: 137 495 756 759 762 
762: 19 206 279 761 763 
763: 762 765 
764: 698 798 820 947 
765: 336 347 687 763 767 
766: 322 344 591 732 735 
767: 765 768 
768: 166 395 641 767 771 
769: 241 847 854 
770: 246 253 430 560 804 
771: 59 465 768 774 
772: 130 220 815 849 
773: 44 396 462 514 801 
774: 522 685 771 775 
775: 10 126 341 774 778 
776: 556 945 
777: 71 684 691 717 
778: 186 333 720 775 779 
779: 665 667 778 780 
780: 292 779 783 
781: 149 198 629 680 
782: 68 280 748 827 855 
783: 178 590 780 784 
784: 783 786 840 936 974 
785: 299 408 555 819 883 
786: 67 425 784 788 
787: 30 541 
788: 196 381 704 786 791 
789: 30 270 797 880 
790: 35 99 218 577 
791: 578 788 794 
792: 232 547 750 896 956 
793: 247 615 618 748 
794: 7 10 579 791 796 
795: 242 430 730 968 
796: 394 628 794 800 963 
797: 329 361 378 746 789 
798: 556 577 764 
799: 148 441 606 865 
800: 336 480 796 802 
801: 273 507 773 896 986 
802: 180 463 754 800 809 
803: 24 71 144 444 968 
804: 216 315 411 616 770 
805: 484 586 858 
806: 142 314 752 
807: 63 587 
808: 142 194 220 516 592 
809: 93 802 810 828 903 
810: 432 742 809 811 921 
811: 352 551 566 810 814 
812: 89 313 876 
813: 0 22 478 654 660 
814: 261 436 610 811 816 
815: 603 772 
816: 69 382 814 818 
817: 231 375 605 760 
818: 164 816 822 
819: 187 358 386 785 968 
820: 31 638 764 849 860 
821: 272 525 645 850 
822: 96 818 824 
823: 58 265 267 600 739 
824: 223 464 822 825 
825: 348 824 826 
826: 47 825 828 
827: 225 460 603 718 782 
828: 543 809 826 830 923 
829: 105 190 438 587 
830: 488 828 831 
831: 830 835 
832: 237 722 930 
833: 115 118 177 613 
834: 271 364 507 540 626 
835: 831 837 864 
836: 100 413 550 695 728 
837: 262 400 835 838 992 
838: 42 837 839 
839: 838 840 
840: 21 784 839 844 
841: 299 399 560 978 999 
842: 129 211 592 635 854 
843: 15 105 660 
844: 224 251 840 848 
845: 373 393 752 
846: 172 960 
847: 518 769 918 947 
848: 85 326 844 851 971 
849: 23 772 820 905 978 
850: 64 298 821 
851: 305 848 856 
852: 58 78 319 502 890 
853: 131 376 414 498 717 
854: 68 117 696 769 842 
855: 135 524 583 729 782 
856: 57 210 851 857 
857: 200 533 611 856 862 
858: 265 283 718 805 
859: 135 213 505 
860: 43 728 749 820 
861: 319 670 725 876 
862: 25 318 700 857 864 
863: 37 167 216 546 960 
864: 88 608 835 862 868 
865: 353 393 650 799 883 
866: 61 680 741 
867: 62 278 646 
868: 390 400 431 864 869 
869: 306 317 868 870 
870: 290 436 869 871 936 
871: 620 870 873 
872: 512 926 
873: 302 731 871 874 969 
874: 432 566 873 875 
875: 133 370 580 874 877 
876: 315 565 812 861 943 
877: 33 574 875 879 919 
878: 23 144 421 907 
879: 137 598 877 885 
880: 111 601 789 898 
881: 28 340 891 
882: 299 487 612 917 
883: 156 229 785 865 961 
884: 95 564 740 
885: 145 356 879 895 995 
886: 514 597 740 
887: 105 411 606 
888: 307 623 671 
889: 64 303 446 696 
890: 15 184 226 553 852 
891: 263 307 881 
892: 239 410 
893: 209 614 622 999 
894: 135 179 275 695 702 
895: 388 885 899 
896: 316 792 801 
897: 44 146 253 927 947 
898: 46 422 556 880 
899: 74 707 895 902 
900: 553 606 998 
901: 421 459 493 956 
902: 249 697 899 903 995 
903: 330 511 809 902 904 
904: 107 903 906 
905: 87 446 510 639 849 
906: 381 521 751 904 908 
907: 24 398 462 730 878 
908: 185 906 909 
909: 201 628 908 912 
910: 143 994 
911: 212 322 
912: 627 909 913 
913: 551 912 914 992 
914: 10 139 710 913 915 
915: 66 256 570 914 916 
916: 251 576 915 919 
917: 92 115 239 882 
918: 157 344 362 680 847 
919: 637 700 877 916 920 
920: 651 759 919 921 
921: 810 920 922 941 
922: 34 294 921 923 941 
923: 397 571 828 922 925 
924: 39 71 749 
925: 923 929 
926: 39 106 872 
927: 174 272 358 897 928 
928: 122 458 699 927 
929: 651 925 931 980 982 
930: 130 174 309 529 832 
931: 374 929 932 
932: 543 931 933 991 
933: 325 474 932 934 987 
934: 456 609 933 935 
935: 455 593 934 936 
936: 784 870 935 937 
937: 137 252 936 938 955 
938: 937 941 
939: 155 622 646 
940: 265 349 595 618 716 
941: 724 921 922 938 946 
942: 315 460 476 
943: 353 516 876 965 
944: 273 526 563 606 960 
945: 357 377 449 602 776 
946: 182 545 941 948 
947: 255 450 764 847 897 
948: 662 687 946 949 
949: 472 948 950 
950: 401 949 951 
951: 950 952 
952: 138 566 951 954 970 
953: 110 136 209 501 664 
954: 535 952 955 
955: 7 297 937 954 957 
956: 275 642 709 792 901 
957: 519 703 955 958 
958: 384 957 959 
959: 60 690 707 958 963 
960: 147 846 863 944 
961: 253 642 883 962 
962: 218 375 961 
963: 509 533 796 959 964 
964: 336 963 967 
965: 168 319 745 943 
966: 117 225 299 524 670 
967: 456 538 699 964 970 
968: 601 795 803 819 978 
969: 95 708 873 
970: 88 952 967 971 
971: 294 719 848 970 972 
972: 479 494 579 971 973 
973: 972 974 
974: 123 784 973 977 987 
975: 287 365 476 660 716 
976: 231 408 595 657 
977: 178 234 282 974 979 
978: 72 746 841 849 968 
979: 208 977 980 
980: 485 751 929 979 982 
981: 63 232 289 537 
982: 448 483 929 980 983 
983: 982 984 
984: 297 665 983 985 
985: 75 368 690 984 987 
986: 105 429 468 605 801 
987: 682 933 974 985 988 
988: 80 428 437 987 991 
989: 413 449 705 735 
990: 39 670 694 
991: 94 374 932 988 992 
992: 276 837 913 991 993 
993: 88 119 992 995 
994: 1 198 664 910 
995: 479 885 902 993 996 
996: 995 
997: 161 188 327 654 
998: 508 629 715 736 900 
999: 209 227 285 841 893 
2