0: 100 187 
1: 2 
2: 1 3 54 
3: 2 6 
4: 39 49 169 171 
5: 25 125 168 
6: 3 9 
7: 130 190 
8: 10 41 74 199 
9: 6 10 
10: 8 9 13 128 185 
11: 102 131 
12: 44 88 133 
13: 10 16 
14: 129 164 
15: 110 148 
16: 13 18 
17: 22 98 123 124 152 
18: 16 19 
19: 18 21 
20: 146 162 187 
21: 19 22 
22: 17 21 24 
23: 78 154 
24: 22 29 
25: 5 112 171 
26: 28 78 
27: 59 77 106 143 
28: 26 109 120 147 
29: 24 30 
30: 29 31 
31: 30 32 
32: 31 33 
33: 32 34 
34: 33 37 96 115 171 
35: 109 118 
36: 98 174 178 
37: 34 40 109 
38: 41 57 64 89 186 
39: 4 81 
40: 37 41 118 
41: 8 38 40 42 
42: 41 43 
43: 42 45 
44: 12 122 154 
45: 43 46 110 
46: 45 47 
47: 46 48 
48: 47 50 
49: 4 73 77 121 128 
50: 48 51 
51: 50 53 
52: 141 171 
53: 51 55 
54: 2 69 87 88 
55: 53 56 85 177 
56: 55 57 
57: 38 56 58 190 
58: 57 60 
59: 27 146 
60: 58 61 
61: 60 62 
62: 61 63 
63: 62 68 
64: 38 69 
65: 136 146 164 173 193 
66: 107 138 165 
67: 133 159 163 
68: 63 71 
69: 54 64 138 
70: 80 194 
71: 68 73 
72: 129 130 
73: 49 71 79 
74: 8 123 125 
75: 98 127 
76: 77 177 
77: 27 49 76 
78: 23 26 86 
79: 73 83 
80: 70 157 
81: 39 85 182 
82: 101 108 
83: 79 90 157 
84: 122 177 
85: 55 81 100 183 
86: 78 128 185 
87: 54 112 199 
88: 12 54 187 
89: 38 199 
90: 83 91 
91: 90 93 
92: 139 188 
93: 91 94 
94: 93 95 143 
95: 94 97 
96: 34 169 173 
97: 95 99 
98: 17 36 75 168 
99: 97 103 124 
100: 0 85 127 
101: 82 131 
102: 11 165 
103: 99 104 
104: 103 106 
105: 107 186 
106: 27 104 111 
107: 66 105 112 
108: 82 141 
109: 28 35 37 
110: 15 45 118 149 
111: 106 113 
112: 25 87 107 153 
113: 111 114 
114: 113 117 
115: 34 126 150 198 
116: 143 
117: 114 119 
118: 35 40 110 
119: 117 120 133 
120: 28 119 132 
121: 49 187 
122: 44 84 
123: 17 74 185 187 
124: 17 99 188 
125: 5 74 149 157 
126: 115 178 
127: 75 100 190 
128: 10 49 86 
129: 14 72 
130: 7 72 
131: 11 101 146 182 
132: 120 134 
133: 12 67 119 
134: 132 135 
135: 134 136 
136: 65 135 137 
137: 136 140 
138: 66 69 175 
139: 92 153 
140: 137 142 
141: 52 108 
142: 140 144 
143: 27 94 116 166 186 
144: 142 145 163 
145: 144 147 
146: 20 59 65 131 
147: 28 145 149 
148: 15 198 
149: 110 125 147 150 
150: 115 149 151 163 
151: 150 152 
152: 17 151 155 
153: 112 139 
154: 23 44 
155: 152 156 
156: 155 158 
157: 80 83 125 
158: 156 159 
159: 67 158 160 
160: 159 161 
161: 160 162 
162: 20 161 166 
163: 67 144 150 175 
164: 14 65 
165: 66 102 
166: 143 162 167 
167: 166 168 
168: 5 98 167 170 
169: 4 96 
170: 168 172 
171: 4 25 34 52 
172: 170 176 
173: 65 96 
174: 36 194 
175: 138 163 
176: 172 179 
177: 55 76 84 
178: 36 126 
179: 176 180 
180: 179 181 
181: 180 182 
182: 81 131 181 183 
183: 85 182 184 
184: 183 189 
185: 10 86 123 
186: 38 105 143 
187: 0 20 88 121 123 
188: 92 124 
189: 184 191 
190: 7 57 127 
191: 189 192 
192: 191 193 
193: 65 192 195 
194: 70 174 
195: 193 196 
196: 195 197 
197: 196 
198: 115 148 
199: 8 87 89 
41