0: 30 118 177 
1: 4 
2: 10 112 
3: 160 165 192 
4: 1 5 
5: 4 6 
6: 5 12 
7: 124 183 
8: 53 180 
9: 21 40 96 121 
10: 2 161 165 
11: 45 101 126 
12: 6 14 
13: 130 188 
14: 12 17 186 
15: 73 113 175 
16: 51 146 177 
17: 14 19 
18: 38 67 121 
19: 17 20 
20: 19 22 187 
21: 9 135 
22: 20 23 
23: 22 24 
24: 23 26 151 
25: 174 180 
26: 24 27 
27: 26 28 
28: 27 29 
29: 28 31 
30: 0 46 193 
31: 29 34 37 
32: 109 112 153 
33: 87 126 
34: 31 40 73 113 
35: 38 186 192 
36: 151 193 
37: 31 66 151 
38: 18 35 129 190 
39: 73 197 
40: 9 34 43 
41: 108 159 
42: 74 87 97 177 
43: 40 44 
44: 43 49 
45: 11 185 
46: 30 56 172 
47: 58 65 106 
48: 56 58 153 
49: 44 50 
50: 49 55 
51: 16 131 141 155 
52: 110 124 
53: 8 113 185 
54: 167 173 
55: 50 59 197 
56: 46 48 78 194 
57: 66 190 
58: 47 48 
59: 55 60 192 
60: 59 61 
61: 60 63 155 
62: 148 155 
63: 61 64 
64: 63 66 68 
65: 47 155 
66: 37 57 64 
67: 18 135 187 
68: 64 69 
69: 68 71 
70: 82 113 116 127 
71: 69 72 
72: 71 74 185 
73: 15 34 39 150 
74: 42 72 75 153 
75: 74 77 
76: 138 159 
77: 75 78 165 191 
78: 56 77 79 143 
79: 78 80 138 
80: 79 81 
81: 80 83 112 
82: 70 97 
83: 81 84 138 
84: 83 86 
85: 169 196 
86: 84 88 
87: 33 42 
88: 86 89 
89: 88 90 168 
90: 89 91 180 
91: 90 92 
92: 91 93 
93: 92 95 
94: 120 179 194 
95: 93 96 
96: 9 95 98 
97: 42 82 153 168 
98: 96 99 
99: 98 100 109 
100: 99 102 
101: 11 188 
102: 100 103 
103: 102 104 
104: 103 106 
105: 118 184 
106: 47 104 107 
107: 106 111 
108: 41 172 
109: 32 99 156 162 195 
110: 52 127 176 
111: 107 114 
112: 2 32 81 133 167 
113: 15 34 53 70 116 
114: 111 115 
115: 114 117 
116: 70 113 119 187 
117: 115 119 
118: 0 105 
119: 116 117 120 
120: 94 119 122 
121: 9 18 
122: 120 125 
123: 131 143 
124: 7 52 196 
125: 122 128 
126: 11 33 136 
127: 70 110 
128: 125 132 
129: 38 148 
130: 13 143 
131: 51 123 
132: 128 133 
133: 112 132 134 
134: 133 137 
135: 21 67 189 
136: 126 191 
137: 134 139 
138: 76 79 83 152 
139: 137 140 
140: 139 141 
141: 51 140 142 
142: 141 144 190 
143: 78 123 130 
144: 142 145 
145: 144 146 
146: 16 145 147 
147: 146 149 
148: 62 129 
149: 147 150 
150: 73 149 154 
151: 24 36 37 158 
152: 138 174 
153: 32 48 74 97 190 
154: 150 157 
155: 51 61 62 65 
156: 109 183 
157: 154 161 
158: 151 179 192 
159: 41 76 186 
160: 3 197 
161: 10 157 162 
162: 109 161 163 
163: 162 164 
164: 163 166 
165: 3 10 77 
166: 164 170 
167: 54 112 
168: 89 97 194 196 
169: 85 191 
170: 166 171 194 
171: 170 175 
172: 46 108 
173: 54 
174: 25 152 
175: 15 171 176 190 
176: 110 175 178 
177: 0 16 42 
178: 176 181 
179: 94 158 
180: 8 25 90 
181: 178 182 
182: 181 189 
183: 7 156 199 
184: 105 186 
185: 45 53 72 187 
186: 14 35 159 184 
187: 20 67 116 185 
188: 13 101 
189: 135 182 192 195 
190: 38 57 142 153 175 
191: 77 136 169 
192: 3 35 59 158 189 
193: 30 36 
194: 56 94 168 170 
195: 109 189 198 
196: 85 124 168 
197: 39 55 160 
198: 195 199 
199: 183 198 
43