0: 2 64 
1: 14 129 153 170 
2: 0 4 
3: 40 76 114 124 125 
4: 2 5 
5: 4 6 75 
6: 5 7 
7: 6 8 168 
8: 7 10 163 
9: 52 125 176 
10: 8 11 
11: 10 13 
12: 61 171 180 
13: 11 18 
14: 1 144 170 173 
15: 50 78 95 182 186 
16: 29 116 190 198 
17: 173 189 196 
18: 13 19 
19: 18 20 
20: 19 21 33 122 
21: 20 24 82 
22: 51 70 182 
23: 43 69 112 118 130 
24: 21 26 
25: 108 120 196 
26: 24 28 
27: 51 129 156 187 
28: 26 30 
29: 16 51 64 
30: 28 34 
31: 124 126 167 
32: 87 116 
33: 20 46 75 160 
34: 30 36 
35: 82 114 143 
36: 34 39 
37: 54 94 114 181 
38: 60 90 142 168 
39: 36 41 180 
40: 3 74 124 153 
41: 39 42 
42: 41 44 
43: 23 72 95 111 
44: 42 47 
45: 79 113 119 126 171 
46: 33 48 84 102 128 
47: 44 48 
48: 46 47 49 52 196 
49: 48 55 
50: 15 136 168 176 
51: 22 27 29 173 
52: 9 48 67 96 
53: 62 78 151 
54: 37 65 104 114 130 
55: 49 56 
56: 55 57 
57: 56 59 
58: 70 104 174 181 198 
59: 57 60 
60: 38 59 68 
61: 12 65 102 149 176 
62: 53 64 76 
63: 74 101 111 
64: 0 29 62 66 82 
65: 54 61 81 107 151 
66: 64 79 118 119 
67: 52 126 
68: 60 71 
69: 23 79 166 184 197 
70: 22 58 81 112 151 
71: 68 77 78 
72: 43 92 127 144 
73: 75 124 146 173 193 
74: 40 63 
75: 5 33 73 104 
76: 3 62 108 193 
77: 71 85 
78: 15 53 71 79 134 
79: 45 66 69 78 143 
80: 111 119 174 192 
81: 65 70 
82: 21 35 64 111 
83: 151 167 
84: 46 125 142 176 195 
85: 77 86 
86: 85 88 143 
87: 32 107 
88: 86 89 
89: 88 90 
90: 38 89 91 
91: 90 93 129 
92: 72 134 146 
93: 91 94 
94: 37 93 96 
95: 15 43 163 
96: 52 94 97 153 
97: 96 98 127 
98: 97 99 
99: 98 100 
100: 99 103 
101: 63 184 192 
102: 46 61 126 127 180 
103: 100 105 
104: 54 58 75 
105: 103 106 
106: 105 109 167 
107: 65 87 132 
108: 25 76 199 
109: 106 110 
110: 109 115 
111: 43 63 80 82 122 
112: 23 70 122 139 
113: 45 130 
114: 3 35 37 54 119 
115: 110 117 166 
116: 16 32 134 153 198 
117: 115 120 
118: 23 66 168 192 
119: 45 66 80 114 186 
120: 25 117 121 
121: 120 123 
122: 20 111 112 163 167 
123: 121 127 128 
124: 3 31 40 73 
125: 3 9 84 126 170 
126: 31 45 67 102 125 
127: 72 97 102 123 181 
128: 46 123 131 
129: 1 27 91 
130: 23 54 113 
131: 128 132 
132: 107 131 133 
133: 132 135 
134: 78 92 116 139 
135: 133 136 
136: 50 135 137 186 
137: 136 138 
138: 137 140 
139: 112 134 167 192 
140: 138 141 
141: 140 145 
142: 38 84 174 
143: 35 79 86 146 
144: 14 72 199 
145: 141 148 
146: 73 92 143 175 193 
147: 170 192 
148: 145 150 
149: 61 180 
150: 148 152 
151: 53 65 70 83 
152: 150 154 
153: 1 40 96 116 
154: 152 155 
155: 154 156 184 
156: 27 155 157 
157: 156 158 
158: 157 159 
159: 158 160 
160: 33 159 161 
161: 160 162 174 
162: 161 164 
163: 8 95 122 
164: 162 165 
165: 164 169 
166: 69 115 181 
167: 31 83 106 122 139 
168: 7 38 50 118 176 
169: 165 172 
170: 1 14 125 147 
171: 12 45 
172: 169 175 
173: 14 17 51 73 
174: 58 80 142 161 180 
175: 146 172 177 
176: 9 50 61 84 168 
177: 175 178 
178: 177 179 
179: 178 183 196 
180: 12 39 102 149 174 
181: 37 58 127 166 
182: 15 22 
183: 179 185 
184: 69 101 155 
185: 183 187 
186: 15 119 136 
187: 27 185 188 
188: 187 189 
189: 17 188 190 
190: 16 189 191 
191: 190 193 
192: 80 101 118 139 147 
193: 73 76 146 191 194 
194: 193 195 
195: 84 194 197 
196: 17 25 48 179 
197: 69 195 
198: 16 58 116 
199: 108 144 
42