0: 26 130 154 167 172 
1: 6 103 
2: 48 147 150 
3: 8 197 
4: 24 63 
5: 18 141 153 
6: 1 10 
7: 8 30 143 153 154 
8: 3 7 151 158 
9: 46 109 158 170 
10: 6 12 
11: 18 22 69 197 
12: 10 13 
13: 12 14 
14: 13 15 
15: 14 16 
16: 15 20 
17: 49 53 120 154 176 
18: 5 11 74 
19: 81 145 162 198 
20: 16 21 167 
21: 20 27 36 
22: 11 59 78 194 
23: 36 48 67 70 97 
24: 4 85 93 128 184 
25: 56 94 129 170 190 
26: 0 31 59 129 142 
27: 21 29 167 
28: 33 53 85 116 162 
29: 27 32 
30: 7 109 126 
31: 26 81 82 133 187 
32: 29 34 
33: 28 103 
34: 32 35 43 98 150 
35: 34 36 37 
36: 21 23 35 47 77 
37: 35 38 
38: 37 39 
39: 38 40 170 
40: 39 42 158 
41: 90 97 100 110 164 
42: 40 44 51 198 
43: 34 57 87 122 
44: 42 45 
45: 44 46 
46: 9 45 50 
47: 36 70 151 
48: 2 23 114 167 
49: 17 64 75 
50: 46 52 
51: 42 77 87 159 190 
52: 50 53 
53: 17 28 52 54 188 
54: 53 55 
55: 54 57 
56: 25 70 78 141 
57: 43 55 58 63 
58: 57 60 
59: 22 26 131 
60: 58 61 
61: 60 64 128 
62: 109 132 
63: 4 57 103 180 181 
64: 49 61 65 
65: 64 66 
66: 65 68 
67: 23 114 120 197 198 
68: 66 69 93 180 
69: 11 68 71 
70: 23 47 56 90 
71: 69 72 
72: 71 73 
73: 72 76 
74: 18 153 178 187 192 
75: 49 83 103 120 153 
76: 73 79 
77: 36 51 100 154 159 
78: 22 56 96 97 121 
79: 76 81 
80: 87 129 130 138 174 
81: 19 31 79 82 
82: 31 81 84 
83: 75 111 123 
84: 82 86 139 
85: 24 28 110 128 139 
86: 84 88 
87: 43 51 80 116 
88: 86 89 
89: 88 91 
90: 41 70 122 153 190 
91: 89 92 
92: 91 94 
93: 24 68 193 
94: 25 92 95 132 
95: 94 99 139 
96: 78 132 146 158 188 
97: 23 41 78 
98: 34 121 131 152 
99: 95 101 
100: 41 77 159 176 181 
101: 99 102 
102: 101 104 
103: 1 33 63 75 
104: 102 106 
105: 116 148 187 
106: 104 107 
107: 106 108 
108: 107 111 
109: 9 30 62 110 121 
110: 41 85 109 162 
111: 83 108 112 126 
112: 111 113 
113: 112 115 
114: 48 67 135 143 187 
115: 113 117 188 
116: 28 87 105 
117: 115 118 
118: 117 119 126 
119: 118 124 
120: 17 67 75 151 164 
121: 78 98 109 142 171 
122: 43 90 139 159 180 
123: 83 143 148 
124: 119 125 
125: 124 127 
126: 30 111 118 127 181 
127: 125 126 134 
128: 24 61 85 129 174 
129: 25 26 80 128 161 
130: 0 80 141 142 146 
131: 59 98 148 
132: 62 94 96 152 193 
133: 31 158 181 192 
134: 127 136 
135: 114 176 179 197 
136: 134 137 
137: 136 138 
138: 80 137 140 
139: 84 85 95 122 167 
140: 138 144 
141: 5 56 130 174 192 
142: 26 121 130 147 170 
143: 7 114 123 
144: 140 145 
145: 19 144 149 
146: 96 130 148 151 162 
147: 2 142 150 174 184 
148: 105 123 131 146 192 
149: 145 155 
150: 2 34 147 172 174 
151: 8 47 120 146 154 
152: 98 132 190 
153: 5 7 74 75 90 
154: 0 7 17 77 151 
155: 149 156 
156: 155 157 171 
157: 156 160 
158: 8 9 40 96 133 
159: 51 77 100 122 193 
160: 157 163 
161: 129 190 
162: 19 28 110 146 193 
163: 160 165 
164: 41 120 171 180 
165: 163 166 
166: 165 168 
167: 0 20 27 48 139 
168: 166 169 
169: 168 173 
170: 9 25 39 142 188 
171: 121 156 164 176 
172: 0 150 176 
173: 169 175 
174: 80 128 141 147 150 
175: 173 177 
176: 17 100 135 171 172 
177: 175 178 
178: 74 177 182 
179: 135 188 
180: 63 68 122 164 
181: 63 100 126 133 197 
182: 178 183 
183: 182 185 
184: 24 147 192 
185: 183 186 
186: 185 189 
187: 31 74 105 114 193 
188: 53 96 115 170 179 
189: 186 191 
190: 25 51 90 152 161 
191: 189 194 
192: 74 133 141 148 184 
193: 93 132 159 162 187 
194: 22 191 195 
195: 194 196 
196: 195 199 
197: 3 11 67 135 181 
198: 19 42 67 
199: 196 
40