0: 1 105 140 
1: 0 5 16 22 25 
2: 11 135 143 149 
3: 55 107 130 189 199 
4: 8 9 23 158 197 
5: 1 6 151 
6: 5 10 124 138 184 
7: 28 113 150 174 176 
8: 4 139 
9: 4 28 68 117 176 
10: 6 12 188 
11: 2 17 89 127 142 
12: 10 13 144 
13: 12 14 96 102 145 
14: 13 15 75 183 
15: 14 16 62 81 185 
16: 1 15 18 58 112 
17: 11 20 92 198 199 
18: 16 19 196 
19: 18 21 75 
20: 17 42 53 89 135 
21: 19 22 145 188 194 
22: 1 21 25 81 129 
23: 4 31 45 117 158 
24: 35 84 121 164 
25: 1 22 27 60 131 
26: 107 126 127 179 
27: 25 36 
28: 7 9 70 158 173 
29: 45 83 
30: 68 82 120 148 
31: 23 119 169 
32: 35 44 
33: 44 94 175 192 193 
34: 95 99 113 143 156 
35: 24 32 158 
36: 27 37 56 67 
37: 36 38 114 
38: 37 39 172 178 
39: 38 40 98 196 
40: 39 41 101 177 
41: 40 43 50 77 91 
42: 20 72 87 
43: 41 46 91 104 191 
44: 32 33 165 171 190 
45: 23 29 132 
46: 43 48 
47: 55 87 
48: 46 49 51 116 
49: 48 50 51 
50: 41 49 51 168 
51: 48 49 50 54 
52: 68 166 179 
53: 20 94 134 160 
54: 51 56 98 
55: 3 47 139 199 
56: 36 54 57 80 115 
57: 56 58 64 184 
58: 16 57 60 110 
59: 69 70 71 148 173 
60: 25 58 61 62 93 
61: 60 62 154 161 
62: 15 60 61 63 114 
63: 62 64 105 118 161 
64: 57 63 65 78 154 
65: 64 66 105 
66: 65 67 168 
67: 36 66 73 168 180 
68: 9 30 52 
69: 59 130 135 169 198 
70: 28 59 167 170 176 
71: 59 72 86 94 143 
72: 42 71 92 116 
73: 67 75 
74: 103 134 
75: 14 19 73 76 78 
76: 75 77 
77: 41 76 78 102 131 
78: 64 75 77 80 
79: 126 192 195 
80: 56 78 81 85 
81: 15 22 80 85 172 
82: 30 121 142 
83: 29 84 95 116 149 
84: 24 83 134 175 
85: 80 81 91 97 154 
86: 71 88 90 139 149 
87: 42 47 174 175 187 
88: 86 142 143 148 164 
89: 11 20 101 
90: 86 126 127 157 
91: 41 43 85 93 
92: 17 72 150 166 174 
93: 60 91 96 114 145 
94: 33 53 71 120 
95: 34 83 189 
96: 13 93 97 
97: 85 96 98 104 129 
98: 39 54 97 100 131 
99: 34 167 169 190 199 
100: 98 102 103 147 188 
101: 40 89 126 156 
102: 13 77 100 104 111 
103: 74 100 113 
104: 43 97 102 105 136 
105: 0 63 65 104 106 
106: 105 109 133 178 
107: 3 26 148 166 190 
108: 117 150 166 
109: 106 110 162 185 
110: 58 109 111 
111: 102 110 112 
112: 16 111 114 
113: 7 34 103 119 165 
114: 37 62 93 112 115 
115: 56 114 118 
116: 48 72 83 148 
117: 9 23 108 120 
118: 63 115 122 183 184 
119: 31 113 123 169 170 
120: 30 94 117 132 
121: 24 82 130 173 186 
122: 118 124 
123: 119 153 158 187 
124: 6 122 125 
125: 124 129 
126: 26 79 90 101 128 
127: 11 26 90 
128: 126 132 165 197 
129: 22 97 125 131 162 
130: 3 69 121 
131: 25 77 98 129 133 
132: 45 120 128 153 
133: 106 131 136 151 
134: 53 74 84 160 190 
135: 2 20 69 171 189 
136: 104 133 137 
137: 136 138 
138: 6 137 140 144 162 
139: 8 55 86 169 198 
140: 0 138 144 194 
141: 143 189 195 
142: 11 82 88 
143: 2 34 71 88 141 
144: 12 138 140 145 178 
145: 13 21 93 144 146 
146: 145 147 
147: 100 146 151 180 
148: 30 59 88 107 116 
149: 2 83 86 
150: 7 92 108 170 174 
151: 5 133 147 152 
152: 151 154 
153: 123 132 170 175 199 
154: 61 64 85 152 155 
155: 154 159 
156: 34 101 
157: 90 179 
158: 4 23 28 35 123 
159: 155 161 
160: 53 134 192 
161: 61 63 159 162 177 
162: 109 129 138 161 163 
163: 162 168 
164: 24 88 
165: 44 113 128 182 
166: 52 92 107 108 182 
167: 70 99 171 
168: 50 66 67 163 172 
169: 31 69 99 119 139 
170: 70 119 150 153 187 
171: 44 135 167 176 
172: 38 81 168 177 
173: 28 59 121 
174: 7 87 92 150 198 
175: 33 84 87 153 
176: 7 9 70 171 
177: 40 161 172 178 
178: 38 106 144 177 180 
179: 26 52 157 189 
180: 67 147 178 181 185 
181: 180 183 
182: 165 166 187 
183: 14 118 181 184 
184: 6 57 118 183 185 
185: 15 109 180 184 188 
186: 121 193 195 
187: 87 123 170 182 193 
188: 10 21 100 185 191 
189: 3 95 135 141 179 
190: 44 99 107 134 198 
191: 43 188 194 196 
192: 33 79 160 
193: 33 186 187 
194: 21 140 191 196 
195: 79 141 186 
196: 18 39 191 194 
197: 4 128 
198: 17 69 139 174 190 
199: 3 17 55 99 153 
3