0: 1 3 96 114 177 
1: 0 2 70 144 173 
2: 1 3 
3: 0 2 4 126 197 
4: 3 5 6 15 155 
5: 4 6 150 
6: 4 5 8 118 144 
7: 30 74 103 190 
8: 6 9 57 106 113 
9: 8 13 
10: 39 52 130 142 190 
11: 81 107 115 
12: 17 30 33 63 182 
13: 9 15 152 
14: 117 133 141 
15: 4 13 19 111 189 
16: 17 18 53 159 
17: 12 16 66 139 192 
18: 16 158 165 178 
19: 15 20 109 110 
20: 19 23 111 156 
21: 32 133 138 
22: 36 49 61 91 
23: 20 24 106 131 
24: 23 28 65 85 105 
25: 31 77 93 124 161 
26: 89 91 124 196 
27: 97 128 161 
28: 24 29 65 100 
29: 28 34 60 
30: 7 12 32 61 166 
31: 25 33 77 
32: 21 30 56 180 
33: 12 31 36 137 180 
34: 29 35 67 87 131 
35: 34 41 90 193 197 
36: 22 33 64 108 119 
37: 71 74 108 136 
38: 39 86 93 182 192 
39: 10 38 61 180 182 
40: 120 145 166 194 
41: 35 42 121 123 153 
42: 41 43 121 160 
43: 42 44 
44: 43 46 62 65 
45: 157 182 
46: 44 48 162 
47: 183 187 190 
48: 46 54 109 
49: 22 78 103 163 179 
50: 145 147 180 
51: 112 117 136 168 
52: 10 75 127 163 188 
53: 16 81 116 166 
54: 48 55 
55: 54 57 123 156 162 
56: 32 122 127 136 
57: 8 55 58 111 150 
58: 57 59 102 148 191 
59: 58 60 70 
60: 29 59 62 109 176 
61: 22 30 39 122 
62: 44 60 65 
63: 12 69 77 165 166 
64: 36 116 179 184 
65: 24 28 44 62 67 
66: 17 89 130 159 
67: 34 65 68 105 132 
68: 67 70 
69: 63 127 194 
70: 1 59 68 72 104 
71: 37 140 
72: 70 73 125 153 171 
73: 72 80 
74: 7 37 163 178 
75: 52 89 130 195 
76: 112 120 166 
77: 25 31 63 81 138 
78: 49 95 159 195 
79: 138 188 
80: 73 82 
81: 11 53 77 122 178 
82: 80 83 114 131 
83: 82 84 
84: 83 85 99 110 
85: 24 84 87 92 174 
86: 38 158 
87: 34 85 90 92 104 
88: 89 107 120 157 195 
89: 26 66 75 88 
90: 35 87 92 106 148 
91: 22 26 
92: 85 87 90 94 
93: 25 38 145 161 
94: 92 96 110 
95: 78 103 115 190 
96: 0 94 99 104 
97: 27 108 187 
98: 133 195 196 
99: 84 96 100 183 
100: 28 99 101 153 183 
101: 100 102 175 
102: 58 101 104 
103: 7 49 95 161 
104: 70 87 96 102 105 
105: 24 67 104 106 134 
106: 8 23 90 105 109 
107: 11 88 116 140 149 
108: 36 37 97 124 
109: 19 48 60 106 110 
110: 19 84 94 109 111 
111: 15 20 57 110 113 
112: 51 76 133 163 180 
113: 8 111 114 164 177 
114: 0 82 113 118 155 
115: 11 95 154 
116: 53 64 107 185 
117: 14 51 147 186 
118: 6 114 121 152 
119: 36 138 
120: 40 76 88 128 137 
121: 41 42 118 123 
122: 56 61 81 185 
123: 41 55 121 125 132 
124: 25 26 108 128 188 
125: 72 123 126 198 
126: 3 125 129 143 
127: 52 56 69 133 141 
128: 27 120 124 137 159 
129: 126 131 
130: 10 66 75 140 
131: 23 34 82 129 132 
132: 67 123 131 134 
133: 14 21 98 112 127 
134: 105 132 135 
135: 134 143 
136: 37 51 56 185 190 
137: 33 120 128 
138: 21 77 79 119 192 
139: 17 192 
140: 71 107 130 142 
141: 14 127 179 
142: 10 140 163 
143: 126 135 144 
144: 1 6 143 146 
145: 40 50 93 147 168 
146: 144 148 150 173 175 
147: 50 117 145 161 186 
148: 58 90 146 150 181 
149: 107 165 192 
150: 5 57 146 148 151 
151: 150 152 174 
152: 13 118 151 153 162 
153: 41 72 100 152 155 
154: 115 186 199 
155: 4 114 153 156 197 
156: 20 55 155 160 170 
157: 45 88 184 
158: 18 86 184 185 
159: 16 66 78 128 
160: 42 156 162 
161: 25 27 93 103 147 
162: 46 55 152 160 164 
163: 49 52 74 112 142 
164: 113 162 167 
165: 18 63 149 178 
166: 30 40 53 63 76 
167: 164 169 
168: 51 145 185 187 
169: 167 170 
170: 156 169 171 
171: 72 170 172 174 
172: 171 173 181 
173: 1 146 172 174 
174: 85 151 171 173 175 
175: 101 146 174 176 189 
176: 60 175 177 
177: 0 113 176 181 
178: 18 74 81 165 196 
179: 49 64 141 
180: 32 33 39 50 112 
181: 148 172 177 183 
182: 12 38 39 45 196 
183: 47 99 100 181 189 
184: 64 157 158 
185: 116 122 136 158 168 
186: 117 147 154 
187: 47 97 168 
188: 52 79 124 196 199 
189: 15 175 183 191 194 
190: 7 10 47 95 136 
191: 58 189 193 
192: 17 38 138 139 149 
193: 35 191 197 
194: 40 69 189 195 
195: 75 78 88 98 194 
196: 26 98 178 182 188 
197: 3 35 155 193 198 
198: 125 197 
199: 154 188 
2