0: 6 53 
1: 8 117 154 
2: 41 99 127 170 185 
3: 9 30 86 196 
4: 21 181 195 
5: 136 171 
6: 0 74 84 146 186 
7: 13 86 97 184 
8: 1 10 
9: 3 38 45 117 
10: 8 11 
11: 10 14 
12: 26 98 108 147 159 
13: 7 58 120 
14: 11 15 103 
15: 14 18 63 
16: 41 58 61 68 
17: 33 68 92 162 
18: 15 19 
19: 18 20 
20: 19 22 
21: 4 132 141 196 
22: 20 25 
23: 48 71 93 140 145 
24: 44 94 96 195 
25: 22 27 
26: 12 128 141 183 188 
27: 25 28 
28: 27 31 
29: 79 136 198 
30: 3 58 68 77 141 
31: 28 35 53 
32: 129 140 174 183 198 
33: 17 68 78 90 166 
34: 74 114 159 174 195 
35: 31 36 
36: 35 39 
37: 38 115 173 
38: 9 37 122 
39: 36 40 154 
40: 39 41 43 
41: 2 16 40 173 186 
42: 52 125 147 156 159 
43: 40 46 
44: 24 132 168 
45: 9 47 168 172 
46: 43 47 
47: 45 46 49 84 
48: 23 66 86 195 
49: 47 50 188 
50: 49 51 
51: 50 54 
52: 42 134 
53: 0 31 141 146 168 
54: 51 55 
55: 54 59 
56: 61 69 196 
57: 85 115 127 136 183 
58: 13 16 30 60 93 
59: 55 62 
60: 58 66 182 187 
61: 16 56 95 159 185 
62: 59 64 140 
63: 15 94 121 181 187 
64: 62 65 
65: 64 67 
66: 48 60 94 164 191 
67: 65 71 
68: 16 17 30 33 155 
69: 56 91 96 115 147 
70: 92 116 162 187 191 
71: 23 67 72 
72: 71 73 114 
73: 72 75 
74: 6 34 128 130 
75: 73 76 
76: 75 77 
77: 30 76 80 
78: 33 91 127 198 
79: 29 87 143 
80: 77 81 
81: 80 83 183 
82: 109 136 168 186 187 
83: 81 85 
84: 6 47 90 96 
85: 57 83 88 
86: 3 7 48 174 179 
87: 79 91 93 141 163 
88: 85 89 90 
89: 88 95 
90: 33 84 88 134 172 
91: 69 78 87 130 
92: 17 70 103 174 194 
93: 23 58 87 132 
94: 24 63 66 125 133 
95: 61 89 97 
96: 24 69 84 129 
97: 7 95 98 
98: 12 97 99 
99: 2 98 100 
100: 99 101 
101: 100 104 
102: 145 193 
103: 14 92 114 154 162 
104: 101 105 
105: 104 106 146 
106: 105 107 
107: 106 108 
108: 12 107 110 
109: 82 149 171 179 
110: 108 111 
111: 110 112 
112: 111 113 188 
113: 112 118 
114: 34 72 103 159 195 
115: 37 57 69 135 179 
116: 70 117 186 
117: 1 9 116 121 130 
118: 113 119 
119: 118 123 
120: 13 121 
121: 63 117 120 132 193 
122: 38 128 135 
123: 119 124 
124: 123 126 
125: 42 94 165 182 
126: 124 129 134 
127: 2 57 78 182 
128: 26 74 122 167 173 
129: 32 96 126 133 
130: 74 91 117 131 163 
131: 130 142 144 188 
132: 21 44 93 121 
133: 94 129 137 
134: 52 90 126 
135: 115 122 172 173 
136: 5 29 57 82 194 
137: 133 138 
138: 137 139 
139: 138 143 
140: 23 32 62 174 193 
141: 21 26 30 53 87 
142: 131 194 
143: 79 139 144 
144: 131 143 148 198 
145: 23 102 168 
146: 6 53 105 
147: 12 42 69 166 184 
148: 144 149 
149: 109 148 150 
150: 149 151 
151: 150 152 
152: 151 153 
153: 152 155 
154: 1 39 103 194 196 
155: 68 153 156 
156: 42 155 157 
157: 156 158 
158: 157 160 
159: 12 34 42 61 114 
160: 158 161 
161: 160 164 
162: 17 70 103 196 
163: 87 130 
164: 66 161 165 
165: 125 164 167 
166: 33 147 179 
167: 128 165 169 
168: 44 45 53 82 145 
169: 167 170 
170: 2 169 175 
171: 5 109 198 
172: 45 90 135 
173: 37 41 128 135 
174: 32 34 86 92 140 
175: 170 176 
176: 175 177 
177: 176 178 
178: 177 180 
179: 86 109 115 166 
180: 178 181 
181: 4 63 180 184 
182: 60 125 127 
183: 26 32 57 81 188 
184: 7 147 181 189 
185: 2 61 
186: 6 41 82 116 
187: 60 63 70 82 
188: 26 49 112 131 183 
189: 184 190 
190: 189 191 
191: 66 70 190 192 
192: 191 197 
193: 102 121 140 
194: 92 136 142 154 
195: 4 24 34 48 114 
196: 3 21 56 154 162 
197: 192 199 
198: 29 32 78 144 171 
199: 197 
44