0: 1 85 
1: 0 2 146 
2: 1 3 43 
3: 2 10 
4: 77 194 
5: 12 54 92 
6: 64 131 
7: 46 104 
8: 14 19 
9: 44 70 180 
10: 3 16 
11: 26 29 113 156 
12: 5 110 
13: 41 58 164 186 
14: 8 47 
15: 103 114 181 
16: 10 17 
17: 16 22 
18: 21 116 169 
19: 8 63 144 155 179 
20: 43 67 
21: 18 88 150 
22: 17 25 89 186 
23: 169 178 
24: 110 164 170 
25: 22 28 
26: 11 184 
27: 89 153 
28: 25 31 132 
29: 11 101 
30: 71 93 167 
31: 28 32 
32: 31 33 
33: 32 35 
34: 101 129 
35: 33 36 114 
36: 35 37 
37: 36 39 
38: 65 
39: 37 40 
40: 39 41 154 
41: 13 40 42 
42: 41 49 
43: 2 20 70 102 
44: 9 172 
45: 87 170 
46: 7 196 
47: 14 65 
48: 82 106 154 
49: 42 50 
50: 49 52 153 
51: 128 145 186 
52: 50 53 
53: 52 55 
54: 5 178 
55: 53 57 
56: 174 184 
57: 55 60 
58: 13 85 
59: 86 106 
60: 57 61 
61: 60 62 
62: 61 66 
63: 19 77 159 161 
64: 6 163 
65: 38 47 
66: 62 69 
67: 20 185 
68: 78 149 
69: 66 71 
70: 9 43 
71: 30 69 73 160 
72: 120 189 
73: 71 74 
74: 73 76 
75: 111 179 
76: 74 79 
77: 4 63 
78: 68 189 
79: 76 80 
80: 79 82 173 
81: 149 195 
82: 48 80 83 
83: 82 90 185 195 
84: 88 160 188 
85: 0 58 90 115 185 
86: 59 179 
87: 45 165 
88: 21 84 129 
89: 22 27 146 
90: 83 85 92 
91: 144 183 
92: 5 90 96 
93: 30 104 
94: 95 172 
95: 94 120 
96: 92 97 
97: 96 98 
98: 97 99 145 
99: 98 100 141 
100: 99 102 163 189 
101: 29 34 
102: 43 100 103 
103: 15 102 105 
104: 7 93 
105: 103 108 
106: 48 59 
107: 133 141 
108: 105 109 
109: 108 112 
110: 12 24 114 154 
111: 75 174 
112: 109 113 
113: 11 112 115 
114: 15 35 110 144 
115: 85 113 116 
116: 18 115 117 129 
117: 116 118 
118: 117 119 
119: 118 121 
120: 72 95 
121: 119 122 
122: 121 123 129 
123: 122 125 
124: 131 194 
125: 123 126 
126: 125 127 131 
127: 126 128 
128: 51 127 130 
129: 34 88 116 122 
130: 128 134 
131: 6 124 126 187 
132: 28 135 146 
133: 107 165 
134: 130 137 
135: 132 168 
136: 173 195 
137: 134 138 
138: 137 139 
139: 138 140 
140: 139 142 
141: 99 107 197 
142: 140 143 
143: 142 147 
144: 19 91 114 
145: 51 98 154 
146: 1 89 132 
147: 143 148 
148: 147 151 
149: 68 81 
150: 21 183 
151: 148 152 
152: 151 155 
153: 27 50 196 
154: 40 48 110 145 193 
155: 19 152 156 
156: 11 155 157 
157: 156 158 172 
158: 157 159 
159: 63 158 161 
160: 71 84 167 
161: 63 159 162 
162: 161 164 
163: 64 100 197 
164: 13 24 162 166 
165: 87 133 191 
166: 164 171 
167: 30 160 184 
168: 135 181 
169: 18 23 
170: 24 45 
171: 166 175 178 
172: 44 94 157 
173: 80 136 
174: 56 111 
175: 171 176 
176: 175 177 
177: 176 180 
178: 23 54 171 
179: 19 75 86 
180: 9 177 182 
181: 15 168 
182: 180 187 
183: 91 150 
184: 26 56 167 
185: 67 83 85 
186: 13 22 51 
187: 131 182 188 
188: 84 187 190 
189: 72 78 100 
190: 188 191 
191: 165 190 192 
192: 191 193 
193: 154 192 198 
194: 4 124 
195: 81 83 136 
196: 46 153 
197: 141 163 
198: 193 199 
199: 198 
44