0: 2 
1: 25 50 78 133 153 
2: 0 6 78 
3: 74 130 140 
4: 59 65 175 
5: 27 124 152 163 197 
6: 2 8 167 
7: 17 29 102 171 183 
8: 6 9 
9: 8 14 
10: 87 107 166 
11: 63 107 139 148 
12: 17 25 196 
13: 21 84 
14: 9 16 
15: 21 125 176 
16: 14 18 23 
17: 7 12 39 57 135 
18: 16 20 
19: 46 112 179 
20: 18 24 
21: 13 15 
22: 85 110 156 189 198 
23: 16 98 130 163 167 
24: 20 26 136 
25: 1 12 51 67 
26: 24 28 
27: 5 141 
28: 26 30 
29: 7 44 154 171 
30: 28 33 
31: 39 61 
32: 82 111 
33: 30 34 
34: 33 35 106 
35: 34 37 
36: 118 189 
37: 35 38 
38: 37 41 
39: 17 31 46 
40: 95 117 160 166 
41: 38 42 
42: 41 45 
43: 133 152 
44: 29 63 193 
45: 42 48 
46: 19 39 59 128 
47: 68 143 
48: 45 50 
49: 71 83 171 
50: 1 48 53 67 112 
51: 25 61 65 97 136 
52: 117 136 195 
53: 50 54 57 
54: 53 55 
55: 54 56 
56: 55 58 193 
57: 17 53 132 196 
58: 56 60 
59: 4 46 125 
60: 58 62 107 
61: 31 51 138 
62: 60 64 156 
63: 11 44 77 
64: 62 66 
65: 4 51 79 105 133 
66: 64 69 
67: 25 50 113 167 
68: 47 141 143 
69: 66 70 
70: 69 72 
71: 49 133 167 
72: 70 73 
73: 72 75 81 
74: 3 112 136 140 163 
75: 73 76 
76: 75 79 
77: 63 162 
78: 1 2 81 176 
79: 65 76 80 
80: 79 83 
81: 73 78 116 133 
82: 32 137 141 177 184 
83: 49 80 85 
84: 13 105 130 197 
85: 22 83 86 
86: 85 88 
87: 10 123 157 
88: 86 89 112 
89: 88 90 
90: 89 91 
91: 90 92 118 
92: 91 93 
93: 92 94 118 
94: 93 96 
95: 40 117 183 195 
96: 94 98 
97: 51 153 185 
98: 23 96 99 
99: 98 100 
100: 99 101 
101: 100 104 156 
102: 7 103 198 
103: 102 128 145 
104: 101 108 
105: 65 84 163 
106: 34 111 150 196 
107: 10 11 60 156 163 
108: 104 109 
109: 108 110 
110: 22 109 114 
111: 32 106 
112: 19 50 74 88 183 
113: 67 118 
114: 110 119 
115: 135 146 147 175 
116: 81 128 135 150 177 
117: 40 52 95 126 189 
118: 36 91 93 113 
119: 114 120 
120: 119 121 142 152 
121: 120 122 
122: 121 123 
123: 87 122 127 150 
124: 5 128 138 
125: 15 59 134 155 
126: 117 162 
127: 123 131 
128: 46 103 116 124 193 
129: 154 179 191 
130: 3 23 84 
131: 127 132 
132: 57 131 134 
133: 1 43 65 71 81 
134: 125 132 139 
135: 17 115 116 143 153 
136: 24 51 52 74 
137: 82 161 173 
138: 61 124 
139: 11 134 144 
140: 3 74 145 
141: 27 68 82 150 
142: 120 156 176 178 
143: 47 68 135 161 
144: 139 147 
145: 103 140 146 
146: 115 145 
147: 115 144 148 
148: 11 147 149 
149: 148 151 
150: 106 116 123 141 175 
151: 149 155 
152: 5 43 120 176 
153: 1 97 135 170 179 
154: 29 129 
155: 125 151 158 
156: 22 62 101 107 142 
157: 87 183 
158: 155 159 
159: 158 160 
160: 40 159 164 194 
161: 137 143 
162: 77 126 
163: 5 23 74 105 107 
164: 160 165 
165: 164 168 
166: 10 40 
167: 6 23 67 71 
168: 165 169 
169: 168 170 
170: 153 169 172 
171: 7 29 49 
172: 170 173 
173: 137 172 174 
174: 173 177 
175: 4 115 150 
176: 15 78 142 152 197 
177: 82 116 174 180 
178: 142 194 
179: 19 129 153 
180: 177 181 
181: 180 182 
182: 181 184 
183: 7 95 112 157 
184: 82 182 185 
185: 97 184 186 
186: 185 187 
187: 186 188 
188: 187 190 
189: 22 36 117 194 
190: 188 191 
191: 129 190 192 
192: 191 199 
193: 44 56 128 
194: 160 178 189 
195: 52 95 
196: 12 57 106 
197: 5 84 176 
198: 22 102 
199: 192 
41