0: 12 23 142 145 194 
1: 46 64 89 135 
2: 108 176 190 
3: 6 
4: 26 80 
5: 18 82 161 172 173 
6: 3 7 
7: 6 8 
8: 7 9 
9: 8 13 
10: 16 20 81 
11: 47 55 66 122 153 
12: 0 59 61 122 178 
13: 9 14 
14: 13 17 
15: 30 183 
16: 10 26 88 90 110 
17: 14 19 
18: 5 110 143 170 177 
19: 17 20 21 197 
20: 10 19 189 193 
21: 19 23 149 
22: 40 84 128 136 169 
23: 0 21 27 122 
24: 64 172 
25: 42 113 181 195 
26: 4 16 
27: 23 28 
28: 27 32 
29: 52 101 110 196 
30: 15 36 82 179 182 
31: 64 194 199 
32: 28 34 88 
33: 177 189 
34: 32 37 
35: 68 75 130 172 175 
36: 30 110 153 162 165 
37: 34 39 
38: 54 113 148 
39: 37 42 
40: 22 68 101 113 177 
41: 80 89 124 180 
42: 25 39 45 
43: 57 157 172 196 
44: 78 193 
45: 42 49 
46: 1 80 199 
47: 11 59 125 139 178 
48: 60 85 155 195 
49: 45 50 
50: 49 51 
51: 50 56 
52: 29 53 60 128 165 
53: 52 55 56 75 145 
54: 38 130 139 141 
55: 11 53 73 137 171 
56: 51 53 58 
57: 43 59 91 
58: 56 62 
59: 12 47 57 101 169 
60: 48 52 63 119 
61: 12 80 109 
62: 58 65 
63: 60 66 124 153 177 
64: 1 24 31 
65: 62 67 178 
66: 11 63 144 168 
67: 65 69 
68: 35 40 73 149 199 
69: 67 70 
70: 69 72 
71: 82 94 121 165 179 
72: 70 74 
73: 55 68 
74: 72 76 
75: 35 53 85 90 149 
76: 74 77 
77: 76 79 
78: 44 149 
79: 77 83 
80: 4 41 46 61 
81: 10 85 137 186 
82: 5 30 71 84 
83: 79 86 148 
84: 22 82 133 169 
85: 48 75 81 146 
86: 83 87 89 
87: 86 91 
88: 16 32 107 142 
89: 1 41 86 121 176 
90: 16 75 179 
91: 57 87 92 
92: 91 93 
93: 92 94 113 
94: 71 93 95 
95: 94 96 143 
96: 95 97 
97: 96 98 
98: 97 99 
99: 98 102 
100: 110 121 139 161 
101: 29 40 59 161 196 
102: 99 104 
103: 122 130 137 199 
104: 102 105 
105: 104 106 176 
106: 105 107 
107: 88 106 109 
108: 2 143 
109: 61 107 111 
110: 16 18 29 36 100 
111: 109 112 
112: 111 114 120 
113: 25 38 40 93 121 
114: 112 115 
115: 114 116 
116: 115 117 
117: 116 118 
118: 117 123 
119: 60 162 195 
120: 112 136 178 197 
121: 71 89 100 113 
122: 11 12 23 103 139 
123: 118 125 
124: 41 63 161 176 
125: 47 123 126 
126: 125 127 
127: 126 129 
128: 22 52 
129: 127 131 196 
130: 35 54 103 
131: 129 133 
132: 143 148 
133: 84 131 134 
134: 133 135 
135: 1 134 136 
136: 22 120 135 138 
137: 55 81 103 144 157 
138: 136 140 
139: 47 54 100 122 197 
140: 138 141 
141: 54 140 146 179 
142: 0 88 183 195 
143: 18 95 108 132 
144: 66 137 
145: 0 53 
146: 85 141 147 
147: 146 150 178 
148: 38 83 132 
149: 21 68 75 78 199 
150: 147 151 
151: 150 152 
152: 151 154 
153: 11 36 63 162 
154: 152 155 182 
155: 48 154 156 194 
156: 155 158 
157: 43 137 
158: 156 159 
159: 158 160 
160: 159 163 
161: 5 100 101 124 
162: 36 119 153 
163: 160 164 
164: 163 166 176 187 
165: 36 52 71 186 
166: 164 167 
167: 166 168 
168: 66 167 171 
169: 22 59 84 182 
170: 18 186 193 
171: 55 168 173 
172: 5 24 35 43 
173: 5 171 174 
174: 173 175 
175: 35 174 180 
176: 2 89 105 124 164 
177: 18 33 40 63 
178: 12 47 65 120 147 
179: 30 71 90 141 
180: 41 175 184 
181: 25 197 
182: 30 154 169 187 
183: 15 142 
184: 180 185 
185: 184 188 
186: 81 165 170 
187: 164 182 194 
188: 185 190 
189: 20 33 
190: 2 188 191 
191: 190 192 
192: 191 198 
193: 20 44 170 
194: 0 31 155 187 
195: 25 48 119 142 
196: 29 43 101 129 
197: 19 120 139 181 
198: 192 
199: 31 46 68 103 149 
40