0: 3 
1: 31 34 71 116 185 
2: 27 64 94 135 175 
3: 0 4 
4: 3 6 125 
5: 67 155 
6: 4 7 
7: 6 8 122 
8: 7 10 
9: 92 96 116 181 
10: 8 12 
11: 100 111 117 194 
12: 10 13 116 
13: 12 15 
14: 31 66 88 103 119 
15: 13 17 
16: 45 46 122 174 
17: 15 19 
18: 36 91 157 179 193 
19: 17 21 
20: 31 86 122 145 
21: 19 26 145 
22: 25 38 157 165 181 
23: 90 100 107 115 198 
24: 112 117 132 143 167 
25: 22 67 69 73 
26: 21 28 
27: 2 45 159 178 
28: 26 29 
29: 28 30 
30: 29 32 33 
31: 1 14 20 105 143 
32: 30 93 110 126 147 
33: 30 35 
34: 1 37 67 91 
35: 33 38 
36: 18 145 167 198 
37: 34 156 
38: 22 35 39 156 168 
39: 38 41 185 
40: 101 114 156 196 
41: 39 42 
42: 41 43 
43: 42 47 
44: 74 105 117 154 163 
45: 16 27 
46: 16 78 98 116 153 
47: 43 49 
48: 66 73 74 92 
49: 47 53 
50: 77 117 139 156 173 
51: 59 69 141 169 177 
52: 73 86 189 
53: 49 54 
54: 53 55 
55: 54 56 112 146 
56: 55 57 
57: 56 58 111 
58: 57 59 
59: 51 58 60 
60: 59 61 173 
61: 60 62 
62: 61 68 
63: 76 173 
64: 2 80 145 175 189 
65: 101 125 159 162 198 
66: 14 48 88 180 196 
67: 5 25 34 94 188 
68: 62 70 
69: 25 51 76 122 132 
70: 68 72 
71: 1 89 94 143 
72: 70 75 
73: 25 48 52 
74: 44 48 92 178 181 
75: 72 78 
76: 63 69 127 154 199 
77: 50 100 196 
78: 46 75 79 
79: 78 80 
80: 64 79 81 189 
81: 80 82 
82: 81 83 
83: 82 84 
84: 83 85 
85: 84 89 
86: 20 52 182 
87: 93 96 102 124 165 
88: 14 66 145 169 185 
89: 71 85 90 124 
90: 23 89 95 
91: 18 34 146 167 
92: 9 48 74 110 
93: 32 87 98 177 187 
94: 2 67 71 154 194 
95: 90 97 179 
96: 9 87 180 185 193 
97: 95 99 
98: 46 93 114 124 182 
99: 97 104 
100: 11 23 77 119 
101: 40 65 104 139 196 
102: 87 117 159 
103: 14 172 173 
104: 99 101 107 
105: 31 44 199 
106: 110 146 170 
107: 23 104 109 
108: 127 193 
109: 107 113 
110: 32 92 106 127 
111: 11 57 178 
112: 24 55 114 175 188 
113: 109 115 
114: 40 98 112 126 174 
115: 23 113 118 
116: 1 9 12 46 
117: 11 24 44 50 102 
118: 115 119 
119: 14 100 118 120 
120: 119 121 
121: 120 123 
122: 7 16 20 69 177 
123: 121 128 
124: 87 89 98 186 
125: 4 65 182 194 
126: 32 114 162 178 187 
127: 76 108 110 143 181 
128: 123 129 
129: 128 130 
130: 129 131 
131: 130 133 
132: 24 69 180 199 
133: 131 134 
134: 133 135 
135: 2 134 136 
136: 135 137 
137: 136 138 
138: 137 140 
139: 50 101 146 152 162 
140: 138 141 
141: 51 140 142 
142: 141 144 
143: 24 31 71 127 154 
144: 142 147 188 
145: 20 21 36 64 88 
146: 55 91 106 139 
147: 32 144 149 
148: 161 168 198 
149: 147 150 
150: 149 151 189 
151: 150 152 165 
152: 139 151 158 
153: 46 162 172 176 
154: 44 76 94 143 155 
155: 5 154 178 
156: 37 38 40 50 172 
157: 18 22 168 172 194 
158: 152 160 
159: 27 65 102 174 193 
160: 158 161 
161: 148 160 163 
162: 65 126 139 153 198 
163: 44 161 164 
164: 163 166 
165: 22 87 151 172 
166: 164 169 
167: 24 36 91 
168: 38 148 157 179 
169: 51 88 166 170 
170: 106 169 171 
171: 170 176 185 
172: 103 153 156 157 165 
173: 50 60 63 103 174 
174: 16 114 159 173 179 
175: 2 64 112 
176: 153 171 183 
177: 51 93 122 
178: 27 74 111 126 155 
179: 18 95 168 174 197 
180: 66 96 132 
181: 9 22 74 127 
182: 86 98 125 
183: 176 184 
184: 183 186 
185: 1 39 88 96 171 
186: 124 184 190 
187: 93 126 190 
188: 67 112 144 
189: 52 64 80 150 194 
190: 186 187 191 
191: 190 192 
192: 191 195 
193: 18 96 108 159 
194: 11 94 125 157 189 
195: 192 197 
196: 40 66 77 101 
197: 179 195 
198: 23 36 65 148 162 
199: 76 105 132 
43