0: 1 
1: 0 5 
2: 64 113 177 
3: 18 72 150 165 196 
4: 79 126 135 
5: 1 6 162 
6: 5 7 
7: 6 9 
8: 53 82 92 
9: 7 10 90 
10: 9 11 
11: 10 12 
12: 11 14 162 
13: 73 74 88 161 
14: 12 16 53 
15: 21 41 58 176 
16: 14 17 
17: 16 18 
18: 3 17 22 25 
19: 20 147 177 178 
20: 19 57 176 
21: 15 90 166 181 
22: 18 24 
23: 56 89 128 
24: 22 29 
25: 18 90 144 154 163 
26: 127 134 135 197 
27: 59 65 79 160 
28: 52 63 73 79 162 
29: 24 30 93 
30: 29 32 
31: 188 197 
32: 30 33 
33: 32 35 
34: 46 53 139 192 
35: 33 37 
36: 48 87 134 152 165 
37: 35 38 188 
38: 37 39 
39: 38 40 
40: 39 42 
41: 15 80 178 
42: 40 44 
43: 64 115 154 
44: 42 45 
45: 44 60 
46: 34 48 68 91 193 
47: 56 58 62 73 182 
48: 36 46 187 
49: 63 94 
50: 76 100 
51: 67 89 98 
52: 28 55 76 82 145 
53: 8 14 34 54 76 
54: 53 55 59 84 106 
55: 52 54 84 102 183 
56: 23 47 92 143 197 
57: 20 80 118 
58: 15 47 73 179 
59: 27 54 76 162 177 
60: 45 61 
61: 60 65 87 
62: 47 182 186 197 
63: 28 49 
64: 2 43 
65: 27 61 66 
66: 65 68 
67: 51 130 132 162 196 
68: 46 66 69 
69: 68 70 186 
70: 69 71 174 
71: 70 75 
72: 3 88 117 127 
73: 13 28 47 58 182 
74: 13 79 110 128 181 
75: 71 77 
76: 50 52 53 59 171 
77: 75 78 100 
78: 77 81 98 
79: 4 27 28 74 146 
80: 41 57 120 128 185 
81: 78 83 
82: 8 52 100 
83: 81 85 
84: 54 55 118 
85: 83 86 
86: 85 95 
87: 36 61 107 130 197 
88: 13 72 
89: 23 51 
90: 9 21 25 
91: 46 145 149 183 
92: 8 56 120 135 
93: 29 102 190 
94: 49 146 154 194 199 
95: 86 96 
96: 95 97 
97: 96 99 161 
98: 51 78 165 174 178 
99: 97 101 
100: 50 77 82 
101: 99 103 
102: 55 93 163 
103: 101 104 
104: 103 105 
105: 104 107 
106: 54 152 174 
107: 87 105 108 190 
108: 107 109 
109: 108 111 
110: 74 130 138 150 199 
111: 109 112 
112: 111 114 198 
113: 2 163 187 
114: 112 115 
115: 43 114 116 
116: 115 117 
117: 72 116 119 
118: 57 84 152 179 198 
119: 117 120 
120: 80 92 119 121 173 
121: 120 122 
122: 121 123 
123: 122 124 
124: 123 125 145 
125: 124 129 134 
126: 4 127 147 176 182 
127: 26 72 126 174 177 
128: 23 74 80 152 164 
129: 125 131 
130: 67 87 110 135 176 
131: 129 133 
132: 67 145 147 172 180 
133: 131 136 
134: 26 36 125 146 184 
135: 4 26 92 130 156 
136: 133 137 
137: 136 138 
138: 110 137 139 
139: 34 138 140 
140: 139 141 
141: 140 142 
142: 141 144 
143: 56 192 198 
144: 25 142 148 
145: 52 91 124 132 
146: 79 94 134 150 
147: 19 126 132 
148: 144 151 
149: 91 190 
150: 3 110 146 155 161 
151: 148 153 177 188 
152: 36 106 118 128 183 
153: 151 156 
154: 25 43 94 155 161 
155: 150 154 164 
156: 135 153 157 
157: 156 159 
158: 188 199 
159: 157 160 
160: 27 159 166 
161: 13 97 150 154 173 
162: 5 12 28 59 67 
163: 25 102 113 
164: 128 155 
165: 3 36 98 192 
166: 21 160 167 
167: 166 168 199 
168: 167 169 
169: 168 170 
170: 169 171 
171: 76 170 172 
172: 132 171 175 
173: 120 161 186 
174: 70 98 106 127 199 
175: 172 180 
176: 15 20 126 130 181 
177: 2 19 59 127 151 
178: 19 41 98 
179: 58 118 
180: 132 175 184 
181: 21 74 176 
182: 47 62 73 126 
183: 55 91 152 198 
184: 134 180 185 
185: 80 184 189 
186: 62 69 173 
187: 48 113 
188: 31 37 151 158 
189: 185 191 
190: 93 107 149 
191: 189 193 
192: 34 143 165 
193: 46 191 194 
194: 94 193 195 
195: 194 
196: 3 67 
197: 26 31 56 62 87 
198: 112 118 143 183 
199: 94 110 158 167 174 
42