0: 1 
1: 0 6 
2: 141 419 1578 
3: 100 493 1150 1616 
4: 683 697 762 1580 1702 
5: 186 389 576 1211 1709 
6: 1 8 
7: 373 923 
8: 6 10 534 
9: 371 636 1132 1225 1976 
10: 8 11 
11: 10 12 14 
12: 11 16 
13: 449 1090 1201 
14: 11 165 174 731 1373 
15: 1195 1203 
16: 12 20 
17: 40 610 686 815 1785 
18: 1054 1273 1667 
19: 32 48 256 741 1672 
20: 16 22 
21: 317 616 924 1525 1734 
22: 20 23 
23: 22 24 
24: 23 25 
25: 24 26 
26: 25 27 
27: 26 28 
28: 27 31 
29: 62 76 561 949 1492 
30: 72 235 498 891 1359 
31: 28 33 
32: 19 283 722 904 1911 
33: 31 36 
34: 766 803 897 1401 1702 
35: 389 741 972 1615 1768 
36: 33 37 
37: 36 42 
38: 423 869 938 1098 1877 
39: 100 304 477 1798 
40: 17 728 1368 
41: 121 334 939 1019 1512 
42: 37 46 
43: 1350 1549 1978 
44: 87 490 595 1317 
45: 374 527 1169 1459 1494 
46: 42 47 
47: 46 49 
48: 19 579 706 1213 
49: 47 50 
50: 49 52 
51: 716 1403 1666 
52: 50 54 705 
53: 97 619 760 1262 
54: 52 55 
55: 54 57 
56: 270 1063 1262 1605 1746 
57: 55 58 
58: 57 59 
59: 58 60 
60: 59 65 
61: 655 1004 1239 
62: 29 114 864 992 
63: 583 625 808 1391 
64: 1367 1455 
65: 60 66 
66: 65 67 
67: 66 68 
68: 67 69 
69: 68 71 
70: 232 263 584 1203 1656 
71: 69 74 
72: 30 168 324 1277 1837 
73: 423 951 
74: 71 75 
75: 74 80 
76: 29 717 837 1360 1380 
77: 806 821 1070 1264 1752 
78: 325 373 539 796 1813 
79: 588 1077 1106 1373 1381 
80: 75 81 
81: 80 82 
82: 81 84 
83: 915 1564 1833 1969 
84: 82 85 
85: 84 86 
86: 85 88 
87: 44 461 989 1329 1966 
88: 86 89 
89: 88 94 
90: 357 402 793 951 979 
91: 472 843 1132 1824 
92: 175 592 1046 1278 1521 
93: 245 593 1064 1150 1414 
94: 89 95 
95: 94 99 
96: 892 989 1140 1584 1927 
97: 53 941 1329 1998 
98: 1253 1697 1761 1908 1999 
99: 95 101 
100: 3 39 415 503 1576 
101: 99 102 
102: 101 104 
103: 334 642 1171 1570 1896 
104: 102 106 
105: 707 782 1088 1175 1670 
106: 104 107 1423 
107: 106 108 
108: 107 110 
109: 603 1544 1635 1834 1999 
110: 108 111 
111: 110 113 
112: 458 1284 
113: 111 117 
114: 62 294 676 1825 1933 
115: 118 155 491 1077 1393 
116: 618 766 1068 1488 
117: 113 119 
118: 115 136 494 1461 1785 
119: 117 120 
120: 119 124 
121: 41 734 1324 1388 1679 
122: 731 1626 1907 1922 
123: 390 659 766 988 1612 
124: 120 125 
125: 124 127 276 
126: 442 1668 1685 1837 1851 
127: 125 128 
128: 127 130 
129: 203 373 473 976 1231 
130: 128 131 
131: 130 132 
132: 131 134 
133: 803 1422 1494 1634 1967 
134: 132 137 
135: 953 1332 1813 1821 
136: 118 523 900 
137: 134 140 
138: 235 948 1525 1623 1796 
139: 489 1766 1999 
140: 137 143 
141: 2 357 1019 1317 1517 
142: 470 1088 1176 1966 1979 
143: 140 146 
144: 165 695 974 1430 
145: 165 582 859 1691 1997 
146: 143 147 
147: 146 148 
148: 147 149 
149: 148 151 
150: 176 1054 1266 1360 1423 
151: 149 152 
152: 151 157 
153: 958 1010 1561 1688 
154: 419 457 1192 1989 
155: 115 420 1486 1487 1727 
156: 263 924 1877 
157: 152 159 
158: 182 737 1616 1709 1807 
159: 157 160 
160: 159 166 
161: 696 898 1151 1201 1350 
162: 419 498 738 1808 1981 
163: 382 600 822 1633 1824 
164: 757 1858 
165: 14 144 145 1653 1814 
166: 160 167 
167: 166 169 
168: 72 635 800 1569 
169: 167 172 
170: 1441 1487 
171: 267 876 1724 1955 
172: 169 177 
173: 657 1240 1430 
174: 14 552 905 1080 1342 
175: 92 741 931 1353 1812 
176: 150 188 727 809 1244 
177: 172 178 
178: 177 179 
179: 178 180 
180: 179 185 
181: 339 450 1781 
182: 158 419 1007 1273 1804 
183: 291 385 1723 
184: 786 1164 1753 
185: 180 187 
186: 5 820 922 1988 1997 
187: 185 190 
188: 176 771 1217 1231 1925 
189: 1113 1324 1561 1762 1847 
190: 187 191 
191: 190 192 
192: 191 194 
193: 540 1140 1766 
194: 192 195 
195: 194 196 
196: 195 197 
197: 196 201 
198: 699 1063 1402 1646 1978 
199: 616 776 904 1259 1366 
200: 1071 1169 1313 1396 1806 
201: 197 206 
202: 964 981 1486 1994 
203: 129 277 501 671 1116 
204: 270 548 
205: 470 1230 1473 
206: 201 208 
207: 269 658 821 1465 1996 
208: 206 209 
209: 208 210 
210: 209 212 
211: 657 1265 1358 
212: 210 214 
213: 691 1307 
214: 212 216 
215: 269 604 697 
216: 214 217 
217: 216 222 
218: 1360 1543 1828 1976 1977 
219: 678 688 734 
220: 319 591 956 1473 
221: 431 488 506 900 
222: 217 223 
223: 222 224 
224: 223 227 
225: 600 1005 1523 
226: 1133 1329 1530 1936 1969 
227: 224 229 
228: 1115 1280 1352 1572 1747 
229: 227 230 
230: 229 233 
231: 420 632 1071 1449 
232: 70 257 1099 1621 
233: 230 234 
234: 233 237 
235: 30 138 294 1530 1812 
236: 671 1139 1154 1387 1731 
237: 234 238 
238: 237 239 
239: 238 241 
240: 353 1064 1156 1834 1920 
241: 239 242 
242: 241 243 
243: 242 246 
244: 389 595 1933 
245: 93 1524 1658 
246: 243 247 
247: 246 248 
248: 247 251 
249: 677 729 1866 
250: 323 458 471 657 1240 
251: 248 252 
252: 251 253 
253: 252 259 
254: 1028 1139 1155 1200 1411 
255: 324 523 751 1857 
256: 19 760 965 1804 
257: 232 582 760 1557 
258: 716 915 1217 1798 1957 
259: 253 260 
260: 259 261 
261: 260 264 
262: 606 1146 1767 
263: 70 156 1292 1479 1637 
264: 261 271 
265: 267 680 926 1113 1375 
266: 467 1099 1126 1336 1957 
267: 171 265 1552 1716 1993 
268: 476 779 1083 1594 1870 
269: 207 215 637 1488 1768 
270: 56 204 354 1388 
271: 264 272 
272: 271 273 
273: 272 274 
274: 273 275 
275: 274 278 
276: 125 364 1116 1147 
277: 203 741 860 1065 
278: 275 279 
279: 278 280 
280: 279 281 
281: 280 282 
282: 281 284 
283: 32 1042 1574 1720 
284: 282 285 
285: 284 289 
286: 471 1507 1561 
287: 374 841 1593 1619 1923 
288: 845 931 1021 1409 1873 
289: 285 290 
290: 289 292 
291: 183 539 579 757 1814 
292: 290 293 
293: 292 296 
294: 114 235 1549 1642 1908 
295: 1079 1731 
296: 293 298 
297: 726 762 1375 1761 
298: 296 300 
299: 310 1437 
300: 298 301 
301: 300 303 
302: 695 976 1195 1560 
303: 301 305 
304: 39 1064 1153 1788 
305: 303 306 
306: 305 308 1143 
307: 481 979 1416 1798 1870 
308: 306 309 
309: 308 311 
310: 299 456 515 1286 1387 
311: 309 313 
312: 393 523 983 1835 1852 
313: 311 314 
314: 313 315 
315: 314 316 
316: 315 320 
317: 21 752 1026 
318: 561 658 1111 1264 1710 
319: 220 339 442 597 1192 
320: 316 321 
321: 320 328 
322: 754 1432 1473 1869 1935 
323: 250 594 768 923 1821 
324: 72 255 369 1595 1858 
325: 78 383 745 883 1909 
326: 673 1265 1497 1637 
327: 411 438 598 1387 1807 
328: 321 329 
329: 328 330 
330: 329 331 
331: 330 332 
332: 331 335 
333: 956 1681 1886 
334: 41 103 676 1267 1468 
335: 332 336 1615 1694 
336: 335 337 
337: 336 338 
338: 337 340 
339: 181 319 1265 1355 1852 
340: 338 341 
341: 340 342 
342: 341 345 
343: 793 923 992 
344: 478 898 935 1668 1812 
345: 342 346 
346: 345 347 
347: 346 348 
348: 347 349 
349: 348 351 
350: 642 992 1135 1428 1656 
351: 349 352 
352: 351 355 
353: 240 620 1164 1672 
354: 270 925 1055 1564 1597 
355: 352 358 
356: 686 1472 1668 1871 
357: 90 141 1523 1662 
358: 355 359 
359: 358 361 
360: 469 953 1635 1821 
361: 359 363 
362: 393 589 625 1393 1409 
363: 361 365 
364: 276 963 1143 1666 1746 
365: 363 366 
366: 365 367 
367: 366 372 
368: 744 974 1559 
369: 324 634 665 1468 1616 
370: 704 922 1286 1989 
371: 9 900 1767 1970 1994 
372: 367 375 
373: 7 78 129 921 1095 
374: 45 287 472 526 746 
375: 372 376 
376: 375 377 
377: 376 378 
378: 377 379 
379: 378 380 
380: 379 381 
381: 380 384 
382: 163 386 588 1264 1844 
383: 325 511 931 1107 1480 
384: 381 387 
385: 183 498 1542 1634 1939 
386: 382 742 1280 1842 
387: 384 388 
388: 387 391 
389: 5 35 244 1106 1429 
390: 123 1018 1273 
391: 388 392 
392: 391 394 
393: 312 362 976 1358 1473 
394: 392 395 
395: 394 398 
396: 1063 1138 1312 1710 
397: 706 941 1113 1643 
398: 395 399 
399: 398 401 
400: 761 1632 1633 
401: 399 404 
402: 90 901 1355 1373 1870 
403: 769 841 1375 1460 
404: 401 405 
405: 404 408 
406: 825 1026 1607 1735 1835 
407: 925 1213 1373 1968 
408: 405 409 
409: 408 410 
410: 409 412 
411: 327 1097 1313 1648 
412: 410 413 
413: 412 414 
414: 413 416 
415: 100 1150 1894 
416: 414 417 
417: 416 418 
418: 417 421 
419: 2 154 162 182 918 
420: 155 231 642 734 
421: 418 424 
422: 515 634 1336 1934 1991 
423: 38 73 1181 1417 1834 
424: 421 425 
425: 424 426 
426: 425 427 
427: 426 428 
428: 427 430 
429: 593 819 1537 1660 
430: 428 432 
431: 221 461 776 1988 
432: 430 433 
433: 432 436 
434: 593 1224 1291 1396 1825 
435: 815 872 1020 1804 1941 
436: 433 439 
437: 637 1163 1667 1814 1882 
438: 327 1032 1593 
439: 436 440 
440: 439 444 
441: 962 1132 1618 1920 
442: 126 319 963 1569 1994 
443: 643 914 974 1708 1912 
444: 440 445 
445: 444 446 
446: 445 447 
447: 446 451 
448: 744 1267 1358 
449: 13 1386 
450: 181 599 1871 
451: 447 452 630 
452: 451 453 
453: 452 454 
454: 453 455 
455: 454 460 
456: 310 489 1130 1618 
457: 154 848 1873 1922 1936 
458: 112 250 
459: 1218 1638 
460: 455 462 
461: 87 431 500 1552 1597 
462: 460 463 
463: 462 464 
464: 463 465 978 
465: 464 468 
466: 605 754 787 1779 1866 
467: 266 1352 1429 1618 1983 
468: 465 474 
469: 360 960 
470: 142 205 859 973 978 
471: 250 286 596 619 1074 
472: 91 374 1752 1990 
473: 129 1996 
474: 468 475 
475: 474 479 
476: 268 745 1398 1759 1865 
477: 39 532 1171 1627 1916 
478: 344 501 508 682 1475 
479: 475 480 
480: 479 482 
481: 307 859 1058 1276 1332 
482: 480 483 
483: 482 485 
484: 732 1876 
485: 483 486 
486: 485 487 
487: 486 488 
488: 221 487 492 
489: 139 456 1037 1939 
490: 44 704 724 1612 1972 
491: 115 669 888 1126 
492: 488 496 
493: 3 710 1100 1518 1614 
494: 118 1074 1779 
495: 511 600 1042 1058 1156 
496: 492 499 
497: 593 1420 
498: 30 162 385 717 
499: 496 502 1851 
500: 461 622 1289 1629 1944 
501: 203 478 745 1768 
502: 499 504 966 
503: 100 700 744 1336 1973 
504: 502 507 
505: 658 1542 1656 1804 
506: 221 709 1153 1780 1835 
507: 504 509 
508: 478 751 1515 
509: 507 510 
510: 509 514 
511: 383 495 879 
512: 720 1316 1706 1759 
513: 908 988 1135 1361 1894 
514: 510 516 
515: 310 422 1133 1423 1731 
516: 514 517 
517: 516 518 
518: 517 519 
519: 518 520 
520: 519 521 
521: 520 522 
522: 521 524 
523: 136 255 312 1619 1760 
524: 522 525 
525: 524 528 
526: 374 579 677 786 1667 
527: 45 1794 
528: 525 529 
529: 528 531 
530: 1462 1507 1967 
531: 529 533 
532: 477 1099 1149 1799 1808 
533: 531 535 
534: 8 627 1347 1648 1956 
535: 533 536 
536: 535 541 
537: 1129 1451 1570 
538: 803 837 960 1071 1993 
539: 78 291 864 1344 1747 
540: 193 1417 1487 1580 1586 
541: 536 542 
542: 541 543 
543: 542 545 
544: 1200 1282 1518 1709 
545: 543 547 
546: 603 1676 1682 1752 1981 
547: 545 549 
548: 204 724 1888 
549: 547 550 
550: 549 551 
551: 550 554 
552: 174 1281 1429 1550 1643 
553: 945 1029 1106 1158 1829 
554: 551 555 
555: 554 556 
556: 555 557 
557: 556 558 
558: 557 559 
559: 558 560 
560: 559 562 
561: 29 318 1687 
562: 560 563 
563: 562 565 
564: 806 965 1865 1893 
565: 563 566 
566: 565 568 
567: 664 1214 1459 1685 1869 
568: 566 569 
569: 568 571 981 
570: 752 945 1495 1935 
571: 569 572 
572: 571 575 
573: 664 1122 1899 
574: 1256 1311 1780 1911 1934 
575: 572 578 
576: 5 1105 1561 1909 
577: 700 1278 
578: 575 581 
579: 48 291 526 682 915 
580: 914 1486 1813 
581: 578 585 
582: 145 257 1766 1935 
583: 63 651 1218 1829 1978 
584: 70 1469 1572 
585: 581 586 
586: 585 587 
587: 586 590 
588: 79 382 800 1876 
589: 362 709 782 1691 
590: 587 601 
591: 220 680 1280 1289 1925 
592: 92 685 1977 
593: 93 429 434 497 1388 
594: 323 1193 1347 1409 1869 
595: 44 244 939 965 1991 
596: 471 782 1204 1342 1964 
597: 319 1090 1953 
598: 327 1391 1469 1605 1682 
599: 450 994 1795 1963 
600: 163 225 495 1155 1466 
601: 590 602 
602: 601 607 
603: 109 546 1029 1801 1973 
604: 215 1196 1969 
605: 466 1627 1783 
606: 262 1274 1414 1920 
607: 602 608 
608: 607 612 
609: 634 1158 1416 1888 
610: 17 638 738 771 1679 
611: 808 1317 1589 
612: 608 613 
613: 612 614 
614: 613 621 
615: 1469 1687 1770 1941 
616: 21 199 1025 1676 1927 
617: 742 809 903 
618: 116 922 958 1153 1156 
619: 53 471 1642 1655 1856 
620: 353 624 938 
621: 614 624 
622: 500 1112 1537 1600 
623: 911 977 1109 1660 1849 
624: 620 621 626 
625: 63 362 1024 1169 1753 
626: 624 628 
627: 534 1459 1497 
628: 626 631 
629: 681 1806 1972 
630: 451 665 1780 
631: 628 633 
632: 231 1058 1174 1262 1983 
633: 631 636 
634: 369 422 609 1482 1953 
635: 168 928 1444 1755 
636: 9 633 639 
637: 269 437 1387 1978 
638: 610 974 1090 1111 1512 
639: 636 640 
640: 639 641 
641: 640 644 
642: 103 350 420 872 1033 
643: 443 1089 1416 1445 1810 
644: 641 646 
645: 756 1296 
646: 644 647 
647: 646 648 
648: 647 649 
649: 648 650 
650: 649 652 
651: 583 1355 1445 1725 1789 
652: 650 653 
653: 652 654 
654: 653 656 
655: 61 825 1139 1605 1688 
656: 654 660 
657: 173 211 250 1356 
658: 207 318 505 696 827 
659: 123 949 1088 1635 1971 
660: 656 661 
661: 660 662 
662: 661 663 
663: 662 666 
664: 567 573 1079 1681 1957 
665: 369 630 1153 1554 1702 
666: 663 667 
667: 666 668 
668: 667 670 
669: 491 1206 1632 
670: 668 672 
671: 203 236 1289 
672: 670 674 
673: 326 1377 1503 1549 1820 
674: 672 675 
675: 674 679 
676: 114 334 1099 1468 1569 
677: 249 526 964 1674 
678: 219 680 954 1183 1623 
679: 675 684 
680: 265 591 678 696 890 
681: 629 1267 1593 1795 1892 
682: 478 579 890 1186 1963 
683: 4 705 946 1251 1732 
684: 679 690 
685: 592 1912 1966 
686: 17 356 1925 1972 
687: 762 977 1225 1386 
688: 219 840 863 1117 1978 
689: 946 1741 
690: 684 693 
691: 213 1856 
692: 1170 1886 
693: 690 694 
694: 693 701 
695: 144 302 769 954 1143 
696: 161 658 680 966 1100 
697: 4 215 1118 1760 
698: 699 1115 1296 
699: 198 698 1195 1472 
700: 503 577 940 1569 1839 
701: 694 702 
702: 701 703 
703: 702 708 
704: 370 490 771 1196 1760 
705: 52 683 1755 
706: 48 397 1171 1241 1858 
707: 105 741 935 1906 1968 
708: 703 711 
709: 506 589 1007 
710: 493 737 746 1354 1574 
711: 708 712 
712: 711 714 
713: 1079 1383 1391 1706 1708 
714: 712 715 
715: 714 718 
716: 51 258 1154 1220 
717: 76 498 1029 1153 1983 
718: 715 719 
719: 718 721 
720: 512 966 1168 1956 
721: 719 723 
722: 32 1166 1431 
723: 721 725 
724: 490 548 1258 1557 1595 
725: 723 730 
726: 297 732 1112 1204 1262 
727: 176 766 1274 1812 1888 
728: 40 921 1155 1596 1761 
729: 249 1430 1953 
730: 725 733 
731: 14 122 752 1291 1316 
732: 484 726 835 1600 
733: 730 735 
734: 121 219 420 
735: 733 736 
736: 735 739 
737: 158 710 1186 
738: 162 610 820 1051 1760 
739: 736 740 
740: 739 743 
741: 19 35 175 277 707 
742: 386 617 
743: 740 747 
744: 368 448 503 1150 1714 
745: 325 476 501 806 1089 
746: 374 710 1214 1403 1944 
747: 743 748 
748: 747 749 
749: 748 750 
750: 749 755 
751: 255 508 859 945 1518 
752: 317 570 731 1682 1969 
753: 972 1367 1506 1964 
754: 322 466 1662 1846 1953 
755: 750 758 
756: 645 1189 1629 1655 
757: 164 291 1466 1948 
758: 755 759 
759: 758 765 
760: 53 256 257 1096 1492 
761: 400 782 1693 1899 
762: 4 297 687 786 1720 
763: 901 1482 1716 1789 1988 
764: 1021 1063 1282 
765: 759 767 
766: 34 116 123 727 
767: 765 770 
768: 323 876 1163 1754 1924 
769: 403 695 1594 1825 
770: 767 772 
771: 188 610 704 1231 1936 
772: 770 774 
773: 1033 1697 1923 
774: 772 775 
775: 774 777 
776: 199 431 782 923 
777: 775 778 
778: 777 780 
779: 268 1359 1600 1724 1834 
780: 778 781 
781: 780 783 
782: 105 589 596 761 776 
783: 781 785 
784: 920 1118 1169 1366 1893 
785: 783 788 
786: 184 526 762 1324 
787: 466 925 1465 1542 1796 
788: 785 789 
789: 788 790 
790: 789 791 
791: 790 792 
792: 791 794 
793: 90 343 829 
794: 792 795 
795: 794 798 
796: 78 1417 1495 
797: 1408 1436 
798: 795 799 
799: 798 801 
800: 168 588 1186 1484 1674 
801: 799 802 
802: 801 804 
803: 34 133 538 1652 1691 
804: 802 805 
805: 804 807 
806: 77 564 745 885 1307 
807: 805 810 
808: 63 611 1993 
809: 176 617 1175 1821 1828 
810: 807 812 
811: 937 1076 1122 1130 
812: 810 813 
813: 812 814 
814: 813 816 
815: 17 435 1037 1174 1503 
816: 814 817 
817: 816 818 
818: 817 819 
819: 429 818 823 
820: 186 738 869 1009 1648 
821: 77 207 1049 1380 
822: 163 826 1251 1397 
823: 819 824 
824: 823 828 
825: 406 655 1653 1745 1839 
826: 822 983 1430 1929 
827: 658 1368 1541 1746 1876 
828: 824 830 
829: 793 1259 
830: 828 831 
831: 830 832 
832: 831 833 
833: 832 834 
834: 833 836 
835: 732 1747 1839 1852 
836: 834 844 
837: 76 538 1158 1646 1735 
838: 876 1148 1273 1788 1837 
839: 924 1095 1403 1770 1873 
840: 688 956 1387 1870 
841: 287 403 1158 1262 
842: 1189 1332 1381 1475 1568 
843: 91 949 1441 1626 1789 
844: 836 846 
845: 288 1042 1149 1164 1463 
846: 844 847 
847: 846 849 
848: 457 1098 1366 1709 1810 
849: 847 850 
850: 849 851 863 
851: 850 852 
852: 851 853 
853: 852 854 
854: 853 855 
855: 854 857 
856: 1018 1634 1693 1694 1944 
857: 855 858 
858: 857 861 
859: 145 470 481 751 1939 
860: 277 1032 1291 1361 
861: 858 862 
862: 861 865 
863: 688 850 994 1076 1858 
864: 62 539 1068 1171 
865: 862 866 
866: 865 867 
867: 866 868 
868: 867 870 
869: 38 820 981 1052 
870: 868 871 
871: 870 873 
872: 435 642 1130 1228 1856 
873: 871 874 
874: 873 875 
875: 874 877 
876: 171 768 838 1005 1781 
877: 875 878 
878: 877 880 
879: 511 972 1074 1274 1896 
880: 878 881 
881: 880 882 
882: 881 886 
883: 325 1795 
884: 1076 1345 1349 1536 1825 
885: 806 1720 
886: 882 887 
887: 886 888 
888: 491 887 889 
889: 888 893 
890: 680 682 982 1214 
891: 30 1461 
892: 96 1851 1865 1866 
893: 889 894 
894: 893 895 
895: 894 896 
896: 895 899 
897: 34 1785 1893 1970 
898: 161 344 1029 1072 1906 
899: 896 902 
900: 136 221 371 1050 1652 
901: 402 763 935 
902: 899 906 
903: 617 1154 1672 1839 
904: 32 199 1441 1617 
905: 174 928 992 1589 
906: 902 907 
907: 906 909 
908: 513 1256 1485 1507 1771 
909: 907 910 
910: 909 912 
911: 623 1099 1105 1211 1265 
912: 910 913 
913: 912 916 
914: 443 580 1028 1105 1857 
915: 83 258 579 1541 1574 
916: 913 917 
917: 916 919 
918: 419 922 1267 1925 
919: 917 927 
920: 784 1668 1714 1973 
921: 373 728 1506 1933 
922: 186 370 618 918 1931 
923: 7 323 343 776 1523 
924: 21 156 839 1627 1708 
925: 354 407 787 1697 
926: 265 1095 1795 
927: 919 929 
928: 635 905 1552 1616 1841 
929: 927 930 
930: 929 932 
931: 175 288 383 1484 1909 
932: 930 933 
933: 932 934 
934: 933 936 
935: 344 707 901 953 1990 
936: 934 942 
937: 811 1010 1071 
938: 38 620 957 
939: 41 595 1451 1924 
940: 700 972 1054 1230 1349 
941: 97 397 1064 1150 
942: 936 943 
943: 942 944 
944: 943 947 
945: 553 570 751 
946: 683 689 1506 1580 
947: 944 952 
948: 138 1049 1170 1204 1266 
949: 29 659 843 
950: 1170 1198 
951: 73 90 963 
952: 947 955 
953: 135 360 935 1112 1171 
954: 678 695 1200 1955 
955: 952 959 
956: 220 333 840 
957: 938 1366 1419 1449 1812 
958: 153 618 1195 1206 1782 
959: 955 961 
960: 469 538 1024 1257 1313 
961: 959 962 
962: 441 961 967 
963: 364 442 951 1192 1963 
964: 202 677 1204 
965: 256 564 595 1383 1957 
966: 502 696 720 1203 1270 
967: 962 968 
968: 967 969 
969: 968 970 
970: 969 971 
971: 970 975 
972: 35 753 879 940 1080 
973: 470 1068 1096 1131 
974: 144 368 443 638 
975: 971 980 
976: 129 302 393 1710 1945 
977: 623 687 1276 1886 
978: 464 470 1480 1709 
979: 90 307 1054 1449 1797 
980: 975 984 
981: 202 569 869 1117 1986 
982: 890 1131 1482 1986 1997 
983: 312 826 1198 1487 1657 
984: 980 985 
985: 984 986 
986: 985 987 
987: 986 990 
988: 123 513 1657 
989: 87 96 1971 
990: 987 991 
991: 990 993 
992: 62 343 350 905 1193 
993: 991 995 
994: 599 863 1796 1924 1998 
995: 993 996 
996: 995 997 
997: 996 998 
998: 997 999 
999: 998 1000 
1000: 999 1001 
1001: 1000 1002 
1002: 1001 1003 
1003: 1002 1006 
1004: 61 1419 1679 
1005: 225 876 1276 
1006: 1003 1008 
1007: 182 709 1495 
1008: 1006 1011 1152 1676 
1009: 820 1070 1080 1420 1628 
1010: 153 937 1359 1626 1839 
1011: 1008 1012 
1012: 1011 1013 
1013: 1012 1014 
1014: 1013 1015 
1015: 1014 1016 
1016: 1015 1017 
1017: 1016 1022 
1018: 390 856 1383 
1019: 41 141 
1020: 435 1097 1629 1895 1981 
1021: 288 764 1220 1356 
1022: 1017 1023 
1023: 1022 1027 1670 
1024: 625 960 1088 1560 1908 
1025: 616 1797 
1026: 317 406 1041 1266 1856 
1027: 1023 1030 
1028: 254 914 1285 
1029: 553 603 717 898 1115 
1030: 1027 1031 
1031: 1030 1034 
1032: 438 860 1347 1524 1841 
1033: 642 773 1133 1964 
1034: 1031 1035 
1035: 1034 1036 
1036: 1035 1038 
1037: 489 815 1418 1646 1988 
1038: 1036 1039 
1039: 1038 1040 
1040: 1039 1043 
1041: 1026 1130 1257 1276 1752 
1042: 283 495 845 1157 1637 
1043: 1040 1044 
1044: 1043 1046 
1045: 1414 1465 1754 
1046: 92 1044 1047 
1047: 1046 1048 
1048: 1047 1053 
1049: 821 948 1358 1655 1888 
1050: 900 1117 1373 1716 
1051: 738 1475 1532 1607 
1052: 869 1193 1493 1512 
1053: 1048 1056 
1054: 18 150 940 979 1449 
1055: 354 1527 1661 1681 1707 
1056: 1053 1057 
1057: 1056 1059 
1058: 481 495 632 1344 1397 
1059: 1057 1060 
1060: 1059 1061 
1061: 1060 1062 
1062: 1061 1066 
1063: 56 198 396 764 1619 
1064: 93 240 304 941 1951 
1065: 277 1459 1479 1638 1814 
1066: 1062 1067 
1067: 1066 1069 
1068: 116 864 973 1727 
1069: 1067 1072 
1070: 77 1009 1289 1334 1492 
1071: 200 231 538 937 
1072: 898 1069 1073 
1073: 1072 1075 
1074: 471 494 879 1342 1951 
1075: 1073 1078 
1076: 811 863 884 1783 1899 
1077: 79 115 1147 1600 1771 
1078: 1075 1081 
1079: 295 664 713 1192 1618 
1080: 174 972 1009 1088 1945 
1081: 1078 1082 
1082: 1081 1084 
1083: 268 1256 1741 1872 
1084: 1082 1085 
1085: 1084 1086 
1086: 1085 1087 
1087: 1086 1091 
1088: 105 142 659 1024 1080 
1089: 643 745 1156 1693 
1090: 13 597 638 1536 1623 
1091: 1087 1092 
1092: 1091 1093 
1093: 1092 1094 
1094: 1093 1101 
1095: 373 839 926 1674 
1096: 760 973 1964 1998 
1097: 411 1020 1126 1286 1893 
1098: 38 848 1402 1824 
1099: 232 266 532 676 911 
1100: 493 696 1147 1727 1824 
1101: 1094 1102 
1102: 1101 1103 
1103: 1102 1104 
1104: 1103 1108 1359 
1105: 576 911 914 
1106: 79 389 553 1344 1626 
1107: 383 1129 1486 1724 1824 
1108: 1104 1110 
1109: 623 1525 1689 1806 
1110: 1108 1114 
1111: 318 638 1436 1779 1808 
1112: 622 726 953 1873 1945 
1113: 189 265 397 
1114: 1110 1119 
1115: 228 698 1029 1420 
1116: 203 276 1428 1621 
1117: 688 981 1050 1196 1307 
1118: 697 784 1462 
1119: 1114 1120 
1120: 1119 1121 
1121: 1120 1123 
1122: 573 811 1258 1484 1788 
1123: 1121 1124 
1124: 1123 1125 
1125: 1124 1127 
1126: 266 491 1097 1676 1909 
1127: 1125 1128 
1128: 1127 1134 
1129: 537 1107 1554 1556 1761 
1130: 456 811 872 1041 1681 
1131: 973 982 1432 1460 1869 
1132: 9 91 441 1653 
1133: 226 515 1033 
1134: 1128 1136 
1135: 350 513 1492 1521 1544 
1136: 1134 1137 
1137: 1136 1141 
1138: 396 1543 1659 
1139: 236 254 655 1393 1409 
1140: 96 193 1948 
1141: 1137 1142 
1142: 1141 1144 
1143: 306 364 695 1368 1988 
1144: 1142 1145 
1145: 1144 1148 
1146: 262 1348 1849 1857 1873 
1147: 276 1077 1100 1397 
1148: 838 1145 1159 
1149: 532 845 1559 1991 
1150: 3 93 415 744 941 
1151: 161 1164 
1152: 1008 1157 1560 1725 
1153: 304 506 618 665 717 
1154: 236 716 903 1727 1766 
1155: 254 600 728 1411 1710 
1156: 240 495 618 1089 
1157: 1042 1152 1402 1797 1920 
1158: 553 609 837 841 1614 
1159: 1148 1161 
1160: 1689 1955 1973 
1161: 1159 1162 
1162: 1161 1165 
1163: 437 768 1284 1460 1676 
1164: 184 353 845 1151 1607 
1165: 1162 1167 
1166: 722 1311 1660 1662 1702 
1167: 1165 1172 
1168: 720 1559 1584 1990 
1169: 45 200 625 784 1649 
1170: 692 948 950 1735 
1171: 103 477 706 864 953 
1172: 1167 1173 
1173: 1172 1177 
1174: 632 815 1939 1945 1951 
1175: 105 809 1211 1646 1869 
1176: 142 1353 1642 1927 
1177: 1173 1178 
1178: 1177 1179 
1179: 1178 1180 
1180: 1179 1181 
1181: 423 1180 1182 
1182: 1181 1184 
1183: 678 1617 1841 
1184: 1182 1185 
1185: 1184 1187 
1186: 682 737 800 1512 1549 
1187: 1185 1188 
1188: 1187 1190 
1189: 756 842 1395 1886 
1190: 1188 1191 
1191: 1190 1194 
1192: 154 319 963 1079 1625 
1193: 594 992 1052 
1194: 1191 1197 
1195: 15 302 699 958 1311 
1196: 604 704 1117 1239 1725 
1197: 1194 1199 
1198: 950 983 
1199: 1197 1202 
1200: 254 544 954 1554 1779 
1201: 13 161 1553 1771 1813 
1202: 1199 1205 
1203: 15 70 966 
1204: 596 726 948 964 
1205: 1202 1207 
1206: 669 958 1530 1553 1894 
1207: 1205 1208 
1208: 1207 1209 
1209: 1208 1210 
1210: 1209 1212 
1211: 5 911 1175 1621 1821 
1212: 1210 1215 
1213: 48 407 1278 1637 
1214: 567 746 890 1503 
1215: 1212 1216 
1216: 1215 1219 
1217: 188 258 1403 1862 
1218: 459 583 1472 1762 
1219: 1216 1221 
1220: 716 1021 1487 
1221: 1219 1222 
1222: 1221 1223 
1223: 1222 1226 
1224: 434 1444 1543 1906 1972 
1225: 9 687 1576 
1226: 1223 1227 
1227: 1226 1229 
1228: 872 1230 1596 1621 
1229: 1227 1232 
1230: 205 940 1228 1488 1872 
1231: 129 188 771 1353 1697 
1232: 1229 1233 
1233: 1232 1234 
1234: 1233 1235 
1235: 1234 1236 
1236: 1235 1237 
1237: 1236 1238 
1238: 1237 1242 
1239: 61 1196 1615 
1240: 173 250 1578 1908 
1241: 706 1694 
1242: 1238 1243 
1243: 1242 1245 
1244: 176 1418 1472 1702 1933 
1245: 1243 1246 
1246: 1245 1247 
1247: 1246 1248 
1248: 1247 1249 
1249: 1248 1250 
1250: 1249 1252 
1251: 683 822 1655 
1252: 1250 1254 
1253: 98 1265 1536 1553 1948 
1254: 1252 1255 
1255: 1254 1260 
1256: 574 908 1083 1785 1799 
1257: 960 1041 1605 1694 1762 
1258: 724 1122 1444 1623 
1259: 199 829 1366 1581 1710 
1260: 1255 1261 
1261: 1260 1263 
1262: 53 56 632 726 841 
1263: 1261 1268 
1264: 77 318 382 1462 1655 
1265: 211 326 339 911 1253 
1266: 150 948 1026 
1267: 334 448 681 918 1895 
1268: 1263 1269 
1269: 1268 1271 
1270: 966 1328 1353 1644 1841 
1271: 1269 1272 
1272: 1271 1275 
1273: 18 182 390 838 1544 
1274: 606 727 879 
1275: 1272 1279 
1276: 481 977 1005 1041 
1277: 72 1414 1530 
1278: 92 577 1213 1941 
1279: 1275 1283 
1280: 228 386 591 1628 1759 
1281: 552 1807 1895 
1282: 544 764 1662 
1283: 1279 1288 
1284: 112 1163 1328 
1285: 1028 1475 
1286: 310 370 1097 1953 
1287: 1445 1462 1578 
1288: 1283 1290 
1289: 500 591 671 1070 1931 
1290: 1288 1292 
1291: 434 731 860 1313 1936 
1292: 263 1290 1293 
1293: 1292 1294 
1294: 1293 1295 
1295: 1294 1297 
1296: 645 698 1336 1720 
1297: 1295 1298 
1298: 1297 1299 
1299: 1298 1300 
1300: 1299 1301 
1301: 1300 1302 
1302: 1301 1303 
1303: 1302 1304 
1304: 1303 1305 
1305: 1304 1306 
1306: 1305 1308 
1307: 213 806 1117 1430 1991 
1308: 1306 1309 
1309: 1308 1310 
1310: 1309 1314 
1311: 574 1166 1195 
1312: 396 1632 1847 
1313: 200 411 960 1291 1411 
1314: 1310 1315 
1315: 1314 1318 
1316: 512 731 1707 
1317: 44 141 611 1714 
1318: 1315 1319 
1319: 1318 1320 
1320: 1319 1321 
1321: 1320 1322 
1322: 1321 1323 
1323: 1322 1325 
1324: 121 189 786 1461 1963 
1325: 1323 1326 
1326: 1325 1327 
1327: 1326 1330 
1328: 1270 1284 1706 1853 
1329: 87 97 226 1377 
1330: 1327 1331 
1331: 1330 1333 
1332: 135 481 842 1866 
1333: 1331 1335 
1334: 1070 1381 1428 1820 1955 
1335: 1333 1337 
1336: 266 422 503 1296 1584 
1337: 1335 1338 
1338: 1337 1339 
1339: 1338 1340 
1340: 1339 1341 
1341: 1340 1343 
1342: 174 596 1074 1625 
1343: 1341 1345 
1344: 539 1058 1106 1627 1760 
1345: 884 1343 1346 
1346: 1345 1351 
1347: 534 594 1032 1767 
1348: 1146 1625 1872 
1349: 884 940 1569 1940 1971 
1350: 43 161 1527 1543 1638 
1351: 1346 1357 
1352: 228 467 1619 
1353: 175 1176 1231 1270 1657 
1354: 710 1485 
1355: 339 402 651 1386 1644 
1356: 657 1021 1463 1558 1746 
1357: 1351 1362 
1358: 211 393 448 1049 1595 
1359: 30 779 1010 1104 
1360: 76 150 218 1853 1997 
1361: 513 860 1687 1920 
1362: 1357 1364 
1363: 1386 1517 
1364: 1362 1365 
1365: 1364 1369 
1366: 199 784 848 957 1259 
1367: 64 753 1693 1785 
1368: 40 827 1143 
1369: 1365 1370 
1370: 1369 1371 
1371: 1370 1372 
1372: 1371 1374 
1373: 14 79 402 407 1050 
1374: 1372 1376 
1375: 265 297 403 1530 
1376: 1374 1378 
1377: 673 1329 
1378: 1376 1379 
1379: 1378 1382 
1380: 76 821 1395 1688 1829 
1381: 79 842 1334 1759 1977 
1382: 1379 1384 
1383: 713 965 1018 1895 
1384: 1382 1385 
1385: 1384 1389 
1386: 449 687 1355 1363 1642 
1387: 236 310 327 637 840 
1388: 121 270 593 1541 
1389: 1385 1390 
1390: 1389 1392 
1391: 63 598 713 
1392: 1390 1394 
1393: 115 362 1139 1506 1979 
1394: 1392 1399 
1395: 1189 1380 1401 
1396: 200 434 1767 
1397: 822 1058 1147 1781 1858 
1398: 476 1934 
1399: 1394 1400 
1400: 1399 1404 
1401: 34 1395 1472 1662 1810 
1402: 198 1098 1157 
1403: 51 746 839 1217 1411 
1404: 1400 1405 
1405: 1404 1406 
1406: 1405 1407 
1407: 1406 1410 
1408: 797 1492 
1409: 288 362 594 1139 1437 
1410: 1407 1412 
1411: 254 1155 1313 1403 
1412: 1410 1413 
1413: 1412 1415 
1414: 93 606 1045 1277 
1415: 1413 1421 
1416: 307 609 643 1766 1948 
1417: 423 540 796 1997 
1418: 1037 1244 
1419: 957 1004 1727 1893 1955 
1420: 497 1009 1115 
1421: 1415 1422 
1422: 133 1421 1424 
1423: 106 150 515 
1424: 1422 1425 
1425: 1424 1426 
1426: 1425 1427 
1427: 1426 1433 
1428: 350 1116 1334 1552 1912 
1429: 389 467 552 1616 
1430: 144 173 729 826 1307 
1431: 722 1770 
1432: 322 1131 1451 1706 1801 
1433: 1427 1434 
1434: 1433 1435 
1435: 1434 1438 
1436: 797 1111 
1437: 299 1409 
1438: 1435 1439 
1439: 1438 1440 
1440: 1439 1442 
1441: 170 843 904 1991 
1442: 1440 1443 
1443: 1442 1446 
1444: 635 1224 1258 1714 1732 
1445: 643 651 1287 1618 
1446: 1443 1447 
1447: 1446 1448 
1448: 1447 1450 
1449: 231 957 979 1054 
1450: 1448 1452 
1451: 537 939 1432 
1452: 1450 1453 
1453: 1452 1454 
1454: 1453 1456 
1455: 64 1619 1681 
1456: 1454 1457 
1457: 1456 1458 
1458: 1457 1464 
1459: 45 567 627 1065 
1460: 403 1131 1163 1465 1612 
1461: 118 891 1324 
1462: 530 1118 1264 1287 1661 
1463: 845 1356 1521 1974 
1464: 1458 1467 
1465: 207 787 1045 1460 1972 
1466: 600 757 1761 1983 
1467: 1464 1470 
1468: 334 369 676 1564 
1469: 584 598 615 1771 1841 
1470: 1467 1471 
1471: 1470 1474 
1472: 356 699 1218 1244 1401 
1473: 205 220 322 393 1589 
1474: 1471 1476 
1475: 478 842 1051 1285 
1476: 1474 1477 
1477: 1476 1478 
1478: 1477 1481 
1479: 263 1065 1643 
1480: 383 978 1614 1646 1994 
1481: 1478 1483 
1482: 634 763 982 1541 1581 
1483: 1481 1489 
1484: 800 931 1122 1731 
1485: 908 1354 1517 1801 1940 
1486: 155 202 580 1107 1664 
1487: 155 170 540 983 1220 
1488: 116 269 1230 1741 1762 
1489: 1483 1490 
1490: 1489 1491 
1491: 1490 1496 
1492: 29 760 1070 1135 1408 
1493: 1052 1941 
1494: 45 133 1523 1649 1779 
1495: 570 796 1007 1745 1876 
1496: 1491 1498 
1497: 326 627 1837 1963 
1498: 1496 1499 
1499: 1498 1500 
1500: 1499 1501 
1501: 1500 1502 
1502: 1501 1504 
1503: 673 815 1214 1876 1945 
1504: 1502 1505 
1505: 1504 1508 
1506: 753 921 946 1393 1853 
1507: 286 530 908 1939 
1508: 1505 1509 
1509: 1508 1510 
1510: 1509 1511 
1511: 1510 1513 
1512: 41 638 1052 1186 
1513: 1511 1514 
1514: 1513 1516 
1515: 508 1597 1621 
1516: 1514 1519 
1517: 141 1363 1485 1549 1825 
1518: 493 544 751 1936 
1519: 1516 1520 
1520: 1519 1522 
1521: 92 1135 1463 
1522: 1520 1526 
1523: 225 357 923 1494 1782 
1524: 245 1032 1682 
1525: 21 138 1109 1771 
1526: 1522 1528 
1527: 1055 1350 1720 1755 1810 
1528: 1526 1529 
1529: 1528 1531 
1530: 226 235 1206 1277 1375 
1531: 1529 1532 
1532: 1051 1531 1533 
1533: 1532 1534 
1534: 1533 1535 
1535: 1534 1538 
1536: 884 1090 1253 1656 
1537: 429 622 1595 1625 1808 
1538: 1535 1539 
1539: 1538 1540 
1540: 1539 1545 
1541: 827 915 1388 1482 
1542: 385 505 787 1888 
1543: 218 1138 1224 1350 
1544: 109 1135 1273 1723 1735 
1545: 1540 1546 
1546: 1545 1547 
1547: 1546 1548 
1548: 1547 1550 
1549: 43 294 673 1186 1517 
1550: 552 1548 1551 
1551: 1550 1555 
1552: 267 461 928 1428 1734 
1553: 1201 1206 1253 1666 
1554: 665 1129 1200 1951 1983 
1555: 1551 1556 
1556: 1129 1555 1562 
1557: 257 724 1580 1666 
1558: 1356 1691 1851 1852 1859 
1559: 368 1149 1168 1628 
1560: 302 1024 1152 
1561: 153 189 286 576 
1562: 1556 1563 
1563: 1562 1565 
1564: 83 354 1468 
1565: 1563 1566 
1566: 1565 1567 
1567: 1566 1568 
1568: 842 1567 1571 
1569: 168 442 676 700 1349 
1570: 103 537 
1571: 1568 1573 
1572: 228 584 1617 1652 1689 
1573: 1571 1575 
1574: 283 710 915 
1575: 1573 1577 
1576: 100 1225 1615 
1577: 1575 1579 
1578: 2 1240 1287 1732 
1579: 1577 1582 
1580: 4 540 946 1557 1668 
1581: 1259 1482 1870 
1582: 1579 1583 
1583: 1582 1585 
1584: 96 1168 1336 1849 1859 
1585: 1583 1587 
1586: 540 1842 
1587: 1585 1588 
1588: 1587 1590 
1589: 611 905 1473 
1590: 1588 1591 
1591: 1590 1592 
1592: 1591 1598 
1593: 287 438 681 
1594: 268 769 1788 1833 
1595: 324 724 1358 1537 1922 
1596: 728 1228 1666 1828 1979 
1597: 354 461 1515 1970 
1598: 1592 1599 
1599: 1598 1601 
1600: 622 732 779 1077 1794 
1601: 1599 1602 
1602: 1601 1603 
1603: 1602 1604 
1604: 1603 1608 
1605: 56 598 655 1257 1782 
1606: 1694 1723 1796 
1607: 406 1051 1164 
1608: 1604 1609 
1609: 1608 1610 
1610: 1609 1611 
1611: 1610 1613 
1612: 123 490 1460 
1613: 1611 1620 
1614: 493 1158 1480 1661 1829 
1615: 35 335 1239 1576 1807 
1616: 3 158 369 928 1429 
1617: 904 1183 1572 1807 1849 
1618: 441 456 467 1079 1445 
1619: 287 523 1063 1352 1455 
1620: 1613 1624 
1621: 232 1116 1211 1228 1515 
1622: 1672 1707 1846 1929 1999 
1623: 138 678 1090 1258 
1624: 1620 1630 
1625: 1192 1342 1348 1537 1804 
1626: 122 843 1010 1106 1834 
1627: 477 605 924 1344 1689 
1628: 1009 1280 1559 1664 1859 
1629: 500 756 1020 1745 1981 
1630: 1624 1631 
1631: 1630 1636 
1632: 400 669 1312 1853 1862 
1633: 163 400 
1634: 133 385 856 1767 1882 
1635: 109 360 659 
1636: 1631 1639 
1637: 263 326 1042 1213 
1638: 459 1065 1350 1820 
1639: 1636 1640 
1640: 1639 1641 
1641: 1640 1645 
1642: 294 619 1176 1386 1967 
1643: 397 552 1479 
1644: 1270 1355 1783 
1645: 1641 1647 
1646: 198 837 1037 1175 1480 
1647: 1645 1650 
1648: 411 534 820 1723 
1649: 1169 1494 1986 
1650: 1647 1651 
1651: 1650 1654 
1652: 803 900 1572 
1653: 165 825 1132 
1654: 1651 1659 
1655: 619 756 1049 1251 1264 
1656: 70 350 505 1536 1753 
1657: 983 988 1353 1708 1896 
1658: 245 1912 1968 
1659: 1138 1654 1663 
1660: 429 623 1166 1912 
1661: 1055 1462 1614 
1662: 357 754 1166 1282 1401 
1663: 1659 1665 
1664: 1486 1628 1723 1734 1762 
1665: 1663 1669 
1666: 51 364 1553 1557 1596 
1667: 18 437 526 1685 1781 
1668: 126 344 356 920 1580 
1669: 1665 1671 1754 
1670: 105 1023 1940 
1671: 1669 1673 
1672: 19 353 903 1622 1789 
1673: 1671 1675 
1674: 677 800 1095 
1675: 1673 1677 
1676: 546 616 1008 1126 1163 
1677: 1675 1678 
1678: 1677 1680 
1679: 121 610 1004 
1680: 1678 1683 
1681: 333 664 1055 1130 1455 
1682: 546 598 752 1524 1894 
1683: 1680 1684 
1684: 1683 1686 
1685: 126 567 1667 
1686: 1684 1690 
1687: 561 615 1361 
1688: 153 655 1380 1966 1967 
1689: 1109 1160 1572 1627 
1690: 1686 1692 
1691: 145 589 803 1558 
1692: 1690 1695 
1693: 761 856 1089 1367 
1694: 335 856 1241 1257 1606 
1695: 1692 1696 
1696: 1695 1698 
1697: 98 773 925 1231 1801 
1698: 1696 1699 
1699: 1698 1700 
1700: 1699 1701 
1701: 1700 1703 
1702: 4 34 665 1166 1244 
1703: 1701 1704 
1704: 1703 1705 
1705: 1704 1711 
1706: 512 713 1328 1432 1842 
1707: 1055 1316 1622 1755 1970 
1708: 443 713 924 1657 
1709: 5 158 544 848 978 
1710: 318 396 976 1155 1259 
1711: 1705 1712 
1712: 1711 1713 
1713: 1712 1715 
1714: 744 920 1317 1444 1894 
1715: 1713 1717 
1716: 267 763 1050 1922 1966 
1717: 1715 1718 
1718: 1717 1719 
1719: 1718 1721 
1720: 283 762 885 1296 1527 
1721: 1719 1722 
1722: 1721 1726 
1723: 183 1544 1606 1648 1664 
1724: 171 779 1107 1801 1929 
1725: 651 1152 1196 
1726: 1722 1728 
1727: 155 1068 1100 1154 1419 
1728: 1726 1729 
1729: 1728 1730 
1730: 1729 1733 
1731: 236 295 515 1484 
1732: 683 1444 1578 1846 
1733: 1730 1736 
1734: 21 1552 1664 
1735: 406 837 1170 1544 1967 
1736: 1733 1737 
1737: 1736 1738 
1738: 1737 1739 
1739: 1738 1740 
1740: 1739 1742 
1741: 689 1083 1488 
1742: 1740 1743 
1743: 1742 1744 
1744: 1743 1748 
1745: 825 1495 1629 1835 
1746: 56 364 827 1356 1998 
1747: 228 539 835 1794 
1748: 1744 1749 
1749: 1748 1750 
1750: 1749 1751 
1751: 1750 1756 
1752: 77 472 546 1041 1907 
1753: 184 625 1656 
1754: 768 1045 1669 
1755: 635 705 1527 1707 
1756: 1751 1757 
1757: 1756 1758 
1758: 1757 1763 
1759: 476 512 1280 1381 
1760: 523 697 704 738 1344 
1761: 98 297 728 1129 1466 
1762: 189 1218 1257 1488 1664 
1763: 1758 1764 
1764: 1763 1765 
1765: 1764 1769 
1766: 139 193 582 1154 1416 
1767: 262 371 1347 1396 1634 
1768: 35 269 501 1849 
1769: 1765 1772 
1770: 615 839 1431 
1771: 908 1077 1201 1469 1525 
1772: 1769 1773 
1773: 1772 1774 
1774: 1773 1775 
1775: 1774 1776 
1776: 1775 1777 
1777: 1776 1778 
1778: 1777 1784 
1779: 466 494 1111 1200 1494 
1780: 506 574 630 1931 
1781: 181 876 1397 1667 1968 
1782: 958 1523 1605 1957 
1783: 605 1076 1644 
1784: 1778 1786 
1785: 17 118 897 1256 1367 
1786: 1784 1787 
1787: 1786 1790 
1788: 304 838 1122 1594 1879 
1789: 651 763 843 1672 1837 
1790: 1787 1791 
1791: 1790 1792 
1792: 1791 1793 
1793: 1792 1800 
1794: 527 1600 1747 
1795: 599 681 883 926 1906 
1796: 138 787 994 1606 
1797: 979 1025 1157 
1798: 39 258 307 1977 
1799: 532 1256 
1800: 1793 1802 
1801: 603 1432 1485 1697 1724 
1802: 1800 1803 
1803: 1802 1805 
1804: 182 256 435 505 1625 
1805: 1803 1809 
1806: 200 629 1109 
1807: 158 327 1281 1615 1617 
1808: 162 532 1111 1537 1924 
1809: 1805 1811 
1810: 643 848 1401 1527 1956 
1811: 1809 1815 
1812: 175 235 344 727 957 
1813: 78 135 580 1201 1833 
1814: 165 291 437 1065 1895 
1815: 1811 1816 
1816: 1815 1817 
1817: 1816 1818 
1818: 1817 1819 1865 
1819: 1818 1822 
1820: 673 1334 1638 
1821: 135 323 360 809 1211 
1822: 1819 1823 
1823: 1822 1826 
1824: 91 163 1098 1100 1107 
1825: 114 434 769 884 1517 
1826: 1823 1827 
1827: 1826 1830 
1828: 218 809 1596 
1829: 553 583 1380 1614 
1830: 1827 1831 
1831: 1830 1832 
1832: 1831 1836 
1833: 83 1594 1813 
1834: 109 240 423 779 1626 
1835: 312 406 506 1745 1871 
1836: 1832 1838 
1837: 72 126 838 1497 1789 
1838: 1836 1840 
1839: 700 825 835 903 1010 
1840: 1838 1843 
1841: 928 1032 1183 1270 1469 
1842: 386 1586 1706 
1843: 1840 1845 
1844: 382 1923 
1845: 1843 1848 
1846: 754 1622 1732 
1847: 189 1312 
1848: 1845 1850 
1849: 623 1146 1584 1617 1768 
1850: 1848 1854 
1851: 126 499 892 1558 1989 
1852: 312 339 835 1558 1986 
1853: 1328 1360 1506 1632 1977 
1854: 1850 1855 
1855: 1854 1860 
1856: 619 691 872 1026 1879 
1857: 255 914 1146 1976 
1858: 164 324 706 863 1397 
1859: 1558 1584 1628 1899 1922 
1860: 1855 1861 
1861: 1860 1863 
1862: 1217 1632 
1863: 1861 1864 
1864: 1863 1867 
1865: 476 564 892 1818 
1866: 249 466 892 1332 
1867: 1864 1868 
1868: 1867 1874 
1869: 322 567 594 1131 1175 
1870: 268 307 402 840 1581 
1871: 356 450 1835 
1872: 1083 1230 1348 
1873: 288 457 839 1112 1146 
1874: 1868 1875 
1875: 1874 1878 
1876: 484 588 827 1495 1503 
1877: 38 156 
1878: 1875 1880 
1879: 1788 1856 
1880: 1878 1881 
1881: 1880 1883 
1882: 437 1634 
1883: 1881 1884 
1884: 1883 1885 
1885: 1884 1887 
1886: 333 692 977 1189 
1887: 1885 1889 
1888: 548 609 727 1049 1542 
1889: 1887 1890 
1890: 1889 1891 
1891: 1890 1897 
1892: 681 1899 
1893: 564 784 897 1097 1419 
1894: 415 513 1206 1682 1714 
1895: 1020 1267 1281 1383 1814 
1896: 103 879 1657 
1897: 1891 1898 
1898: 1897 1900 
1899: 573 761 1076 1859 1892 
1900: 1898 1901 
1901: 1900 1902 
1902: 1901 1903 
1903: 1902 1904 
1904: 1903 1905 
1905: 1904 1910 
1906: 707 898 1224 1795 1929 
1907: 122 1752 1933 
1908: 98 294 1024 1240 
1909: 325 576 931 1126 1956 
1910: 1905 1913 
1911: 32 574 
1912: 443 685 1428 1658 1660 
1913: 1910 1914 
1914: 1913 1915 
1915: 1914 1916 
1916: 477 1915 1917 
1917: 1916 1918 
1918: 1917 1919 
1919: 1918 1921 
1920: 240 441 606 1157 1361 
1921: 1919 1926 
1922: 122 457 1595 1716 1859 
1923: 287 773 1844 1989 
1924: 768 939 994 1808 1994 
1925: 188 591 686 918 
1926: 1921 1928 
1927: 96 616 1176 1986 
1928: 1926 1930 
1929: 826 1622 1724 1906 1981 
1930: 1928 1932 
1931: 922 1289 1780 
1932: 1930 1937 
1933: 114 244 921 1244 1907 
1934: 422 574 1398 1935 
1935: 322 570 582 1934 
1936: 226 457 771 1291 1518 
1937: 1932 1938 
1938: 1937 1942 
1939: 385 489 859 1174 1507 
1940: 1349 1485 1670 
1941: 435 615 1278 1493 
1942: 1938 1943 
1943: 1942 1946 
1944: 500 746 856 1968 
1945: 976 1080 1112 1174 1503 
1946: 1943 1947 
1947: 1946 1949 
1948: 757 1140 1253 1416 
1949: 1947 1950 
1950: 1949 1952 
1951: 1064 1074 1174 1554 
1952: 1950 1954 
1953: 597 634 729 754 1286 
1954: 1952 1958 
1955: 171 954 1160 1334 1419 
1956: 534 720 1810 1909 
1957: 258 266 664 965 1782 
1958: 1954 1959 
1959: 1958 1960 
1960: 1959 1961 
1961: 1960 1962 
1962: 1961 1965 
1963: 599 682 963 1324 1497 
1964: 596 753 1033 1096 
1965: 1962 1974 
1966: 87 142 685 1688 1716 
1967: 133 530 1642 1688 1735 
1968: 407 707 1658 1781 1944 
1969: 83 226 604 752 
1970: 371 897 1597 1707 
1971: 659 989 1349 
1972: 490 629 686 1224 1465 
1973: 503 603 920 1160 
1974: 1463 1965 1975 
1975: 1974 1980 
1976: 9 218 1857 
1977: 218 592 1381 1798 1853 
1978: 43 198 583 637 688 
1979: 142 1393 1596 
1980: 1975 1982 
1981: 162 546 1020 1629 1929 
1982: 1980 1984 
1983: 467 632 717 1466 1554 
1984: 1982 1985 
1985: 1984 1987 
1986: 981 982 1649 1852 1927 
1987: 1985 1992 
1988: 186 431 763 1037 1143 
1989: 154 370 1851 1923 
1990: 472 935 1168 
1991: 422 595 1149 1307 1441 
1992: 1987 1995 
1993: 267 538 808 
1994: 202 371 442 1480 1924 
1995: 1992 
1996: 207 473 
1997: 145 186 982 1360 1417 
1998: 97 994 1096 1746 
1999: 98 109 139 1622 
40