0: 1 115 260 599 1798 
1: 0 3 255 
2: 423 845 
3: 1 4 72 115 358 
4: 3 6 231 1172 1432 
5: 149 1242 1904 
6: 4 7 708 1349 
7: 6 12 118 457 1805 
8: 1560 1614 1779 1820 
9: 1161 1538 1614 1978 1979 
10: 153 1019 1232 1641 
11: 466 748 1195 1564 1581 
12: 7 15 863 1396 
13: 53 615 674 1256 1936 
14: 1100 1264 1518 1699 
15: 12 16 37 338 1022 
16: 15 18 79 275 1360 
17: 119 206 991 1861 1957 
18: 16 19 816 1224 
19: 18 22 640 778 
20: 172 449 929 983 1355 
21: 208 732 1764 
22: 19 23 
23: 22 26 524 1063 1064 
24: 868 1126 1314 1591 
25: 40 544 1364 1920 
26: 23 29 276 1896 
27: 163 936 1758 
28: 648 843 
29: 26 30 368 707 968 
30: 29 31 139 1516 1697 
31: 30 32 304 
32: 31 34 569 1331 
33: 288 700 1252 1372 1618 
34: 32 35 438 
35: 34 37 299 882 1939 
36: 1013 1036 1194 1256 1514 
37: 15 35 38 405 549 
38: 37 39 886 
39: 38 43 416 1471 
40: 25 42 232 772 
41: 193 208 529 986 1682 
42: 40 824 1040 1895 
43: 39 44 104 
44: 43 45 102 1123 1892 
45: 44 46 949 1185 
46: 45 47 385 1830 1863 
47: 46 48 1665 
48: 47 52 367 1542 1715 
49: 126 514 959 977 1180 
50: 513 588 1029 1198 1907 
51: 229 772 1002 1246 
52: 48 56 479 
53: 13 133 548 675 1831 
54: 389 951 1016 
55: 305 1201 
56: 52 57 1223 1434 
57: 56 58 860 1444 1793 
58: 57 59 275 1263 1873 
59: 58 62 1892 
60: 612 1037 1155 
61: 680 845 876 1011 
62: 59 63 1338 
63: 62 64 973 1685 1718 
64: 63 68 1367 
65: 349 747 1140 1529 
66: 1800 1943 1960 
67: 575 1779 1801 
68: 64 69 707 734 1785 
69: 68 70 778 1331 1458 
70: 69 71 1517 1667 
71: 70 72 1356 1860 
72: 3 71 73 1047 
73: 72 74 
74: 73 76 1182 1690 
75: 720 1538 1670 
76: 74 77 1949 
77: 76 79 125 1004 
78: 796 1136 1315 1518 
79: 16 77 80 179 707 
80: 79 81 759 1350 
81: 80 82 1230 
82: 81 88 321 
83: 361 475 483 904 1717 
84: 1087 1252 1974 
85: 250 692 1347 1901 1977 
86: 770 922 947 1257 
87: 267 572 721 922 1809 
88: 82 90 1327 
89: 92 211 1958 
90: 88 93 1467 
91: 349 679 930 
92: 89 284 945 1072 1135 
93: 90 98 584 
94: 629 939 1317 1514 1626 
95: 945 1490 1573 1614 
96: 471 643 725 1384 
97: 544 983 1200 1714 1925 
98: 93 99 540 1729 1849 
99: 98 101 1439 
100: 472 482 1035 1775 1990 
101: 99 102 1548 1822 1975 
102: 44 101 104 400 
103: 471 870 879 1961 
104: 43 102 108 510 689 
105: 662 1389 1476 1569 1670 
106: 719 1151 1364 1435 
107: 175 193 619 731 1446 
108: 104 111 459 1608 
109: 690 1180 1235 1267 1673 
110: 469 1856 
111: 108 112 
112: 111 113 621 1447 
113: 112 114 793 
114: 113 115 151 
115: 0 3 114 118 1494 
116: 347 1102 1129 1320 
117: 626 687 1829 1966 
118: 7 115 121 1307 1408 
119: 17 1014 
120: 881 1066 1193 1711 
121: 118 122 302 358 1968 
122: 121 123 276 1385 1713 
123: 122 124 235 418 1388 
124: 123 125 812 1329 
125: 77 124 129 159 1074 
126: 49 1125 1810 
127: 408 1114 1261 
128: 990 1014 1102 
129: 125 130 310 1447 
130: 129 132 378 457 
131: 399 783 1085 1675 
132: 130 135 459 1814 
133: 53 278 674 
134: 170 482 1934 
135: 132 136 435 657 1079 
136: 135 137 652 
137: 136 139 539 793 1703 
138: 193 1323 1378 
139: 30 137 141 857 1938 
140: 523 619 1106 1203 1252 
141: 139 143 885 1590 
142: 290 1701 
143: 141 145 174 1937 
144: 370 1229 1797 
145: 143 147 1664 
146: 420 485 786 1579 1655 
147: 145 148 386 642 
148: 147 150 1327 1653 
149: 5 170 
150: 148 151 375 
151: 114 150 152 1766 
152: 151 155 
153: 10 728 1976 
154: 202 733 
155: 152 157 1513 
156: 715 1890 1907 
157: 155 159 597 1101 1875 
158: 798 858 1048 1135 1579 
159: 125 157 161 805 1892 
160: 1138 1227 1906 1924 
161: 159 162 384 1752 
162: 161 166 989 1330 
163: 27 466 910 1333 
164: 298 558 625 653 1701 
165: 529 801 1671 1827 
166: 162 167 915 
167: 166 174 1575 
168: 483 776 1755 
169: 308 554 556 776 1107 
170: 134 149 392 558 755 
171: 1456 1499 
172: 20 664 
173: 189 826 1138 1919 
174: 143 167 177 407 1889 
175: 107 676 1233 1611 
176: 716 893 991 
177: 174 178 1409 1783 1838 
178: 177 179 781 1254 
179: 79 178 182 1630 
180: 1203 1227 1286 1383 
181: 1078 1108 
182: 179 183 1059 1756 
183: 182 188 1120 1181 1357 
184: 858 1479 1764 1806 1810 
185: 1011 1070 1930 
186: 1465 1619 1659 
187: 1235 1405 1540 1706 1979 
188: 183 190 1750 
189: 173 206 377 535 
190: 188 191 689 
191: 190 192 526 
192: 191 196 385 518 1041 
193: 41 107 138 408 507 
194: 478 701 807 1289 1659 
195: 474 662 1317 1469 1502 
196: 192 197 1482 1718 1805 
197: 196 198 591 1311 1577 
198: 197 200 
199: 586 1162 1448 
200: 198 201 1098 1777 
201: 200 203 856 1371 
202: 154 237 800 1028 1518 
203: 201 205 219 
204: 1075 1994 
205: 203 207 297 1012 1916 
206: 17 189 223 471 1002 
207: 205 209 816 886 907 
208: 21 41 1268 1378 
209: 207 210 
210: 209 212 763 1277 
211: 89 514 977 1048 1820 
212: 210 214 1074 
213: 220 411 645 798 868 
214: 212 215 741 1684 1754 
215: 214 216 
216: 215 217 295 353 
217: 216 219 517 863 972 
218: 262 557 923 1135 1220 
219: 203 217 222 1001 
220: 213 230 717 
221: 712 866 1264 1474 
222: 219 226 1248 
223: 206 728 1000 1017 1282 
224: 423 1010 1053 1553 1917 
225: 717 1523 1943 
226: 222 228 1963 
227: 406 638 1730 
228: 226 231 
229: 51 428 565 1179 1980 
230: 220 945 1138 1761 1813 
231: 4 228 233 1455 
232: 40 523 737 990 
233: 231 234 
234: 233 235 880 1117 
235: 123 234 236 1110 
236: 235 239 445 1124 1217 
237: 202 910 1083 1682 1739 
238: 990 1102 1387 1398 1701 
239: 236 241 496 
240: 462 929 1175 1282 1445 
241: 239 245 
242: 1107 1140 1167 1609 1655 
243: 1144 1149 1280 
244: 647 798 947 1636 1764 
245: 241 247 261 323 830 
246: 473 1652 1701 
247: 245 253 463 1602 
248: 508 567 770 1493 
249: 250 954 1068 1865 1930 
250: 85 249 344 1029 1816 
251: 534 629 1190 1985 
252: 399 1143 1479 1682 1728 
253: 247 254 774 
254: 253 255 753 1982 
255: 1 254 257 1292 1918 
256: 522 750 1127 1584 1912 
257: 255 260 430 1088 1692 
258: 1027 1646 1749 1861 
259: 1016 1428 1493 
260: 0 257 261 273 683 
261: 245 260 263 
262: 218 936 1070 1506 1840 
263: 261 265 484 708 
264: 507 567 947 1431 1509 
265: 263 269 
266: 472 1289 1429 1470 1559 
267: 87 390 619 725 
268: 306 794 1571 
269: 265 270 618 861 1047 
270: 269 272 581 
271: 1083 1100 1301 1422 1619 
272: 270 273 1786 
273: 260 272 274 635 
274: 273 275 289 447 1532 
275: 16 58 274 276 1296 
276: 26 122 275 277 1419 
277: 276 279 1681 
278: 133 1192 
279: 277 280 1177 1719 
280: 279 282 1786 
281: 627 1320 1422 
282: 280 285 1467 1525 1654 
283: 680 798 831 1440 
284: 92 690 756 1095 1225 
285: 282 287 1052 1185 
286: 855 942 1499 1736 
287: 285 289 
288: 33 371 705 716 
289: 274 287 292 383 1052 
290: 142 1533 1614 1894 
291: 485 980 1121 1632 1890 
292: 289 293 329 1505 1802 
293: 292 294 
294: 293 295 571 978 1466 
295: 216 294 297 736 
296: 1030 1162 1433 1554 1833 
297: 205 295 299 1039 1368 
298: 164 527 1232 1980 
299: 35 297 301 724 1987 
300: 614 1545 1817 1952 
301: 299 302 
302: 121 301 303 330 1187 
303: 302 304 1530 1871 
304: 31 303 309 427 966 
305: 55 1355 1924 
306: 268 514 935 1333 1677 
307: 497 908 981 
308: 169 1347 
309: 304 310 789 1172 1199 
310: 129 309 311 1415 
311: 310 314 
312: 980 1166 1186 1768 
313: 980 999 1107 1761 1999 
314: 311 316 1528 1935 
315: 729 1370 1491 
316: 314 317 1354 1734 
317: 316 318 668 
318: 317 319 562 669 1385 
319: 318 321 
320: 380 655 1234 1985 
321: 82 319 322 1484 
322: 321 323 654 948 
323: 245 322 325 686 
324: 1699 1893 1958 
325: 323 328 857 902 
326: 991 1835 
327: 650 1070 1714 
328: 325 329 418 1403 
329: 292 328 330 1868 
330: 302 329 331 1188 1880 
331: 330 332 384 779 1368 
332: 331 334 1647 1988 
333: 594 1624 
334: 332 335 
335: 334 336 560 865 1187 
336: 335 338 1103 
337: 950 1818 1904 
338: 15 336 340 433 688 
339: 424 1259 1281 1413 1475 
340: 338 342 476 1318 
341: 508 643 731 930 
342: 340 343 1521 
343: 342 346 1206 1444 1939 
344: 250 704 765 958 976 
345: 706 1800 
346: 343 351 741 1407 
347: 116 513 858 1192 1358 
348: 739 913 1609 1673 1999 
349: 65 91 653 1106 1462 
350: 1032 1180 1418 1911 
351: 346 353 1649 
352: 529 568 745 953 955 
353: 216 351 354 496 1204 
354: 353 355 623 1989 
355: 354 356 789 
356: 355 358 896 
357: 535 929 983 1820 1912 
358: 3 121 356 359 1869 
359: 358 362 590 
360: 1614 1621 1660 1803 1876 
361: 83 650 1689 
362: 359 363 949 1293 
363: 362 364 434 
364: 363 365 1392 
365: 364 367 444 1272 1887 
366: 679 787 1268 1736 1742 
367: 48 365 368 608 
368: 29 367 369 564 
369: 368 373 
370: 144 495 542 731 1579 
371: 288 460 706 
372: 552 1208 1479 1597 
373: 369 375 806 1915 
374: 557 685 1519 
375: 150 373 378 779 894 
376: 742 1149 1725 
377: 189 794 800 958 
378: 130 375 382 995 1720 
379: 673 795 1399 1428 
380: 320 576 1739 
381: 713 1259 1262 1463 1536 
382: 378 383 669 1548 
383: 289 382 384 
384: 161 331 383 385 1209 
385: 46 192 384 386 1073 
386: 147 385 387 1336 
387: 386 388 1524 1841 
388: 387 391 480 
389: 54 985 1433 1943 
390: 267 575 769 1903 
391: 388 393 682 
392: 170 1193 1470 1726 1994 
393: 391 396 1307 
394: 519 754 904 1437 1727 
395: 923 1036 1386 
396: 393 398 597 
397: 908 1238 1585 1940 
398: 396 400 518 1302 
399: 131 252 1213 1214 1571 
400: 102 398 402 1393 
401: 819 1282 
402: 400 404 1583 1720 
403: 417 1763 1853 
404: 402 405 1460 
405: 37 404 407 532 887 
406: 227 1376 1640 1847 1925 
407: 174 405 410 1022 1663 
408: 127 193 1706 1927 
409: 594 679 1029 1790 
410: 407 413 415 455 
411: 213 412 1502 1856 
412: 411 653 1016 1994 
413: 410 414 476 982 1069 
414: 413 415 579 1986 
415: 410 414 416 580 
416: 39 415 418 1296 
417: 403 802 1228 1401 1742 
418: 123 328 416 419 1187 
419: 418 421 934 1148 
420: 146 1438 1693 1725 
421: 419 422 1645 
422: 421 427 677 1857 
423: 2 224 977 1320 1449 
424: 339 1198 1496 1829 1955 
425: 426 905 981 1658 1812 
426: 425 1229 1310 1440 
427: 304 422 429 491 
428: 229 1149 1262 1428 1671 
429: 427 430 1543 
430: 257 429 433 1534 
431: 847 1126 1359 
432: 848 1089 
433: 338 430 434 1600 1657 
434: 363 433 435 1069 
435: 135 434 438 
436: 437 731 1398 1848 
437: 436 606 695 1136 1668 
438: 34 435 440 785 994 
439: 661 705 756 1495 1925 
440: 438 441 
441: 440 442 
442: 441 444 1542 
443: 519 1078 1405 
444: 365 442 445 517 1781 
445: 236 444 446 785 1740 
446: 445 447 628 
447: 274 446 448 841 1759 
448: 447 450 1197 1207 1708 
449: 20 875 1412 
450: 448 451 978 1183 
451: 450 452 
452: 451 455 494 
453: 1006 1019 1201 1340 1478 
454: 485 745 1514 
455: 410 452 456 
456: 455 457 851 1481 
457: 7 130 456 458 1588 
458: 457 459 1759 
459: 108 132 458 461 
460: 371 928 1006 1518 1762 
461: 459 463 591 844 
462: 240 690 950 1317 1820 
463: 247 461 464 
464: 463 467 468 816 1131 
465: 639 1228 1773 
466: 11 163 1095 1121 
467: 464 468 1270 
468: 464 467 476 775 920 
469: 110 757 1315 1755 
470: 565 853 1819 
471: 96 103 206 1445 
472: 100 266 984 1790 1897 
473: 246 1203 1553 
474: 195 749 1257 1405 1469 
475: 83 700 1000 
476: 340 413 468 479 541 
477: 1049 1155 1430 1694 
478: 194 1000 1776 1886 
479: 52 476 480 1258 1751 
480: 388 479 484 997 
481: 673 784 935 1591 1803 
482: 100 134 1015 1836 1981 
483: 83 168 606 
484: 263 480 487 1588 
485: 146 291 454 1032 
486: 674 914 1072 
487: 484 491 609 1202 1419 
488: 975 1446 1792 
489: 1576 1758 1902 1985 
490: 898 1261 1835 
491: 427 487 494 867 1094 
492: 1021 1056 
493: 660 1237 1382 1655 1981 
494: 452 491 496 657 1731 
495: 370 1722 1755 1797 1856 
496: 239 353 494 498 1572 
497: 307 963 1358 1622 
498: 496 500 603 
499: 922 1951 1977 
500: 498 505 948 1544 1839 
501: 837 1319 1507 1952 
502: 1631 1848 
503: 666 802 1533 1711 
504: 817 1034 1340 1984 
505: 500 506 585 1685 1702 
506: 505 510 774 
507: 193 264 558 1271 1981 
508: 248 341 975 1249 1496 
509: 664 1226 1317 
510: 104 506 511 
511: 510 512 1690 1863 1968 
512: 511 515 578 
513: 50 347 1127 1166 1502 
514: 49 211 306 730 
515: 512 516 1088 1421 1862 
516: 515 517 885 1747 
517: 217 444 516 518 827 
518: 192 398 517 520 524 
519: 394 443 634 1450 
520: 518 521 599 1141 1488 
521: 520 524 669 
522: 256 1380 1552 
523: 140 232 1234 1259 
524: 23 518 521 525 665 
525: 524 526 1404 1710 
526: 191 525 530 1065 1712 
527: 298 1133 1196 1438 
528: 870 1924 
529: 41 165 352 
530: 526 531 
531: 530 532 1461 
532: 405 531 536 583 
533: 622 1540 1943 
534: 251 732 1191 1211 
535: 189 357 1459 1679 1919 
536: 532 538 877 1113 1245 
537: 957 959 1035 1337 
538: 536 539 663 710 
539: 137 538 540 1480 
540: 98 539 541 
541: 476 540 543 964 1069 
542: 370 605 1147 1441 1493 
543: 541 545 1185 
544: 25 97 617 1790 
545: 543 547 726 1488 
546: 659 751 791 1456 1538 
547: 545 549 630 996 1888 
548: 53 1465 1629 1813 
549: 37 547 550 839 1294 
550: 549 551 1338 1887 
551: 550 553 1457 1754 
552: 372 1325 1523 1812 
553: 551 555 1638 1746 
554: 169 676 1430 1546 1555 
555: 553 560 
556: 169 614 754 990 1472 
557: 218 374 1668 1829 
558: 164 170 507 
559: 674 716 991 
560: 335 555 561 
561: 560 562 865 1020 
562: 318 561 564 1357 1887 
563: 820 1112 1441 1696 
564: 368 562 566 1574 1680 
565: 229 470 666 800 
566: 564 569 
567: 248 264 705 1384 1969 
568: 352 720 771 799 842 
569: 32 566 571 
570: 673 1440 1895 
571: 294 569 573 768 
572: 87 1174 1452 1613 
573: 571 578 1975 
574: 782 833 1178 
575: 67 390 961 1475 
576: 380 819 1556 
577: 959 970 1201 
578: 512 573 579 1724 
579: 414 578 580 1517 1608 
580: 415 579 581 1067 
581: 270 580 582 1055 1177 
582: 581 583 743 1202 1719 
583: 532 582 584 1294 
584: 93 583 585 1124 1656 
585: 505 584 590 836 1780 
586: 199 1031 1200 1650 1770 
587: 722 1008 1762 
588: 50 1401 1546 1640 1789 
589: 722 1239 1716 1953 1965 
590: 359 585 591 1230 1881 
591: 197 461 590 592 1941 
592: 591 593 1423 1580 1662 
593: 592 595 635 1077 1577 
594: 333 409 1999 
595: 593 597 1881 
596: 601 1417 
597: 157 396 595 598 1444 
598: 597 599 
599: 0 520 598 602 1146 
600: 1085 1259 1902 
601: 596 832 929 1310 1579 
602: 599 603 793 903 987 
603: 498 602 604 
604: 603 607 993 1116 1825 
605: 542 1078 1437 1709 1851 
606: 437 483 705 1612 1769 
607: 604 608 1285 1467 1530 
608: 367 607 609 790 1757 
609: 487 608 611 1263 1436 
610: 1109 1395 1411 1556 1827 
611: 609 613 823 1645 
612: 60 1095 1995 
613: 611 618 1291 1494 1608 
614: 300 556 705 709 1866 
615: 13 704 791 1648 
616: 1143 1271 1886 1926 
617: 544 1257 1412 1470 
618: 269 613 620 668 1826 
619: 107 140 267 1244 1950 
620: 618 621 759 777 1047 
621: 112 620 623 
622: 533 1049 1269 1527 
623: 354 621 628 1313 
624: 1048 1175 1195 1727 1847 
625: 164 1017 1546 1586 1901 
626: 117 1555 
627: 281 800 1337 1795 1821 
628: 446 623 630 1171 
629: 94 251 1522 
630: 547 628 631 1241 1468 
631: 630 635 1649 1718 1781 
632: 1125 1208 1268 1319 1539 
633: 1693 1775 
634: 519 1677 
635: 273 593 631 636 
636: 635 637 
637: 636 640 1060 
638: 227 643 749 848 1840 
639: 465 1339 1435 
640: 19 637 641 
641: 640 642 887 
642: 147 641 644 1148 1880 
643: 96 341 638 848 977 
644: 642 646 
645: 213 961 1102 1950 1972 
646: 644 649 
647: 244 963 1149 1316 1677 
648: 28 958 1736 1818 1923 
649: 646 651 1338 
650: 327 361 1496 
651: 649 652 1295 
652: 136 651 654 1379 1733 
653: 164 349 412 1470 
654: 322 652 656 697 1434 
655: 320 1247 1668 1761 
656: 654 657 1164 
657: 135 494 656 658 1967 
658: 657 663 862 1007 
659: 546 988 1019 1246 1605 
660: 493 761 1114 1278 1352 
661: 439 1267 1472 1905 1998 
662: 105 195 1109 1288 1581 
663: 538 658 665 1963 
664: 172 509 1570 
665: 524 663 667 1654 1666 
666: 503 565 1255 1769 1920 
667: 665 668 
668: 317 618 667 669 
669: 318 382 521 668 670 
670: 669 671 1293 1363 1486 
671: 670 672 814 835 992 
672: 671 677 1182 
673: 379 481 570 755 1121 
674: 13 133 486 559 1440 
675: 53 1282 1658 
676: 175 554 
677: 422 672 681 778 
678: 684 733 1448 1962 
679: 91 366 409 1186 1523 
680: 61 283 1282 1435 
681: 677 682 714 
682: 391 681 683 
683: 260 682 686 1209 1416 
684: 678 784 936 1648 
685: 374 692 838 
686: 323 683 688 1059 
687: 117 834 1567 1789 
688: 338 686 689 884 
689: 104 190 688 691 
690: 109 284 462 
691: 689 693 1007 1751 1807 
692: 85 685 1026 1278 1386 
693: 691 696 1680 1681 
694: 751 940 
695: 437 820 976 1671 1716 
696: 693 697 1594 
697: 654 696 702 1302 1307 
698: 969 1021 1417 1533 1946 
699: 931 1591 1626 
700: 33 475 721 1095 1735 
701: 194 824 1115 1201 1535 
702: 697 707 758 
703: 1249 1401 1425 
704: 344 615 1510 
705: 288 439 567 606 614 
706: 345 371 761 1641 
707: 29 68 79 702 708 
708: 6 263 707 710 911 
709: 614 712 820 1232 
710: 538 708 711 736 1258 
711: 710 714 1420 1914 
712: 221 709 1002 1091 1831 
713: 381 1006 1381 1462 1541 
714: 681 711 718 1098 1284 
715: 156 744 1389 1909 
716: 176 288 559 1372 1903 
717: 220 225 826 
718: 714 724 1516 1657 
719: 106 765 1358 1900 
720: 75 568 1779 1921 1990 
721: 87 700 929 938 1153 
722: 587 589 
723: 748 976 1551 
724: 299 718 726 
725: 96 267 908 1728 1815 
726: 545 724 734 907 
727: 838 977 1621 1694 
728: 153 223 1133 1771 
729: 315 754 1341 
730: 514 1551 1597 
731: 107 341 370 436 1238 
732: 21 534 1049 1545 1897 
733: 154 678 826 1271 
734: 68 726 735 1336 
735: 734 736 1184 1309 
736: 295 710 735 738 1241 
737: 232 1586 1633 1818 
738: 736 740 
739: 348 1801 1974 
740: 738 741 1160 1356 1416 
741: 214 346 740 743 877 
742: 376 897 1362 1735 
743: 582 741 746 1296 
744: 715 1493 1847 
745: 352 454 1106 1810 
746: 743 753 
747: 65 840 1229 1262 1959 
748: 11 723 1167 1211 1890 
749: 474 638 1612 1800 1847 
750: 256 761 1337 1726 
751: 546 694 866 1191 1429 
752: 1028 1707 1904 
753: 254 746 758 1110 
754: 394 556 729 1463 
755: 170 673 840 1048 1320 
756: 284 439 893 1269 1365 
757: 469 874 1340 
758: 702 753 759 1808 
759: 80 620 758 760 1421 
760: 759 762 
761: 660 706 750 1917 
762: 760 763 788 1134 1578 
763: 210 762 767 
764: 1100 1562 
765: 344 719 1431 1536 
766: 771 1157 1314 
767: 763 768 911 1439 
768: 571 767 774 878 1104 
769: 390 1220 1508 
770: 86 248 1283 
771: 568 766 1592 1683 
772: 40 51 1019 1316 1834 
773: 917 1792 
774: 253 506 768 775 811 
775: 468 774 777 987 1104 
776: 168 169 967 1127 1398 
777: 620 775 778 1634 
778: 19 69 677 777 779 
779: 331 375 778 780 1577 
780: 779 781 915 1285 
781: 178 780 785 797 899 
782: 574 843 1353 1689 
783: 131 787 1696 1792 1865 
784: 481 684 1080 1395 1564 
785: 438 445 781 788 
786: 146 832 1036 1339 1829 
787: 366 783 1220 1659 
788: 762 785 789 900 1746 
789: 309 355 788 790 1324 
790: 608 789 792 808 
791: 546 615 1641 1827 
792: 790 793 927 1512 
793: 113 137 602 792 797 
794: 268 377 1509 1573 1957 
795: 379 1203 1373 1876 
796: 78 1127 1343 1606 
797: 781 793 803 
798: 158 213 244 283 1535 
799: 568 1554 1811 
800: 202 377 565 627 1597 
801: 165 1234 1535 1591 1836 
802: 417 503 1166 1637 1847 
803: 797 804 
804: 803 805 1561 
805: 159 804 806 1023 1512 
806: 373 805 808 1521 1883 
807: 194 828 1193 1774 1854 
808: 790 806 810 1076 1313 
809: 1021 1959 
810: 808 811 1703 
811: 774 810 812 1251 1318 
812: 124 811 814 
813: 942 1428 1527 1800 
814: 671 812 815 995 
815: 814 816 1515 
816: 18 207 464 815 818 
817: 504 955 1655 
818: 816 822 
819: 401 576 917 1527 1921 
820: 563 695 709 892 1872 
821: 935 1591 1675 
822: 818 823 
823: 611 822 825 1647 1871 
824: 42 701 842 1716 
825: 823 827 
826: 173 717 733 1198 
827: 517 825 829 1055 1092 
828: 807 1010 1233 1255 
829: 827 830 882 1754 1825 
830: 245 829 835 1593 1669 
831: 283 1597 1629 1714 
832: 601 786 904 1228 
833: 574 1213 
834: 687 1212 1959 
835: 671 830 836 1163 1460 
836: 585 835 839 1487 1941 
837: 501 1070 1581 1861 
838: 685 727 1179 1810 
839: 549 836 841 1177 1713 
840: 747 755 1539 
841: 447 839 844 891 1415 
842: 568 824 893 1641 1925 
843: 28 782 1437 1689 1957 
844: 461 841 846 851 1913 
845: 2 61 945 1299 1417 
846: 844 849 1473 
847: 431 1003 1247 1673 1920 
848: 432 638 643 1161 
849: 846 851 996 
850: 1381 1463 1476 1477 1633 
851: 456 844 849 852 1516 
852: 851 856 877 1116 1274 
853: 470 1607 1840 
854: 1691 1795 
855: 286 1414 1824 
856: 201 852 857 1896 
857: 139 325 856 859 1863 
858: 158 184 347 1027 1541 
859: 857 860 1287 1825 
860: 57 859 861 1285 1528 
861: 269 860 862 1785 1844 
862: 658 861 863 1879 
863: 12 217 862 864 901 
864: 863 865 1956 
865: 335 561 864 867 1105 
866: 221 751 1829 
867: 491 865 869 1724 
868: 24 213 1770 1906 
869: 867 871 
870: 103 528 1596 
871: 869 872 982 1248 1300 
872: 871 877 1617 
873: 897 940 1114 1971 1995 
874: 757 1374 
875: 449 1477 1646 
876: 61 940 1091 1571 1806 
877: 536 741 852 872 878 
878: 768 877 880 1022 1304 
879: 103 1483 1966 
880: 234 878 882 1020 1103 
881: 120 1168 1179 
882: 35 829 880 883 1071 
883: 882 884 1134 1782 
884: 688 883 885 1407 1620 
885: 141 516 884 886 
886: 38 207 885 887 919 
887: 405 641 886 888 
888: 887 889 
889: 888 891 
890: 961 1201 1660 1958 
891: 841 889 894 1272 1390 
892: 820 1278 1364 1650 
893: 176 756 842 1072 1115 
894: 375 891 895 1303 1304 
895: 894 896 1550 
896: 356 895 899 1184 1526 
897: 742 873 1151 1161 1508 
898: 490 1212 1683 
899: 781 896 900 1326 
900: 788 899 901 1542 1988 
901: 863 900 902 1253 
902: 325 901 903 1595 1741 
903: 602 902 906 
904: 83 394 832 1040 
905: 425 940 1343 1706 
906: 903 907 
907: 207 726 906 909 1845 
908: 307 397 725 1670 1769 
909: 907 911 1537 1566 
910: 163 237 971 1049 1178 
911: 708 767 909 915 1421 
912: 1490 1866 
913: 348 1519 1611 
914: 486 1332 1921 
915: 166 780 911 916 
916: 915 918 1300 
917: 773 819 985 986 
918: 916 919 
919: 886 918 920 921 
920: 468 919 921 
921: 919 920 925 
922: 86 87 499 1707 1795 
923: 218 395 1536 1773 1836 
924: 1013 1332 1998 
925: 921 926 
926: 925 927 
927: 792 926 932 
928: 460 1387 
929: 20 240 357 601 721 
930: 91 341 1984 
931: 699 1026 1210 1587 
932: 927 933 1385 1702 1850 
933: 932 934 1436 1610 
934: 419 933 941 1404 
935: 306 481 821 
936: 27 262 684 1675 1742 
937: 1028 1280 
938: 721 1228 1430 1491 1962 
939: 94 1126 1221 1900 
940: 694 873 876 905 1469 
941: 934 943 
942: 286 813 1190 1495 
943: 941 944 1501 1505 
944: 943 946 1104 
945: 92 95 230 845 967 
946: 944 948 
947: 86 244 264 1803 
948: 322 500 946 949 1627 
949: 45 362 948 956 1300 
950: 337 462 1037 1193 
951: 54 1246 1529 1940 
952: 1210 1955 
953: 352 1045 1337 1865 
954: 249 1381 1636 1917 
955: 352 817 1262 1582 1983 
956: 949 960 1436 1787 1898 
957: 537 1115 1732 1992 
958: 344 377 648 
959: 49 537 577 1018 1050 
960: 956 964 1272 
961: 575 645 890 1585 1977 
962: 1555 1659 1699 
963: 497 647 1459 1640 1905 
964: 541 960 965 968 
965: 964 966 
966: 304 965 968 
967: 776 945 1115 1755 1771 
968: 29 964 966 972 1604 
969: 698 1049 1280 1562 1980 
970: 577 1358 
971: 910 1722 1763 1970 
972: 217 968 973 1139 1602 
973: 63 972 974 1216 1309 
974: 973 978 1822 
975: 488 508 1247 1279 
976: 344 695 723 1018 1100 
977: 49 211 423 643 727 
978: 294 450 974 979 1713 
979: 978 982 
980: 291 312 313 1640 
981: 307 425 1200 1621 1790 
982: 413 871 979 987 1137 
983: 20 97 357 1048 1735 
984: 472 1299 1951 
985: 389 917 1323 1893 1957 
986: 41 917 1275 
987: 602 775 982 989 1634 
988: 659 1247 1990 
989: 162 987 992 1313 
990: 128 232 238 556 1213 
991: 17 176 326 559 1790 
992: 671 989 993 
993: 604 992 994 1052 
994: 438 993 995 1132 1549 
995: 378 814 994 996 
996: 547 849 995 997 1744 
997: 480 996 998 1439 
998: 997 1001 
999: 313 1136 1810 
1000: 223 475 478 1333 1510 
1001: 219 998 1004 1765 
1002: 51 206 712 1165 
1003: 847 1155 1165 1797 
1004: 77 1001 1007 1842 1844 
1005: 1174 1299 1477 
1006: 453 460 713 1030 1491 
1007: 658 691 1004 1009 
1008: 587 1010 1084 1410 1774 
1009: 1007 1012 1090 1744 
1010: 224 828 1008 
1011: 61 185 1950 
1012: 205 1009 1020 
1013: 36 924 1037 1382 
1014: 119 128 1373 
1015: 482 1162 1677 1693 
1016: 54 259 412 1239 
1017: 223 625 1244 1450 1506 
1018: 959 976 1191 1441 1635 
1019: 10 453 659 772 1394 
1020: 561 880 1012 1022 
1021: 492 698 809 1112 1150 
1022: 15 407 878 1020 1023 
1023: 805 1022 1024 1451 1558 
1024: 1023 1033 1318 1700 
1025: 1176 1376 1775 
1026: 692 931 1373 1660 
1027: 258 858 
1028: 202 752 937 1228 
1029: 50 250 409 1144 1175 
1030: 296 1006 1095 1352 1503 
1031: 586 1234 1633 
1032: 350 485 1118 
1033: 1024 1039 1236 1783 
1034: 504 1574 1851 1890 1971 
1035: 100 537 1102 1923 1972 
1036: 36 395 786 1567 
1037: 60 950 1013 1109 1570 
1038: 1341 1672 1817 
1039: 297 1033 1041 1250 
1040: 42 904 1099 1267 
1041: 192 1039 1043 1199 
1042: 1082 1380 1584 
1043: 1041 1044 1253 1804 
1044: 1043 1046 1492 1645 
1045: 953 1108 1286 1412 
1046: 1044 1047 1349 
1047: 72 269 620 1046 1051 
1048: 158 211 624 755 983 
1049: 477 622 732 910 969 
1050: 959 1317 1462 1612 
1051: 1047 1052 1328 
1052: 285 289 993 1051 1054 
1053: 224 1111 
1054: 1052 1055 1064 
1055: 581 827 1054 1057 1427 
1056: 492 1145 1413 1950 1955 
1057: 1055 1058 1424 1839 
1058: 1057 1059 1484 
1059: 182 686 1058 1060 1328 
1060: 637 1059 1061 1128 
1061: 1060 1062 1329 
1062: 1061 1063 1663 
1063: 23 1062 1064 1663 1860 
1064: 23 1054 1063 1065 1240 
1065: 526 1064 1067 1594 1849 
1066: 120 1200 1441 1763 
1067: 580 1065 1069 1284 1521 
1068: 249 1981 
1069: 413 434 541 1067 1071 
1070: 185 262 327 837 1573 
1071: 882 1069 1073 1549 1690 
1072: 92 486 893 1652 
1073: 385 1071 1074 1345 1615 
1074: 125 212 1073 1076 1808 
1075: 204 1179 1431 
1076: 808 1074 1077 1304 1590 
1077: 593 1076 1079 1086 
1078: 181 443 605 1567 
1079: 135 1077 1081 1740 1987 
1080: 784 1339 1564 1902 
1081: 1079 1086 1997 
1082: 1042 1762 1818 1917 
1083: 237 271 1689 
1084: 1008 1816 1817 
1085: 131 600 1478 
1086: 1077 1081 1088 
1087: 84 1411 1942 
1088: 257 515 1086 1090 1667 
1089: 432 1346 1958 
1090: 1009 1088 1092 1804 
1091: 712 876 1456 1846 
1092: 827 1090 1093 1189 1654 
1093: 1092 1094 1740 
1094: 491 1093 1096 1751 
1095: 284 466 612 700 1030 
1096: 1094 1098 1223 1649 1964 
1097: 1227 1554 1607 
1098: 200 714 1096 1101 1122 
1099: 1040 1613 1711 1912 1951 
1100: 14 271 764 976 1343 
1101: 157 1098 1103 
1102: 116 128 238 645 1035 
1103: 336 880 1101 1104 1874 
1104: 768 775 944 1103 1105 
1105: 865 1104 1110 1505 1750 
1106: 140 349 745 1976 
1107: 169 242 313 
1108: 181 1045 1325 1527 1919 
1109: 610 662 1037 
1110: 235 753 1105 1113 1603 
1111: 1053 1637 1970 
1112: 563 1021 1211 1288 1999 
1113: 536 1110 1116 
1114: 127 660 873 1381 1728 
1115: 701 893 957 967 1996 
1116: 604 852 1113 1117 
1117: 234 1116 1119 
1118: 1032 1365 1817 
1119: 1117 1120 1207 1482 
1120: 183 1119 1122 
1121: 291 466 673 1255 1314 
1122: 1098 1120 1123 1344 1656 
1123: 44 1122 1124 1253 1305 
1124: 236 584 1123 1128 
1125: 126 632 1927 
1126: 24 431 939 1768 1906 
1127: 256 513 776 796 
1128: 1060 1124 1130 1578 
1129: 116 1500 1507 1641 
1130: 1128 1131 1520 1534 
1131: 464 1130 1132 1647 1802 
1132: 994 1131 1134 1222 1295 
1133: 527 728 1555 1659 
1134: 762 883 1132 1137 1287 
1135: 92 158 218 1343 1619 
1136: 78 437 999 1730 1996 
1137: 982 1134 1139 1787 
1138: 160 173 230 1269 1853 
1139: 972 1137 1141 1408 1457 
1140: 65 242 1208 1716 1983 
1141: 520 1139 1142 1513 1804 
1142: 1141 1146 1603 1750 
1143: 252 616 1151 1298 
1144: 243 1029 
1145: 1056 1606 1673 
1146: 599 1142 1148 1451 
1147: 542 1506 1835 1840 1894 
1148: 419 642 1146 1152 
1149: 243 376 428 647 1343 
1150: 1021 1325 1413 1895 
1151: 106 897 1143 1414 1735 
1152: 1148 1154 
1153: 721 1613 1770 1789 1912 
1154: 1152 1156 1664 1941 
1155: 60 477 1003 1352 1907 
1156: 1154 1159 1796 
1157: 766 1264 1370 1693 
1158: 1234 1813 
1159: 1156 1160 
1160: 740 1159 1163 1295 1858 
1161: 9 848 897 1809 
1162: 199 296 1015 1233 1440 
1163: 835 1160 1164 
1164: 656 1163 1169 1292 1700 
1165: 1002 1003 1192 1803 
1166: 312 513 802 1211 1323 
1167: 242 748 1573 1635 1973 
1168: 881 1545 
1169: 1164 1170 1780 1945 
1170: 1169 1171 
1171: 628 1170 1172 
1172: 4 309 1171 1173 1566 
1173: 1172 1177 1216 1303 1345 
1174: 572 1005 1278 1545 1738 
1175: 240 624 1029 1298 1508 
1176: 1025 1220 1621 1626 1761 
1177: 279 581 839 1173 1181 
1178: 574 910 1828 
1179: 229 838 881 1075 
1180: 49 109 350 1560 1865 
1181: 183 1177 1182 1565 
1182: 74 672 1181 1183 
1183: 450 1182 1184 
1184: 735 896 1183 1185 1780 
1185: 45 285 543 1184 1187 
1186: 312 679 1552 1817 
1187: 302 335 418 1185 1188 
1188: 330 1187 1189 1306 
1189: 1092 1188 1197 1217 1656 
1190: 251 942 1463 1763 
1191: 534 751 1018 1992 
1192: 278 347 1165 1546 
1193: 120 392 807 950 1866 
1194: 36 1335 
1195: 11 624 1353 1738 1973 
1196: 527 1801 
1197: 448 1189 1199 1404 1756 
1198: 50 424 826 1942 
1199: 309 1041 1197 1202 
1200: 97 586 981 1066 
1201: 55 453 577 701 890 
1202: 487 582 1199 1204 1681 
1203: 140 180 473 795 1323 
1204: 353 1202 1205 
1205: 1204 1206 
1206: 343 1205 1207 1473 1548 
1207: 448 1119 1206 1209 1350 
1208: 372 632 1140 1818 1893 
1209: 384 683 1207 1215 1305 
1210: 931 952 1612 1969 
1211: 534 748 1112 1166 
1212: 834 898 1401 
1213: 399 833 990 1682 1815 
1214: 399 1503 1923 
1215: 1209 1216 1662 1723 
1216: 973 1173 1215 1217 1369 
1217: 236 1189 1216 1218 1517 
1218: 1217 1219 1305 
1219: 1218 1222 1420 1498 1530 
1220: 218 769 787 1176 1581 
1221: 939 1479 1508 
1222: 1132 1219 1223 
1223: 56 1096 1222 1224 1572 
1224: 18 1223 1230 1393 
1225: 284 1459 1564 1652 
1226: 509 1701 1834 
1227: 160 180 1097 
1228: 417 465 832 938 1028 
1229: 144 426 747 1325 1717 
1230: 81 590 1224 1231 1778 
1231: 1230 1236 
1232: 10 298 709 1567 1699 
1233: 175 828 1162 1776 
1234: 320 523 801 1031 1158 
1235: 109 187 1728 
1236: 1033 1231 1240 1273 1396 
1237: 493 1540 
1238: 397 731 
1239: 589 1016 1554 
1240: 1064 1236 1241 1482 
1241: 630 736 1240 1243 
1242: 5 1430 
1243: 1241 1245 1336 1704 
1244: 619 1017 1265 1806 1899 
1245: 536 1243 1248 1260 1593 
1246: 51 659 951 1342 1671 
1247: 655 847 975 988 1905 
1248: 222 871 1245 1250 1918 
1249: 508 703 1794 1946 1952 
1250: 1039 1248 1251 
1251: 811 1250 1253 
1252: 33 84 140 1298 1877 
1253: 901 1043 1123 1251 1254 
1254: 178 1253 1258 
1255: 666 828 1121 1707 1877 
1256: 13 36 1426 1716 1828 
1257: 86 474 617 1574 
1258: 479 710 1254 1260 1873 
1259: 339 381 523 600 
1260: 1245 1258 1263 1590 
1261: 127 490 1374 1920 
1262: 381 428 747 955 1876 
1263: 58 609 1260 1270 1547 
1264: 14 221 1157 1475 
1265: 1244 1529 1774 
1266: 1281 1353 1711 
1267: 109 661 1040 
1268: 208 366 632 1362 1779 
1269: 622 756 1138 
1270: 467 1263 1272 1322 1956 
1271: 507 616 733 1919 
1272: 365 891 960 1270 1273 
1273: 1236 1272 1274 1498 
1274: 852 1273 1276 
1275: 986 1283 1522 
1276: 1274 1277 1791 
1277: 210 1276 1284 
1278: 660 692 892 1174 
1279: 975 1570 1996 
1280: 243 937 969 
1281: 339 1266 1448 1779 1926 
1282: 223 240 401 675 680 
1283: 770 1275 1921 
1284: 714 1067 1277 1285 1600 
1285: 607 780 860 1284 1287 
1286: 180 1045 1866 
1287: 859 1134 1285 1290 
1288: 662 1112 
1289: 194 266 1762 1990 
1290: 1287 1291 
1291: 613 1290 1292 
1292: 255 1164 1291 1293 1396 
1293: 362 670 1292 1294 
1294: 549 583 1293 1295 1842 
1295: 651 1132 1160 1294 1296 
1296: 275 416 743 1295 1297 
1297: 1296 1300 1741 
1298: 1143 1175 1252 1919 1980 
1299: 845 984 1005 1574 
1300: 871 916 949 1297 1302 
1301: 271 1380 1506 
1302: 398 697 1300 1303 1557 
1303: 894 1173 1302 1304 
1304: 878 894 1076 1303 1305 
1305: 1123 1209 1218 1304 1306 
1306: 1188 1305 1307 1704 
1307: 118 393 697 1306 1309 
1308: 1450 1836 1904 
1309: 735 973 1307 1311 1501 
1310: 426 601 1682 
1311: 197 1309 1312 1746 
1312: 1311 1313 
1313: 623 808 989 1312 1318 
1314: 24 766 1121 1581 1816 
1315: 78 469 1540 1554 1623 
1316: 647 772 
1317: 94 195 462 509 1050 
1318: 340 811 1024 1313 1321 
1319: 501 632 1418 1582 1732 
1320: 116 281 423 755 1726 
1321: 1318 1322 1604 1705 
1322: 1270 1321 1324 
1323: 138 985 1166 1203 1474 
1324: 789 1322 1326 
1325: 552 1108 1150 1229 1370 
1326: 899 1324 1327 
1327: 88 148 1326 1328 
1328: 1051 1059 1327 1329 1455 
1329: 124 1061 1328 1330 
1330: 162 1329 1331 
1331: 32 69 1330 1334 1620 
1332: 914 924 1499 
1333: 163 306 1000 1362 
1334: 1331 1336 
1335: 1194 1518 
1336: 386 734 1243 1334 1338 
1337: 537 627 750 953 
1338: 62 550 649 1336 1344 
1339: 639 786 1080 1570 1679 
1340: 453 504 757 
1341: 729 1038 
1342: 1246 1418 1452 1925 
1343: 796 905 1100 1135 1149 
1344: 1122 1338 1345 
1345: 1073 1173 1344 1348 1657 
1346: 1089 1559 
1347: 85 308 1895 
1348: 1345 1349 1787 
1349: 6 1046 1348 1350 
1350: 80 1207 1349 1351 
1351: 1350 1354 
1352: 660 1030 1155 1405 1951 
1353: 782 1195 1266 
1354: 316 1351 1356 1525 
1355: 20 305 1399 1631 1854 
1356: 71 740 1354 1357 1782 
1357: 183 562 1356 1360 1488 
1358: 347 497 719 970 
1359: 431 1401 1774 1792 
1360: 16 1357 1361 1486 
1361: 1360 1363 1703 1938 
1362: 742 1268 1333 
1363: 670 1361 1366 1531 1814 
1364: 25 106 892 
1365: 756 1118 1637 
1366: 1363 1367 
1367: 64 1366 1368 
1368: 297 331 1367 1369 
1369: 1216 1368 1371 
1370: 315 1157 1325 1429 1437 
1371: 201 1369 1375 1595 1721 
1372: 33 716 1706 1770 
1373: 795 1014 1026 1539 
1374: 874 1261 1539 1569 1824 
1375: 1371 1377 
1376: 406 1025 1606 
1377: 1375 1379 
1378: 138 208 1598 
1379: 652 1377 1385 
1380: 522 1042 1301 1560 1934 
1381: 713 850 954 1114 1448 
1382: 493 1013 1717 1886 
1383: 180 1430 1448 1970 
1384: 96 567 1479 
1385: 122 318 932 1379 1388 
1386: 395 692 1936 
1387: 238 928 
1388: 123 1385 1390 
1389: 105 715 1672 
1390: 891 1388 1391 1796 
1391: 1390 1392 
1392: 364 1391 1393 
1393: 400 1224 1392 1396 
1394: 1019 1485 1503 1545 1999 
1395: 610 784 1556 
1396: 12 1236 1292 1393 1397 
1397: 1396 1400 1993 
1398: 238 436 776 
1399: 379 1355 1507 1598 
1400: 1397 1402 
1401: 417 588 703 1212 1359 
1402: 1400 1403 1772 
1403: 328 1402 1404 
1404: 525 934 1197 1403 1406 
1405: 187 443 474 1352 1689 
1406: 1404 1407 
1407: 346 884 1406 1408 1466 
1408: 118 1139 1407 1409 1563 
1409: 177 1408 1415 
1410: 1008 1776 1794 
1411: 610 1087 1909 
1412: 449 617 1045 1459 1980 
1413: 339 1056 1150 1917 
1414: 855 1151 1803 
1415: 310 841 1409 1416 1628 
1416: 683 740 1415 1419 
1417: 596 698 845 
1418: 350 1319 1342 
1419: 276 487 1416 1420 1432 
1420: 711 1219 1419 1421 1910 
1421: 515 759 911 1420 1423 
1422: 271 281 1533 1797 
1423: 592 1421 1424 
1424: 1057 1423 1427 
1425: 703 1833 1894 1926 1973 
1426: 1256 1911 
1427: 1055 1424 1432 
1428: 259 379 428 813 
1429: 266 751 1370 1579 1985 
1430: 477 554 938 1242 1383 
1431: 264 765 1075 1730 1749 
1432: 4 1419 1427 1434 
1433: 296 389 1446 1677 
1434: 56 654 1432 1436 1928 
1435: 106 639 680 1882 
1436: 609 933 956 1434 1439 
1437: 394 605 843 1370 1622 
1438: 420 527 1789 1950 
1439: 99 767 997 1436 1442 
1440: 283 426 570 674 1162 
1441: 542 563 1018 1066 1646 
1442: 1439 1443 1931 
1443: 1442 1444 1487 1643 
1444: 57 343 597 1443 1447 
1445: 240 471 1449 1463 1646 
1446: 107 488 1433 1475 1955 
1447: 112 129 1444 1451 1862 
1448: 199 678 1281 1381 1383 
1449: 423 1445 
1450: 519 1017 1308 1523 1856 
1451: 1023 1146 1447 1453 1849 
1452: 572 1342 1876 
1453: 1451 1454 1737 
1454: 1453 1455 
1455: 231 1328 1454 1457 1700 
1456: 171 546 1091 1768 
1457: 551 1139 1455 1458 1933 
1458: 69 1457 1460 1466 1880 
1459: 535 963 1225 1412 1556 
1460: 404 835 1458 1461 1745 
1461: 531 1460 1464 1513 
1462: 349 713 1050 1605 
1463: 381 754 850 1190 1445 
1464: 1461 1466 
1465: 186 548 1470 
1466: 294 1407 1458 1464 1467 
1467: 90 282 607 1466 1468 
1468: 630 1467 1471 1704 
1469: 195 474 940 1978 
1470: 266 392 617 653 1465 
1471: 39 1468 1473 1630 1873 
1472: 556 661 1541 1811 
1473: 846 1206 1471 1480 1698 
1474: 221 1323 1569 1683 
1475: 339 575 1264 1446 
1476: 105 850 
1477: 850 875 1005 
1478: 453 1085 1696 
1479: 184 252 372 1221 1384 
1480: 539 1473 1481 
1481: 456 1480 1482 1991 
1482: 196 1119 1240 1481 1484 
1483: 879 1619 1636 1900 1973 
1484: 321 1058 1482 1486 
1485: 1394 1535 1965 
1486: 670 1360 1484 1487 1497 
1487: 836 1443 1486 1488 1870 
1488: 520 545 1357 1487 1489 
1489: 1488 1492 
1490: 95 912 1652 1726 
1491: 315 938 1006 1495 
1492: 1044 1489 1494 
1493: 248 259 542 744 
1494: 115 613 1492 1497 
1495: 439 942 1491 1972 
1496: 424 508 650 
1497: 1486 1494 1498 1599 
1498: 1219 1273 1497 1501 
1499: 171 286 1332 
1500: 1129 1761 1979 
1501: 943 1309 1498 1504 
1502: 195 411 513 1540 1970 
1503: 1030 1214 1394 1672 1942 
1504: 1501 1505 
1505: 292 943 1105 1504 1511 
1506: 262 1017 1147 1301 1727 
1507: 501 1129 1399 1611 
1508: 769 897 1175 1221 1618 
1509: 264 794 1519 1854 
1510: 704 1000 1893 1899 
1511: 1505 1512 1766 1782 
1512: 792 805 1511 1513 1710 
1513: 155 1141 1461 1512 1515 
1514: 36 94 454 1866 1940 
1515: 815 1513 1516 1549 
1516: 30 718 851 1515 1517 
1517: 70 579 1217 1516 1520 
1518: 14 78 202 460 1335 
1519: 374 913 1509 1559 1726 
1520: 1130 1517 1521 1748 1777 
1521: 342 806 1067 1520 1524 
1522: 629 1275 1592 
1523: 225 552 679 1450 1906 
1524: 387 1521 1525 
1525: 282 1354 1524 1526 
1526: 896 1525 1528 
1527: 622 813 819 1108 1969 
1528: 314 860 1526 1530 
1529: 65 951 1265 
1530: 303 607 1219 1528 1531 
1531: 1363 1530 1532 
1532: 274 1531 1534 
1533: 290 503 698 1422 1865 
1534: 430 1130 1532 1537 1982 
1535: 701 798 801 1485 
1536: 381 765 923 1813 1846 
1537: 909 1534 1542 1580 
1538: 9 75 546 1801 1947 
1539: 632 840 1373 1374 1775 
1540: 187 533 1237 1315 1502 
1541: 713 858 1472 
1542: 48 442 900 1537 1543 
1543: 429 1542 1544 
1544: 500 1543 1547 1589 
1545: 300 732 1168 1174 1394 
1546: 554 588 625 1192 1624 
1547: 1263 1544 1548 1852 
1548: 101 382 1206 1547 1549 
1549: 994 1071 1515 1548 1550 
1550: 895 1549 1557 
1551: 723 730 
1552: 522 1186 1742 1764 1806 
1553: 224 473 1606 
1554: 296 799 1097 1239 1315 
1555: 554 626 962 1133 1646 
1556: 576 610 1395 1459 1816 
1557: 1302 1550 1558 
1558: 1023 1557 1561 
1559: 266 1346 1519 
1560: 8 1180 1380 
1561: 804 1558 1563 
1562: 764 969 1612 
1563: 1408 1561 1565 1991 
1564: 11 784 1080 1225 1923 
1565: 1181 1563 1566 
1566: 909 1172 1565 1568 1885 
1567: 687 1036 1078 1232 1977 
1568: 1566 1572 
1569: 105 1374 1474 
1570: 664 1037 1279 1339 
1571: 268 399 876 1840 
1572: 496 1223 1568 1575 1791 
1573: 95 794 1070 1167 1795 
1574: 564 1034 1257 1299 
1575: 167 1572 1577 
1576: 489 1815 
1577: 197 593 779 1575 1578 
1578: 762 1128 1577 1580 
1579: 146 158 370 601 1429 
1580: 592 1537 1578 1583 1793 
1581: 11 662 837 1220 1314 
1582: 955 1319 
1583: 402 1580 1588 
1584: 256 1042 1995 
1585: 397 961 1675 
1586: 625 737 1970 
1587: 931 1609 1768 1924 
1588: 457 484 1583 1589 1868 
1589: 1544 1588 1590 
1590: 141 1076 1260 1589 1593 
1591: 24 481 699 801 821 
1592: 771 1522 1890 1972 
1593: 830 1245 1590 1594 
1594: 696 1065 1593 1595 
1595: 902 1371 1594 1599 
1596: 870 1909 
1597: 372 730 800 831 1809 
1598: 1378 1399 1623 1851 
1599: 1497 1595 1600 
1600: 433 1284 1599 1601 1665 
1601: 1600 1602 
1602: 247 972 1601 1603 
1603: 1110 1142 1602 1604 1710 
1604: 968 1321 1603 1608 
1605: 659 1462 1853 1920 1946 
1606: 796 1145 1376 1553 1637 
1607: 853 1097 
1608: 108 579 613 1604 1610 
1609: 242 348 1587 1905 
1610: 933 1608 1615 
1611: 175 913 1507 
1612: 606 749 1050 1210 1562 
1613: 572 1099 1153 
1614: 8 9 95 290 360 
1615: 1073 1610 1617 
1616: 1679 1806 
1617: 872 1615 1620 
1618: 33 1508 
1619: 186 271 1135 1483 
1620: 884 1331 1617 1625 
1621: 360 727 981 1176 
1622: 497 1437 
1623: 1315 1598 1992 
1624: 333 1546 1771 
1625: 1620 1627 
1626: 94 699 1176 1812 
1627: 948 1625 1628 
1628: 1415 1627 1630 
1629: 548 831 
1630: 179 1471 1628 1634 
1631: 502 1355 1755 
1632: 291 1800 1979 
1633: 737 850 1031 1792 1974 
1634: 777 987 1630 1638 1850 
1635: 1018 1167 1995 
1636: 244 954 1483 1930 1961 
1637: 802 1111 1365 1606 
1638: 553 1634 1639 1721 
1639: 1638 1642 
1640: 406 588 963 980 1996 
1641: 10 706 791 842 1129 
1642: 1639 1643 1692 
1643: 1443 1642 1644 
1644: 1643 1645 1850 
1645: 421 611 1044 1644 1647 
1646: 258 875 1441 1445 1555 
1647: 332 823 1131 1645 1649 
1648: 615 684 1820 
1649: 351 631 1096 1647 1651 
1650: 586 892 1895 1962 
1651: 1649 1653 
1652: 246 1072 1225 1490 
1653: 148 1651 1654 
1654: 282 665 1092 1653 1656 
1655: 146 242 493 817 1876 
1656: 584 1122 1189 1654 1657 
1657: 433 718 1345 1656 1661 
1658: 425 675 
1659: 186 194 787 962 1133 
1660: 360 890 1026 
1661: 1657 1662 1993 
1662: 592 1215 1661 1663 1686 
1663: 407 1062 1063 1662 1664 
1664: 145 1154 1663 1665 
1665: 47 1600 1664 1666 
1666: 665 1665 1667 1698 1839 
1667: 70 1088 1666 1669 
1668: 437 557 655 
1669: 830 1667 1674 1759 1796 
1670: 75 105 908 1773 
1671: 165 428 695 1246 
1672: 1038 1389 1503 1763 1940 
1673: 109 348 847 1145 
1674: 1669 1676 
1675: 131 821 936 1585 1960 
1676: 1674 1678 1891 
1677: 306 634 647 1015 1433 
1678: 1676 1680 1721 
1679: 535 1339 1616 1953 
1680: 564 693 1678 1681 
1681: 277 693 1202 1680 1684 
1682: 41 237 252 1213 1310 
1683: 771 898 1474 1903 1934 
1684: 214 1681 1685 1737 
1685: 63 505 1684 1686 1967 
1686: 1662 1685 1687 
1687: 1686 1688 
1688: 1687 1690 1708 
1689: 361 782 843 1083 1405 
1690: 74 511 1071 1688 1692 
1691: 854 1992 
1692: 257 1642 1690 1695 1731 
1693: 420 633 1015 1157 
1694: 477 727 1727 1921 
1695: 1692 1697 
1696: 563 783 1478 1758 1973 
1697: 30 1695 1698 
1698: 1473 1666 1697 1700 1753 
1699: 14 324 962 1232 1952 
1700: 1024 1164 1455 1698 1702 
1701: 142 164 238 246 1226 
1702: 505 932 1700 1703 1928 
1703: 137 810 1361 1702 1704 
1704: 1243 1306 1468 1703 1705 
1705: 1321 1704 1708 
1706: 187 408 905 1372 1961 
1707: 752 922 1255 1951 
1708: 448 1688 1705 1710 1783 
1709: 605 1809 
1710: 525 1512 1603 1708 1712 
1711: 120 503 1099 1266 
1712: 526 1710 1713 1937 
1713: 122 839 978 1712 1715 
1714: 97 327 831 
1715: 48 1713 1718 1898 
1716: 589 695 824 1140 1256 
1717: 83 1229 1382 1789 1927 
1718: 63 196 631 1715 1719 
1719: 279 582 1718 1720 
1720: 378 402 1719 1721 1932 
1721: 1371 1638 1678 1720 1723 
1722: 495 971 1764 1812 
1723: 1215 1721 1724 
1724: 578 867 1723 1729 1843 
1725: 376 420 
1726: 392 750 1320 1490 1519 
1727: 394 624 1506 1694 
1728: 252 725 1114 1235 
1729: 98 1724 1731 
1730: 227 1136 1431 1894 
1731: 494 1692 1729 1733 
1732: 957 1319 1738 
1733: 652 1731 1734 1784 
1734: 316 1733 1737 1875 1928 
1735: 700 742 983 1151 
1736: 286 366 648 
1737: 1453 1684 1734 1740 1883 
1738: 1174 1195 1732 
1739: 237 380 1882 
1740: 445 1079 1093 1737 1741 
1741: 902 1297 1740 1743 1798 
1742: 366 417 936 1552 1768 
1743: 1741 1744 
1744: 996 1009 1743 1745 1869 
1745: 1460 1744 1746 1870 
1746: 553 788 1311 1745 1747 
1747: 516 1746 1748 
1748: 1520 1747 1750 
1749: 258 1431 
1750: 188 1105 1142 1748 1751 
1751: 479 691 1094 1750 1752 
1752: 161 1751 1753 
1753: 1698 1752 1754 
1754: 214 551 829 1753 1756 
1755: 168 469 495 967 1631 
1756: 182 1197 1754 1757 
1757: 608 1756 1759 
1758: 27 489 1696 
1759: 447 458 1669 1757 1760 
1760: 1759 1765 
1761: 230 313 655 1176 1500 
1762: 460 587 1082 1289 1899 
1763: 403 971 1066 1190 1672 
1764: 21 184 244 1552 1722 
1765: 1001 1760 1766 
1766: 151 1511 1765 1767 1993 
1767: 1766 1772 1781 1788 
1768: 312 1126 1456 1587 1742 
1769: 606 666 908 1903 1947 
1770: 586 868 1153 1372 
1771: 728 967 1624 1927 
1772: 1402 1767 1777 
1773: 465 923 1670 
1774: 807 1008 1265 1359 1809 
1775: 100 633 1025 1539 
1776: 478 1233 1410 1899 1985 
1777: 200 1520 1772 1778 1860 
1778: 1230 1777 1780 
1779: 8 67 720 1268 1281 
1780: 585 1169 1184 1778 1781 
1781: 444 631 1767 1780 1782 
1782: 883 1356 1511 1781 1783 
1783: 177 1033 1708 1782 1784 
1784: 1733 1783 1785 
1785: 68 861 1784 1786 
1786: 272 280 1785 1787 
1787: 956 1137 1348 1786 1788 
1788: 1767 1787 1791 
1789: 588 687 1153 1438 1717 
1790: 409 472 544 981 991 
1791: 1276 1572 1788 1793 
1792: 488 773 783 1359 1633 
1793: 57 1580 1791 1796 1885 
1794: 1249 1410 1965 
1795: 627 854 922 1573 
1796: 1156 1390 1669 1793 1798 
1797: 144 495 1003 1422 
1798: 0 1741 1796 1799 1944 
1799: 1798 1802 
1800: 66 345 749 813 1632 
1801: 67 739 1196 1538 
1802: 292 1131 1799 1804 1841 
1803: 360 481 947 1165 1414 
1804: 1043 1090 1141 1802 1805 
1805: 7 196 1804 1807 
1806: 184 876 1244 1552 1616 
1807: 691 1805 1808 1844 
1808: 758 1074 1807 1814 
1809: 87 1161 1597 1709 1774 
1810: 126 184 745 838 999 
1811: 799 1472 
1812: 425 552 1626 1722 
1813: 230 548 1158 1536 
1814: 132 1363 1808 1822 
1815: 725 1213 1576 1831 
1816: 250 1084 1314 1556 1831 
1817: 300 1038 1084 1118 1186 
1818: 337 648 737 1082 1208 
1819: 470 1835 1886 1990 
1820: 8 211 357 462 1648 
1821: 627 1897 
1822: 101 974 1814 1823 
1823: 1822 1825 
1824: 855 1374 1827 
1825: 604 829 859 1823 1826 
1826: 618 1825 1830 
1827: 165 610 791 1824 
1828: 1178 1256 1856 
1829: 117 424 557 786 866 
1830: 46 1826 1832 1870 
1831: 53 712 1815 1816 
1832: 1830 1837 
1833: 296 1425 
1834: 772 1226 
1835: 326 490 1147 1819 
1836: 482 801 923 1308 
1837: 1832 1838 
1838: 177 1837 1839 
1839: 500 1057 1666 1838 1841 
1840: 262 638 853 1147 1571 
1841: 387 1802 1839 1842 1864 
1842: 1004 1294 1841 1843 1916 
1843: 1724 1842 1844 
1844: 861 1004 1807 1843 1845 
1845: 907 1844 1849 
1846: 1091 1536 1912 1961 
1847: 406 624 744 749 802 
1848: 436 502 1974 
1849: 98 1065 1451 1845 1850 
1850: 932 1634 1644 1849 1852 
1851: 605 1034 1598 
1852: 1547 1850 1855 
1853: 403 1138 1605 
1854: 807 1355 1509 1923 
1855: 1852 1857 
1856: 110 411 495 1450 1828 
1857: 422 1855 1858 
1858: 1160 1857 1859 1987 
1859: 1858 1860 
1860: 71 1063 1777 1859 1862 
1861: 17 258 837 1911 
1862: 515 1447 1860 1863 
1863: 46 511 857 1862 1864 
1864: 1841 1863 1867 
1865: 249 783 953 1180 1533 
1866: 614 912 1193 1286 1514 
1867: 1864 1868 1913 
1868: 329 1588 1867 1869 1871 
1869: 358 1744 1868 1870 
1870: 1487 1745 1830 1869 1871 
1871: 303 823 1868 1870 1872 
1872: 820 1871 1873 
1873: 58 1258 1471 1872 1874 
1874: 1103 1873 1875 
1875: 157 1734 1874 1878 1918 
1876: 360 795 1262 1452 1655 
1877: 1252 1255 
1878: 1875 1879 
1879: 862 1878 1880 
1880: 330 642 1458 1879 1881 
1881: 590 595 1880 1883 
1882: 1435 1739 
1883: 806 1737 1881 1884 
1884: 1883 1885 
1885: 1566 1793 1884 1887 
1886: 478 616 1382 1819 
1887: 365 550 562 1885 1888 
1888: 547 1887 1889 
1889: 174 1888 1891 
1890: 156 291 748 1034 1592 
1891: 1676 1889 1892 
1892: 44 59 159 1891 1896 
1893: 324 985 1208 1510 1965 
1894: 290 1147 1425 1730 1909 
1895: 42 570 1150 1347 1650 
1896: 26 856 1892 1898 
1897: 472 732 1821 
1898: 956 1715 1896 1908 
1899: 1244 1510 1762 1776 1905 
1900: 719 939 1483 
1901: 85 625 
1902: 489 600 1080 
1903: 390 716 1683 1769 1959 
1904: 5 337 752 1308 1992 
1905: 661 963 1247 1609 1899 
1906: 160 868 1126 1523 
1907: 50 156 1155 
1908: 1898 1910 
1909: 715 1411 1596 1894 
1910: 1420 1908 1913 
1911: 350 1426 1861 
1912: 256 357 1099 1153 1846 
1913: 844 1867 1910 1914 
1914: 711 1913 1915 1967 
1915: 373 1914 1916 
1916: 205 1842 1915 1918 
1917: 224 761 954 1082 1413 
1918: 255 1248 1875 1916 1922 
1919: 173 535 1108 1271 1298 
1920: 25 666 847 1261 1605 
1921: 720 819 914 1283 1694 
1922: 1918 1928 
1923: 648 1035 1214 1564 1854 
1924: 160 305 528 1587 1927 
1925: 97 406 439 842 1342 
1926: 616 1281 1425 1957 
1927: 408 1125 1717 1771 1924 
1928: 1434 1702 1734 1922 1929 
1929: 1928 1931 
1930: 185 249 1636 
1931: 1442 1929 1932 
1932: 1720 1931 1933 
1933: 1457 1932 1935 1937 
1934: 134 1380 1683 
1935: 314 1933 1937 
1936: 13 1386 1966 
1937: 143 1712 1933 1935 1938 
1938: 139 1361 1937 1939 1945 
1939: 35 343 1938 1941 
1940: 397 951 1514 1672 1995 
1941: 591 836 1154 1939 1944 
1942: 1087 1198 1503 
1943: 66 225 389 533 
1944: 1798 1941 1945 
1945: 1169 1938 1944 1948 
1946: 698 1249 1605 
1947: 1538 1769 
1948: 1945 1949 
1949: 76 1948 1954 
1950: 619 645 1011 1056 1438 
1951: 499 984 1099 1352 1707 
1952: 300 501 1249 1699 
1953: 589 1679 
1954: 1949 1956 
1955: 424 952 1056 1446 
1956: 864 1270 1954 1963 
1957: 17 794 843 985 1926 
1958: 89 324 890 1089 1984 
1959: 747 809 834 1903 
1960: 66 1675 1971 1983 1998 
1961: 103 1636 1706 1846 
1962: 678 938 1650 
1963: 226 663 1956 1964 
1964: 1096 1963 1967 
1965: 589 1485 1794 1893 
1966: 117 879 1936 
1967: 657 1685 1914 1964 1968 
1968: 121 511 1967 1975 
1969: 567 1210 1527 
1970: 971 1111 1383 1502 1586 
1971: 873 1034 1960 
1972: 645 1035 1495 1592 1979 
1973: 1167 1195 1425 1483 1696 
1974: 84 739 1633 1848 
1975: 101 573 1968 1982 
1976: 153 1106 1984 
1977: 85 499 961 1567 
1978: 9 1469 1998 
1979: 9 187 1500 1632 1972 
1980: 229 298 969 1298 1412 
1981: 482 493 507 1068 
1982: 254 1534 1975 1986 
1983: 955 1140 1960 
1984: 504 930 1958 1976 
1985: 251 320 489 1429 1776 
1986: 414 1982 1987 
1987: 299 1079 1858 1986 1988 
1988: 332 900 1987 1989 
1989: 354 1988 1991 
1990: 100 720 988 1289 1819 
1991: 1481 1563 1989 1993 
1992: 957 1191 1623 1691 1904 
1993: 1397 1661 1766 1991 1997 
1994: 204 392 412 
1995: 612 873 1584 1635 1940 
1996: 1115 1136 1279 1640 
1997: 1081 1993 
1998: 661 924 1960 1978 
1999: 313 348 594 1112 1394 
2