0: 373 505 1066 1804 
1: 5 224 1561 
2: 751 787 824 1047 
3: 397 417 738 841 1697 
4: 274 753 935 1899 1943 
5: 1 6 972 1049 1556 
6: 5 8 445 905 1490 
7: 751 755 1159 1893 
8: 6 17 543 979 1511 
9: 238 1249 1320 
10: 250 753 1381 1604 1753 
11: 240 284 909 1615 1660 
12: 859 1258 
13: 459 595 1419 
14: 376 1073 1588 
15: 656 776 1281 1527 1564 
16: 221 1334 1882 1987 
17: 8 18 649 938 1399 
18: 17 19 137 334 939 
19: 18 20 425 1070 1678 
20: 19 23 308 
21: 380 408 666 1156 1966 
22: 44 849 1042 1777 1983 
23: 20 24 245 1008 1748 
24: 23 26 1400 
25: 961 974 1446 1681 
26: 24 27 658 
27: 26 28 1271 1824 1866 
28: 27 30 434 
29: 1373 1494 1569 1899 
30: 28 31 
31: 30 32 493 1637 
32: 31 34 759 1730 
33: 191 405 784 878 1839 
34: 32 35 965 1992 
35: 34 38 1475 
36: 54 412 886 1003 1517 
37: 85 177 1618 
38: 35 40 202 976 1988 
39: 45 125 610 671 930 
40: 38 42 263 576 1303 
41: 351 1342 1412 
42: 40 47 136 1214 1347 
43: 1558 1734 1880 1937 
44: 22 179 882 1263 
45: 39 70 1098 1161 1216 
46: 74 209 893 1231 1417 
47: 42 49 
48: 506 1001 1582 1707 1934 
49: 47 56 448 1218 1461 
50: 800 928 1071 1125 1912 
51: 1085 1181 1296 
52: 466 847 968 978 1550 
53: 231 583 1306 1496 1587 
54: 36 463 507 1017 1327 
55: 170 264 427 1040 1555 
56: 49 59 119 1990 
57: 933 1429 1550 1822 
58: 97 749 879 
59: 56 61 1148 
60: 794 1156 1280 1284 1348 
61: 59 63 601 1178 1341 
62: 347 769 866 873 887 
63: 61 66 1567 1787 
64: 574 647 1537 
65: 289 1290 1474 1838 1977 
66: 63 69 532 1298 1300 
67: 138 1829 
68: 829 968 1018 1921 
69: 66 71 705 
70: 45 153 
71: 69 73 781 
72: 536 694 924 1370 
73: 71 75 896 1057 1061 
74: 46 761 868 1467 1715 
75: 73 78 1364 1756 1853 
76: 274 1339 1393 1910 
77: 1448 1466 1925 
78: 75 80 1210 1509 
79: 509 876 1532 
80: 78 82 670 1146 1941 
81: 1051 1397 1411 1530 1920 
82: 80 83 471 853 
83: 82 84 267 767 1191 
84: 83 88 
85: 37 688 878 1372 1948 
86: 191 231 1115 1635 1804 
87: 1118 1181 
88: 84 91 471 567 817 
89: 610 1323 1467 1949 1953 
90: 667 840 859 1122 1481 
91: 88 92 
92: 91 93 316 999 1773 
93: 92 94 1964 
94: 93 95 1059 1094 1591 
95: 94 96 110 572 1222 
96: 95 100 158 1154 
97: 58 244 379 396 1731 
98: 105 209 1085 1159 1884 
99: 482 761 1116 1231 
100: 96 101 902 918 
101: 100 107 163 1602 
102: 1449 1569 
103: 614 621 913 
104: 638 883 1588 
105: 98 440 903 1101 1642 
106: 920 1147 1292 1666 
107: 101 108 310 1662 
108: 107 110 369 
109: 336 1105 1269 1280 1666 
110: 95 108 111 307 687 
111: 110 114 
112: 579 1445 1514 
113: 739 1038 1431 
114: 111 118 281 1650 
115: 381 1117 1863 
116: 175 1130 1696 
117: 799 935 1151 1438 
118: 114 119 833 1783 1967 
119: 56 118 120 
120: 119 121 159 327 970 
121: 120 124 386 1276 1798 
122: 463 1180 1537 
123: 177 250 607 1211 1789 
124: 121 126 1664 
125: 39 595 765 1546 1882 
126: 124 128 541 1120 1784 
127: 496 848 1908 1922 
128: 126 130 262 921 1104 
129: 133 160 789 1397 1968 
130: 128 131 689 
131: 130 132 678 
132: 131 136 1070 
133: 129 537 742 842 
134: 240 336 640 1705 
135: 410 985 1127 1884 
136: 42 132 137 1669 
137: 18 136 140 758 992 
138: 67 656 1550 1574 1916 
139: 429 1050 1112 1296 1750 
140: 137 143 632 1819 
141: 562 1079 1263 1266 
142: 365 998 
143: 140 144 
144: 143 148 710 902 1293 
145: 166 181 447 926 1278 
146: 1151 1843 1921 
147: 305 533 1575 
148: 144 149 1337 
149: 148 151 367 455 1238 
150: 285 1629 1667 
151: 149 152 812 1506 
152: 151 158 
153: 70 1048 1097 1658 
154: 927 1142 1264 1794 1877 
155: 277 663 1253 1527 1960 
156: 160 789 1114 1250 1695 
157: 679 1048 1965 1983 
158: 96 152 159 1328 
159: 120 158 163 764 1854 
160: 129 156 834 1017 1375 
161: 299 646 
162: 963 1162 1460 1912 
163: 101 159 164 444 782 
164: 163 168 
165: 204 1700 
166: 145 867 1845 
167: 664 696 1025 1140 1452 
168: 164 169 1030 1472 
169: 168 171 901 1654 
170: 55 1079 1325 1517 1647 
171: 169 174 190 288 1201 
172: 266 1181 1391 1884 1943 
173: 352 605 1071 
174: 171 176 1077 
175: 116 242 1734 1863 
176: 174 178 
177: 37 123 330 520 568 
178: 176 180 781 
179: 44 583 
180: 178 182 369 1368 
181: 145 479 1647 1692 1975 
182: 180 184 261 437 952 
183: 688 1763 1932 
184: 182 186 306 1173 1318 
185: 577 726 773 1438 
186: 184 187 949 1740 
187: 186 189 807 
188: 1147 1892 
189: 187 190 957 
190: 171 189 193 402 1628 
191: 33 86 301 388 709 
192: 640 721 1464 1867 
193: 190 195 1080 1289 
194: 303 392 1248 
195: 193 196 559 1492 
196: 195 197 1055 1095 
197: 196 198 658 1134 1369 
198: 197 202 391 938 1440 
199: 294 1320 
200: 330 521 757 803 1647 
201: 237 1753 1769 
202: 38 198 206 1592 1996 
203: 213 1005 1118 1236 1609 
204: 165 384 440 836 1589 
205: 408 783 1430 
206: 202 207 601 1345 
207: 206 208 1488 1842 
208: 207 210 446 658 
209: 46 98 1333 1632 1892 
210: 208 211 747 1905 
211: 210 212 529 957 1524 
212: 211 216 476 495 1786 
213: 203 1589 1910 
214: 483 931 1339 1433 1692 
215: 240 549 761 1413 1881 
216: 212 217 1010 1732 1842 
217: 216 219 
218: 701 987 1127 1262 1817 
219: 217 220 389 1238 
220: 219 222 1009 
221: 16 971 1348 1474 
222: 220 224 1148 1188 1952 
223: 995 1018 1445 
224: 1 222 225 743 
225: 224 227 1195 1212 1914 
226: 1170 1333 1464 1613 1850 
227: 225 230 1444 
228: 305 363 765 1277 1585 
229: 303 1601 1864 1986 
230: 227 232 
231: 53 86 479 544 
232: 230 233 1661 
233: 232 234 988 1135 
234: 233 245 1502 1898 
235: 475 816 1412 1489 1553 
236: 449 672 
237: 201 344 1232 1273 
238: 9 418 1053 1380 
239: 907 1185 1237 1278 1597 
240: 11 134 215 1338 1632 
241: 302 727 1016 1397 1622 
242: 175 1599 1858 
243: 346 607 655 
244: 97 440 1112 1216 1948 
245: 23 234 251 888 1957 
246: 1121 1261 1480 
247: 509 1267 1807 
248: 1540 1693 
249: 460 518 1900 1942 1987 
250: 10 123 344 422 1493 
251: 245 254 431 1998 
252: 665 1121 1155 1176 1585 
253: 644 1510 1934 
254: 251 255 355 869 1915 
255: 254 256 477 880 1109 
256: 255 258 1936 
257: 528 873 1285 1832 1880 
258: 256 259 470 722 
259: 258 260 267 720 1289 
260: 259 261 278 713 
261: 182 260 262 1557 
262: 128 261 263 704 905 
263: 40 262 267 720 1304 
264: 55 856 883 971 994 
265: 711 857 1499 
266: 172 605 1633 
267: 83 259 263 271 472 
268: 1023 1554 
269: 610 995 1314 
270: 453 849 1457 
271: 267 272 
272: 271 276 
273: 377 777 987 1156 1971 
274: 4 76 1473 1965 
275: 991 1479 1536 1570 
276: 272 278 495 648 
277: 155 850 1261 1391 1476 
278: 260 276 279 1019 
279: 278 280 1022 
280: 279 281 662 1143 
281: 114 280 282 571 
282: 281 283 634 815 911 
283: 282 286 428 1790 
284: 11 352 518 1660 1920 
285: 150 879 1046 1053 
286: 283 288 551 1382 1679 
287: 852 1402 1707 1912 1971 
288: 171 286 293 428 
289: 65 413 427 1127 1604 
290: 362 1250 1874 
291: 1705 1711 
292: 341 454 669 1185 1356 
293: 288 295 409 
294: 199 463 1339 1892 
295: 293 296 404 715 
296: 295 297 
297: 296 298 1367 1813 
298: 297 300 438 
299: 161 768 978 1632 1779 
300: 298 306 698 706 
301: 191 724 
302: 241 861 1048 1240 
303: 194 229 500 1522 1986 
304: 562 977 1320 1856 
305: 147 228 987 1489 1817 
306: 184 300 307 547 
307: 110 306 308 1768 
308: 20 307 310 1682 
309: 816 1204 1424 1677 1805 
310: 107 308 313 1039 1309 
311: 312 517 1528 1976 
312: 311 1479 1713 
313: 310 316 888 
314: 435 458 579 1476 1921 
315: 1091 1114 1268 1383 1693 
316: 92 313 319 845 1039 
317: 457 813 909 1162 
318: 341 889 1517 1693 1720 
319: 316 320 
320: 319 321 632 678 1198 
321: 320 323 1064 1238 
322: 809 954 1408 1508 1690 
323: 321 325 
324: 1375 1424 
325: 323 326 366 471 706 
326: 325 327 723 791 1961 
327: 120 326 328 821 1641 
328: 327 333 382 
329: 1147 1235 1606 1746 
330: 177 200 412 765 928 
331: 1072 1393 
332: 609 735 961 1142 1823 
333: 328 334 874 1897 
334: 18 333 335 1772 
335: 334 338 806 1009 1398 
336: 109 134 418 638 834 
337: 453 1342 1827 
338: 335 340 1055 1519 1636 
339: 940 974 1339 1384 1677 
340: 338 342 445 689 1197 
341: 292 318 787 1944 1948 
342: 340 343 628 1082 1346 
343: 342 345 877 1069 1239 
344: 237 250 873 1907 
345: 343 349 
346: 243 618 1112 1537 1674 
347: 62 975 1169 1388 1529 
348: 1302 1745 1820 
349: 345 350 1650 
350: 349 353 1084 1626 1992 
351: 41 1275 
352: 173 284 1828 
353: 350 355 603 833 1077 
354: 1113 1546 
355: 254 353 356 360 1950 
356: 355 357 806 1435 
357: 356 358 1174 1483 
358: 357 359 720 835 1019 
359: 358 360 624 1379 
360: 355 359 361 545 
361: 360 366 1603 1631 
362: 290 904 1152 1161 
363: 228 413 533 721 1839 
364: 555 607 1211 1692 1901 
365: 142 621 871 
366: 325 361 367 480 1239 
367: 149 366 369 1031 1409 
368: 956 1843 
369: 108 180 367 370 1993 
370: 369 371 1500 1751 
371: 370 372 741 1126 1129 
372: 371 374 648 1917 
373: 0 589 1101 1280 
374: 372 378 1061 1947 
375: 1172 1299 1864 1982 
376: 14 1437 1648 
377: 273 405 1074 1976 
378: 374 382 698 1759 1992 
379: 97 1151 1160 1586 1810 
380: 21 423 1923 
381: 115 1177 1944 
382: 328 378 386 645 1592 
383: 435 814 1432 1942 
384: 204 997 1054 
385: 954 1408 1746 1794 
386: 121 382 387 767 
387: 386 389 
388: 191 1016 1237 
389: 219 387 390 516 1995 
390: 389 391 822 1749 1980 
391: 198 390 393 
392: 194 841 1348 1934 
393: 391 394 1083 
394: 393 395 636 1034 1729 
395: 394 398 627 1107 1623 
396: 97 665 959 
397: 3 464 1011 
398: 395 399 1084 1785 1803 
399: 398 400 615 1010 1358 
400: 399 401 1641 
401: 400 402 561 1435 1699 
402: 190 401 404 462 1821 
403: 588 784 
404: 295 402 407 1751 1830 
405: 33 377 482 1388 1850 
406: 423 504 614 
407: 404 409 1379 
408: 21 205 646 666 1258 
409: 293 407 414 
410: 135 937 1575 
411: 910 975 1507 1847 
412: 36 330 1621 1692 
413: 289 363 507 840 1656 
414: 409 415 490 797 
415: 414 416 1562 1598 1885 
416: 415 420 634 
417: 3 841 1262 1267 1460 
418: 238 336 803 
419: 499 856 1397 1417 1668 
420: 416 421 450 1167 
421: 420 425 
422: 250 937 1413 1794 
423: 380 406 509 1375 1632 
424: 852 866 882 1384 1677 
425: 19 421 426 900 1192 
426: 425 428 1213 1941 
427: 55 289 1170 1536 1833 
428: 283 288 426 430 
429: 139 474 909 1750 1923 
430: 428 431 531 
431: 251 430 432 
432: 431 433 863 
433: 432 434 1094 1487 1590 
434: 28 433 437 1067 1196 
435: 314 383 1140 1474 1642 
436: 756 991 1189 1642 
437: 182 434 438 
438: 298 437 439 1347 1672 
439: 438 441 
440: 105 204 244 474 701 
441: 439 442 
442: 441 444 1120 1518 
443: 1301 1449 1543 1677 1923 
444: 163 442 445 870 1669 
445: 6 340 444 446 
446: 208 445 448 1526 1849 
447: 145 1116 1278 1480 1720 
448: 49 446 450 613 898 
449: 236 1007 1481 1812 
450: 420 448 451 1035 
451: 450 455 1110 1141 1636 
452: 562 934 1551 1822 
453: 270 337 933 
454: 292 842 1226 1411 1616 
455: 149 451 462 1021 1796 
456: 787 1338 1702 1745 
457: 317 931 1430 1570 1689 
458: 314 776 1294 1313 1397 
459: 13 580 1215 1268 1724 
460: 249 940 1466 1714 
461: 584 735 836 1494 
462: 402 455 465 1196 
463: 54 122 294 
464: 397 787 
465: 462 467 
466: 52 861 1873 
467: 465 468 
468: 467 469 1124 1178 1831 
469: 468 470 
470: 258 469 471 1036 1305 
471: 82 88 325 470 472 
472: 267 471 473 
473: 472 476 1049 1259 
474: 429 440 475 1501 
475: 235 474 1209 1294 1774 
476: 212 473 477 1057 1624 
477: 255 476 480 1191 
478: 755 1020 1763 
479: 181 231 556 1098 1880 
480: 366 477 486 1002 
481: 998 1079 1339 1607 
482: 99 405 1185 1493 1877 
483: 214 1140 1202 1762 1901 
484: 756 1014 1209 1351 1753 
485: 526 651 735 736 
486: 480 487 713 1145 1330 
487: 486 488 531 
488: 487 489 820 1082 1420 
489: 488 490 1322 1463 1584 
490: 414 489 491 565 837 
491: 490 492 922 1394 
492: 491 493 652 1104 
493: 31 492 494 1619 
494: 493 495 1818 
495: 212 276 494 497 
496: 127 513 1182 1700 1724 
497: 495 498 543 699 
498: 497 501 790 
499: 419 1354 1860 1871 1873 
500: 303 1248 1284 1433 1881 
501: 498 502 
502: 501 503 1008 1108 1399 
503: 502 510 1676 1959 
504: 406 1510 1975 
505: 0 549 1630 1758 
506: 48 549 1180 1264 
507: 54 413 928 974 1003 
508: 1466 1966 
509: 79 247 423 1387 
510: 503 514 833 1341 
511: 1279 1306 1617 
512: 640 697 1513 1712 1860 
513: 496 696 1138 1779 
514: 510 516 1328 1933 
515: 536 978 1906 
516: 389 514 522 
517: 311 1423 1438 1712 
518: 249 284 1875 
519: 1395 1901 
520: 177 887 1152 1668 1884 
521: 200 1441 1901 
522: 516 523 877 1406 
523: 522 527 1670 1796 
524: 876 1563 1725 
525: 1432 1521 1607 
526: 485 883 1712 1733 
527: 523 529 716 1260 
528: 257 1234 1254 
529: 211 527 530 687 880 
530: 529 531 723 1010 1276 
531: 430 487 530 532 639 
532: 66 531 534 807 1784 
533: 147 363 607 709 738 
534: 532 535 1298 1326 1567 
535: 534 539 807 906 1002 
536: 72 515 1871 
537: 133 587 861 1302 1769 
538: 560 944 975 1530 1709 
539: 535 540 705 1439 
540: 539 541 
541: 126 540 542 
542: 541 543 716 1644 1771 
543: 8 497 542 545 1624 
544: 231 1335 
545: 360 543 547 778 1848 
546: 1370 1546 1705 1812 
547: 306 545 551 1444 1544 
548: 1285 1594 
549: 215 505 506 1764 1953 
550: 959 1261 
551: 286 547 552 796 1293 
552: 551 553 835 
553: 552 554 677 1933 
554: 553 557 673 845 1220 
555: 364 666 742 1720 
556: 479 927 1334 1535 1857 
557: 554 558 1793 
558: 557 559 
559: 195 558 561 
560: 538 1085 1893 
561: 401 559 563 699 
562: 141 304 452 1449 1758 
563: 561 564 625 1353 
564: 563 565 1219 
565: 490 564 566 918 
566: 565 567 653 915 
567: 88 566 569 693 1956 
568: 177 761 1081 
569: 567 570 1767 
570: 569 571 649 1311 
571: 281 570 572 1639 1834 
572: 95 571 576 731 1056 
573: 597 961 1012 1437 1589 
574: 64 631 1578 
575: 1335 1558 1827 
576: 40 572 578 1024 
577: 185 1578 1655 1758 1987 
578: 576 581 1069 
579: 112 314 584 1058 1388 
580: 459 907 1405 
581: 578 582 730 
582: 581 585 
583: 53 179 696 893 1722 
584: 461 579 696 1726 1879 
585: 582 586 896 
586: 585 590 1663 
587: 537 1142 1554 1597 
588: 403 614 643 
589: 373 868 
590: 586 592 1963 
591: 800 1097 1202 1375 
592: 590 593 
593: 592 594 766 1654 1741 
594: 593 596 1365 1815 
595: 13 125 701 879 1737 
596: 594 598 1247 1399 1903 
597: 573 1939 
598: 596 600 636 822 
599: 866 1001 1564 1733 
600: 598 601 835 
601: 61 206 600 602 1703 
602: 601 603 1568 
603: 353 602 604 1394 1652 
604: 603 608 677 
605: 173 266 1543 1742 
606: 724 1325 
607: 123 243 364 533 1275 
608: 604 611 1030 1163 1184 
609: 332 1295 1320 1702 
610: 39 89 269 1609 1989 
611: 608 612 898 1286 1729 
612: 611 613 891 1319 1710 
613: 448 612 615 
614: 103 406 588 852 
615: 399 613 616 704 1743 
616: 615 619 1078 1631 
617: 671 779 909 1419 1715 
618: 346 1160 1577 
619: 616 620 819 1200 1428 
620: 619 622 1761 1852 
621: 103 365 1681 1806 
622: 620 623 1973 
623: 622 624 1673 1684 
624: 359 623 625 746 1462 
625: 563 624 626 
626: 625 627 
627: 395 626 628 
628: 342 627 629 1708 
629: 628 630 1426 
630: 629 632 
631: 574 997 
632: 140 320 630 633 1732 
633: 632 634 1057 
634: 282 416 633 635 1718 
635: 634 636 
636: 394 598 635 637 1539 
637: 636 639 745 
638: 104 336 644 1329 1823 
639: 531 637 641 1148 1456 
640: 134 192 512 700 1199 
641: 639 642 815 1849 
642: 641 645 890 1439 1605 
643: 588 774 1164 1251 1272 
644: 253 638 1476 1614 
645: 382 642 648 1110 1175 
646: 161 408 1827 1968 
647: 64 680 937 1011 
648: 276 372 645 649 1919 
649: 17 570 648 652 
650: 801 1552 1864 
651: 485 1042 1617 
652: 492 649 653 1188 1773 
653: 566 652 657 982 1727 
654: 663 680 810 1106 
655: 243 801 1460 1845 
656: 15 138 659 738 926 
657: 653 658 808 1265 
658: 26 197 208 657 662 
659: 656 729 1801 
660: 893 1098 1204 1470 
661: 773 1945 
662: 280 658 668 1541 
663: 155 654 1073 1161 1738 
664: 167 1614 1695 1832 1839 
665: 252 396 1127 1658 1806 
666: 21 408 555 732 1593 
667: 90 848 1038 1414 
668: 662 670 895 
669: 292 1117 1396 
670: 80 668 673 754 
671: 39 617 926 966 1528 
672: 236 1585 1726 
673: 554 670 674 1453 
674: 673 675 831 1799 
675: 674 677 682 1757 1895 
676: 899 1113 1704 1945 
677: 553 604 675 678 
678: 131 320 677 682 1465 
679: 157 729 1097 
680: 647 654 1291 1446 
681: 1018 1327 1455 1674 1931 
682: 675 678 683 902 1691 
683: 682 684 686 1124 
684: 683 685 763 
685: 684 686 1068 1688 
686: 683 685 687 1490 1791 
687: 110 529 686 689 
688: 85 183 794 
689: 130 340 687 691 1728 
690: 785 1812 
691: 689 693 1461 
692: 742 1234 1829 
693: 567 691 695 780 949 
694: 72 1329 1713 
695: 693 698 
696: 167 513 583 584 1355 
697: 512 749 792 
698: 300 378 695 699 
699: 497 561 698 702 1767 
700: 640 1274 1380 1484 1618 
701: 218 440 595 1063 1254 
702: 699 704 1485 
703: 1072 1411 
704: 262 615 702 705 999 
705: 69 539 704 706 1814 
706: 300 325 705 707 1830 
707: 706 708 1322 1876 
708: 707 710 1636 
709: 191 533 1527 1606 1779 
710: 144 708 713 891 
711: 265 886 1202 
712: 1274 1527 1558 1867 
713: 260 486 710 715 1940 
714: 1255 1991 
715: 295 713 716 1389 
716: 527 542 715 719 1173 
717: 894 1693 1926 
718: 1269 1471 1551 
719: 716 720 722 1315 
720: 259 263 358 719 722 
721: 192 363 980 
722: 258 719 720 723 1183 
723: 326 530 722 728 1475 
724: 301 606 971 1170 1648 
725: 1072 1164 1543 
726: 185 1012 1246 1513 1986 
727: 241 1172 1535 1929 1972 
728: 723 730 990 1030 
729: 659 679 740 1373 
730: 581 728 731 1511 1628 
731: 572 730 733 1637 
732: 666 913 1385 
733: 731 734 1288 
734: 733 737 826 1427 1851 
735: 332 461 485 1005 1550 
736: 485 1086 1775 
737: 734 741 1110 
738: 3 533 656 
739: 113 1844 
740: 729 769 1204 
741: 371 737 743 1303 1409 
742: 133 555 692 930 1051 
743: 224 741 744 
744: 743 745 925 
745: 637 744 746 1305 1978 
746: 624 745 747 
747: 210 746 750 
748: 823 1046 1366 1621 
749: 58 697 1932 
750: 747 752 1344 1583 
751: 2 7 1281 1395 1501 
752: 750 754 760 1094 1270 
753: 4 10 1667 1709 
754: 670 752 758 797 1580 
755: 7 478 1063 1372 1927 
756: 436 484 1258 1290 
757: 200 961 1279 1306 1690 
758: 137 754 759 1813 
759: 32 758 760 1224 1747 
760: 752 759 762 
761: 74 99 215 568 
762: 760 763 
763: 684 762 764 
764: 159 763 766 1369 1861 
765: 125 228 330 1448 1991 
766: 593 764 767 
767: 83 386 766 771 1428 
768: 299 792 1589 
769: 62 740 
770: 866 1473 1496 1522 
771: 767 775 
772: 937 1236 1460 1879 
773: 185 661 1131 1489 1614 
774: 643 795 1537 
775: 771 778 1230 
776: 15 458 1085 1251 1586 
777: 273 1097 
778: 545 775 780 798 1590 
779: 617 1114 1696 1720 
780: 693 778 781 923 1526 
781: 71 178 780 782 895 
782: 163 781 786 
783: 205 1586 
784: 33 403 
785: 690 1051 1272 1736 
786: 782 788 1229 
787: 2 341 456 464 1321 
788: 786 790 916 929 1000 
789: 129 156 881 1090 1314 
790: 498 788 791 1365 
791: 326 790 793 
792: 697 768 1971 
793: 791 796 1394 1556 1732 
794: 60 688 1424 1497 1775 
795: 774 1471 
796: 551 793 797 990 1559 
797: 414 754 796 798 1365 
798: 778 797 802 1192 
799: 117 1845 
800: 50 591 873 
801: 650 655 1116 1336 1701 
802: 798 804 1778 
803: 200 418 1041 
804: 802 805 988 1271 1434 
805: 804 806 817 923 1659 
806: 335 356 805 807 1300 
807: 187 532 535 806 808 
808: 657 807 811 1683 
809: 322 1177 1301 
810: 654 991 1246 1622 
811: 808 812 1749 
812: 151 811 815 1163 1638 
813: 317 987 1530 1736 1985 
814: 383 1189 1269 1480 
815: 282 641 812 817 
816: 235 309 1038 1165 1443 
817: 88 805 815 819 1766 
818: 1003 1686 1828 
819: 619 817 820 1406 1703 
820: 488 819 821 1008 1623 
821: 327 820 822 1961 
822: 390 598 821 825 
823: 748 1327 
824: 2 1144 1835 
825: 822 826 1710 
826: 734 825 827 897 1450 
827: 826 828 1120 
828: 827 831 872 1645 
829: 68 1362 
830: 1101 1372 
831: 674 828 832 
832: 831 833 
833: 118 353 510 832 835 
834: 160 336 931 1182 1698 
835: 358 552 600 833 837 
836: 204 461 1314 1597 1893 
837: 490 835 839 1747 1997 
838: 1448 1553 1709 
839: 837 844 
840: 90 413 
841: 3 392 417 1395 1989 
842: 133 454 1536 
843: 1160 1458 1571 1666 
844: 839 845 1389 
845: 316 554 844 846 1952 
846: 845 851 1500 
847: 52 1403 1408 1722 
848: 127 667 1051 1176 1552 
849: 22 270 994 1112 1577 
850: 277 1226 1423 1705 1840 
851: 846 853 1000 1024 
852: 287 424 614 
853: 82 851 855 1265 1640 
854: 1098 1105 1763 
855: 853 860 1346 1637 1999 
856: 264 419 1789 
857: 265 887 1466 1929 1953 
858: 1001 1246 1471 1753 1760 
859: 12 90 1356 1493 1671 
860: 855 862 1371 
861: 302 466 537 1423 
862: 860 863 
863: 432 862 864 1410 1665 
864: 863 869 1743 1911 
865: 879 1355 
866: 62 424 599 770 1736 
867: 166 1118 1789 1839 
868: 74 589 1875 
869: 254 864 870 
870: 444 869 872 1795 1802 
871: 365 913 1017 1321 
872: 828 870 874 1349 
873: 62 257 344 800 1023 
874: 333 872 875 1386 
875: 874 877 1027 1080 
876: 79 524 1385 1547 1908 
877: 343 522 875 880 979 
878: 33 85 1476 
879: 58 285 595 865 
880: 255 529 877 884 1533 
881: 789 1117 1155 1582 1711 
882: 44 424 1294 1789 
883: 104 264 526 
884: 880 885 
885: 884 888 1792 
886: 36 711 1951 
887: 62 520 857 1007 1571 
888: 245 313 885 890 
889: 318 974 1241 1292 1335 
890: 642 888 891 1033 1035 
891: 612 710 890 895 1798 
892: 946 1521 
893: 46 583 660 1403 1916 
894: 717 1962 1977 
895: 668 781 891 896 1919 
896: 73 585 895 897 1560 
897: 826 896 898 1171 1187 
898: 448 611 897 900 1791 
899: 676 946 1359 
900: 425 898 901 
901: 169 900 902 1259 1996 
902: 100 144 682 901 905 
903: 105 1236 1775 1906 
904: 362 1291 1733 
905: 6 262 902 906 1756 
906: 535 905 908 1520 
907: 239 580 1216 1671 1723 
908: 906 911 
909: 11 317 429 617 1660 
910: 411 1113 1390 1481 1776 
911: 282 908 915 
912: 1076 1593 1863 
913: 103 732 871 1041 1651 
914: 1874 1944 
915: 566 911 916 1186 1308 
916: 788 915 918 1068 
917: 967 1761 1937 
918: 100 565 916 919 1102 
919: 918 921 
920: 106 1333 1412 1587 1616 
921: 128 919 922 1367 1462 
922: 491 921 923 1233 1561 
923: 780 805 922 925 
924: 72 1046 1256 1332 1348 
925: 744 923 929 1765 1994 
926: 145 656 671 1385 
927: 154 556 1737 
928: 50 330 507 1074 1295 
929: 788 925 936 
930: 39 742 1194 1241 1278 
931: 214 457 834 1594 1805 
932: 1005 1155 1225 1460 1594 
933: 57 453 1838 1839 
934: 452 1105 1362 1442 
935: 4 117 
936: 929 938 1224 1721 1852 
937: 410 422 647 772 1655 
938: 17 198 936 939 1190 
939: 18 938 941 964 1311 
940: 339 460 1764 
941: 939 942 
942: 941 943 
943: 942 945 1436 1878 
944: 538 1263 1927 
945: 943 947 1914 
946: 892 899 1601 
947: 945 948 
948: 947 949 965 1304 1534 
949: 186 693 948 950 1787 
950: 949 951 1524 
951: 950 952 1149 
952: 182 951 953 
953: 952 955 1425 
954: 322 385 1314 
955: 953 957 1154 1646 
956: 368 1044 
957: 189 211 955 958 1849 
958: 957 962 1533 1778 1831 
959: 396 550 1165 1455 
960: 1081 1090 1457 1613 
961: 25 332 573 757 1858 
962: 958 964 972 1565 
963: 162 1847 
964: 939 962 965 1107 1802 
965: 34 948 964 969 
966: 671 1355 1939 
967: 917 1131 1705 1942 
968: 52 68 1071 1231 1449 
969: 965 970 1846 
970: 120 969 972 
971: 221 264 724 1554 1926 
972: 5 962 970 973 1067 
973: 972 976 
974: 25 339 507 889 1810 
975: 347 411 538 1758 
976: 38 973 979 
977: 304 1112 1446 1546 
978: 52 299 515 1310 1872 
979: 8 877 976 981 1964 
980: 721 1066 1360 1467 1805 
981: 979 982 1788 1883 
982: 653 981 983 
983: 982 984 
984: 983 986 1036 1567 
985: 135 1054 1193 1642 1826 
986: 984 988 1089 1212 
987: 218 273 305 813 1658 
988: 233 804 986 989 
989: 988 990 1598 
990: 728 796 989 992 1358 
991: 275 436 810 1563 
992: 137 990 993 1206 1969 
993: 992 996 
994: 264 849 1408 1476 1499 
995: 223 269 1122 
996: 993 999 
997: 384 631 1417 1489 1704 
998: 142 481 1564 1697 
999: 92 704 996 1000 1584 
1000: 788 851 999 1002 1988 
1001: 48 599 858 1273 
1002: 480 535 1000 1004 
1003: 36 507 818 1817 
1004: 1002 1006 
1005: 203 735 932 
1006: 1004 1008 1045 1936 
1007: 449 887 1172 1207 1892 
1008: 23 502 820 1006 1009 
1009: 220 335 1008 1010 1956 
1010: 216 399 530 1009 1013 
1011: 397 647 1635 
1012: 573 726 1540 1698 1789 
1013: 1010 1015 1297 1679 
1014: 484 1236 1385 1585 1752 
1015: 1013 1019 
1016: 241 388 1607 1986 
1017: 54 160 871 1935 
1018: 68 223 681 1335 
1019: 278 358 1015 1021 
1020: 478 1263 
1021: 455 1019 1022 1974 
1022: 279 1021 1024 1946 
1023: 268 873 1249 1625 1722 
1024: 576 851 1022 1026 1475 
1025: 167 1118 1635 
1026: 1024 1027 1985 
1027: 875 1026 1028 
1028: 1027 1030 1721 1869 
1029: 1761 1972 
1030: 168 608 728 1028 1031 
1031: 367 1030 1033 1854 
1032: 1424 1474 1586 1829 
1033: 890 1031 1034 1149 1644 
1034: 394 1033 1035 1036 1997 
1035: 450 890 1034 1036 
1036: 470 984 1034 1035 1039 
1037: 1075 1343 
1038: 113 667 816 
1039: 310 316 1036 1043 1676 
1040: 55 1323 1955 
1041: 803 913 1221 1548 1731 
1042: 22 651 1076 1113 
1043: 1039 1045 1242 
1044: 956 1216 
1045: 1006 1043 1049 1981 
1046: 285 748 924 1712 1804 
1047: 2 1625 1966 
1048: 153 157 302 1306 1774 
1049: 5 473 1045 1052 
1050: 139 1253 1332 1414 1551 
1051: 81 742 785 848 1671 
1052: 1049 1055 1861 
1053: 238 285 1266 1932 
1054: 384 985 1232 1323 
1055: 196 338 1052 1056 1851 
1056: 572 1055 1057 1487 
1057: 73 476 633 1056 1059 
1058: 579 1714 1800 1820 1931 
1059: 94 1057 1060 1580 
1060: 1059 1061 
1061: 73 374 1060 1062 1628 
1062: 1061 1064 1212 1440 
1063: 701 755 1125 
1064: 321 1062 1065 1210 1562 
1065: 1064 1067 1579 
1066: 0 980 1208 1844 
1067: 434 972 1065 1068 1634 
1068: 685 916 1067 1069 
1069: 343 578 1068 1070 
1070: 19 132 1069 1077 
1071: 50 173 968 1106 1931 
1072: 331 703 725 1354 1441 
1073: 14 663 1906 
1074: 377 928 1236 1655 1838 
1075: 1037 1882 1989 
1076: 912 1042 1374 1572 
1077: 174 353 1070 1078 1959 
1078: 616 1077 1080 1145 
1079: 141 170 481 1578 
1080: 193 875 1078 1082 
1081: 568 960 1170 1570 1717 
1082: 342 488 1080 1083 1979 
1083: 393 1082 1084 1914 1946 
1084: 350 398 1083 1087 1270 
1085: 51 98 560 776 1199 
1086: 736 1245 1268 1760 1939 
1087: 1084 1088 1220 1592 
1088: 1087 1089 
1089: 986 1088 1092 1523 
1090: 789 960 1372 1547 
1091: 315 1429 1629 1724 
1092: 1089 1093 
1093: 1092 1094 1260 
1094: 94 433 752 1093 1095 
1095: 196 1094 1096 
1096: 1095 1099 1796 
1097: 153 591 679 777 1432 
1098: 45 479 660 854 
1099: 1096 1102 1103 1167 1398 
1100: 1377 1501 1929 
1101: 105 373 830 1340 1383 
1102: 918 1099 1103 1456 1940 
1103: 1099 1102 1104 
1104: 128 492 1103 1107 1787 
1105: 109 854 934 
1106: 654 1071 1253 1414 1810 
1107: 395 964 1104 1108 1252 
1108: 502 1107 1109 
1109: 255 1108 1110 1903 1984 
1110: 451 645 737 1109 1111 
1111: 1110 1119 1326 1490 1824 
1112: 139 244 346 849 977 
1113: 354 676 910 1042 1147 
1114: 156 315 779 1391 1820 
1115: 86 1421 1555 1949 
1116: 99 447 801 1595 
1117: 115 669 881 1133 
1118: 87 203 867 1025 1231 
1119: 1111 1120 1392 1425 
1120: 126 442 827 1119 1123 
1121: 246 252 1226 1698 
1122: 90 995 1211 1604 1931 
1123: 1120 1124 
1124: 468 683 1123 1126 1134 
1125: 50 1063 1833 
1126: 371 1124 1129 1168 1229 
1127: 135 218 289 665 1164 
1128: 1306 1599 
1129: 371 1126 1132 1137 1459 
1130: 116 1327 
1131: 773 967 1582 1976 
1132: 1129 1134 1905 1995 
1133: 1117 1221 1564 
1134: 197 1124 1132 1135 
1135: 233 1134 1136 1137 1933 
1136: 1135 1137 
1137: 1129 1135 1136 1139 1303 
1138: 513 1715 1840 1843 
1139: 1137 1141 
1140: 167 435 483 1775 
1141: 451 1139 1143 1980 
1142: 154 332 587 
1143: 280 1141 1145 
1144: 824 1245 1660 
1145: 486 1078 1143 1146 1389 
1146: 80 1145 1148 1688 1814 
1147: 106 188 329 1113 1576 
1148: 59 222 639 1146 1149 
1149: 951 1033 1148 1150 1795 
1150: 1149 1153 
1151: 117 146 379 1776 
1152: 362 520 1607 1872 1943 
1153: 1150 1154 1206 1664 1888 
1154: 96 955 1153 1157 1252 
1155: 252 881 932 1250 1575 
1156: 21 60 273 1735 1908 
1157: 1154 1158 
1158: 1157 1163 1486 
1159: 7 98 1295 
1160: 379 618 843 1217 1553 
1161: 45 362 663 1689 1907 
1162: 162 317 1274 
1163: 608 812 1158 1166 1659 
1164: 643 725 1127 1648 
1165: 816 959 1927 1983 
1166: 1163 1167 
1167: 420 1099 1166 1168 1472 
1168: 1126 1167 1171 1304 1454 
1169: 347 1701 1832 
1170: 226 427 724 1081 1666 
1171: 897 1168 1173 1213 1422 
1172: 375 727 1007 1179 1935 
1173: 184 716 1171 1174 
1174: 357 1173 1175 
1175: 645 1174 1178 1584 
1176: 252 848 1976 
1177: 381 809 1481 1836 1991 
1178: 61 468 1175 1183 1187 
1179: 1172 1348 1675 
1180: 122 506 1868 
1181: 51 87 172 1867 1965 
1182: 496 834 1577 1857 
1183: 722 1178 1184 1803 
1184: 608 1183 1186 1706 
1185: 239 292 482 1899 
1186: 915 1184 1187 1691 1848 
1187: 897 1178 1186 1188 1315 
1188: 222 652 1187 1190 
1189: 436 814 1296 1746 
1190: 938 1188 1191 1230 1428 
1191: 83 477 1190 1192 1382 
1192: 425 798 1191 1195 1307 
1193: 985 1283 1514 1671 
1194: 930 1595 1801 1923 
1195: 225 1192 1196 1318 1890 
1196: 434 462 1195 1197 1708 
1197: 340 1196 1198 
1198: 320 1197 1200 
1199: 640 1085 1226 1726 1930 
1200: 619 1198 1201 1740 
1201: 171 1200 1203 1472 1525 
1202: 483 591 711 1899 1935 
1203: 1201 1205 
1204: 309 660 740 1655 1868 
1205: 1203 1206 1224 1785 1970 
1206: 992 1153 1205 1210 1378 
1207: 1007 1350 1572 
1208: 1066 1432 1508 1658 
1209: 475 484 1290 1750 
1210: 78 1064 1206 1212 1785 
1211: 123 364 1122 1216 1761 
1212: 225 986 1062 1210 1213 
1213: 426 1171 1212 1214 1854 
1214: 42 1213 1218 
1215: 459 1299 1529 1896 1922 
1216: 45 244 907 1044 1211 
1217: 1160 1633 
1218: 49 1214 1219 
1219: 564 1218 1220 
1220: 554 1087 1219 1222 
1221: 1041 1133 1704 
1222: 95 1220 1224 
1223: 1390 1393 1607 
1224: 759 936 1205 1222 1228 
1225: 932 1574 1733 1769 1889 
1226: 454 850 1121 1199 1762 
1227: 1408 1608 
1228: 1224 1229 
1229: 786 1126 1228 1230 
1230: 775 1190 1229 1233 
1231: 46 99 968 1118 1251 
1232: 237 1054 1417 1443 1810 
1233: 922 1230 1238 1477 1816 
1234: 528 692 1715 1763 
1235: 329 1370 1494 1807 1817 
1236: 203 772 903 1014 1074 
1237: 239 388 1329 1912 1939 
1238: 149 219 321 1233 1239 
1239: 343 366 1238 1242 1498 
1240: 302 1701 1926 1930 
1241: 889 930 1391 1467 1943 
1242: 1043 1239 1244 
1243: 1481 1658 1841 1942 
1244: 1242 1247 
1245: 1086 1144 1431 1455 1474 
1246: 726 810 858 1264 1333 
1247: 596 1244 1252 1324 
1248: 194 500 1696 1836 1882 
1249: 9 1023 1262 
1250: 156 290 1155 1881 
1251: 643 776 1231 1823 1934 
1252: 1107 1154 1247 1257 1434 
1253: 155 1050 1106 1340 
1254: 528 701 1351 1411 
1255: 714 1277 1283 1801 
1256: 924 1321 1922 
1257: 1252 1259 1605 
1258: 12 408 756 1413 1618 
1259: 473 901 1257 1260 1539 
1260: 527 1093 1259 1265 1328 
1261: 246 277 550 1601 
1262: 218 417 1249 1879 
1263: 44 141 944 1020 1614 
1264: 154 506 1246 
1265: 657 853 1260 1270 1876 
1266: 141 1053 1707 1927 1983 
1267: 247 417 1983 
1268: 315 459 1086 1380 
1269: 109 718 814 1613 
1270: 752 1084 1265 1271 1993 
1271: 27 804 1270 1276 1409 
1272: 643 785 
1273: 237 1001 1893 1916 
1274: 700 712 1162 
1275: 351 607 1651 1674 1760 
1276: 121 530 1271 1282 
1277: 228 1255 1334 
1278: 145 239 447 930 1717 
1279: 511 757 1362 1838 
1280: 60 109 373 1464 
1281: 15 751 1331 1736 
1282: 1276 1286 
1283: 1193 1255 1777 1858 
1284: 60 500 1480 
1285: 257 548 1745 1889 
1286: 611 1282 1287 
1287: 1286 1288 
1288: 733 1287 1289 1756 
1289: 193 259 1288 1293 
1290: 65 756 1209 1377 1432 
1291: 680 904 
1292: 106 889 1517 1823 1874 
1293: 144 551 1289 1297 1730 
1294: 458 475 882 1356 1896 
1295: 609 928 1159 1574 1920 
1296: 51 139 1189 1599 
1297: 1013 1293 1298 
1298: 66 534 1297 1300 1859 
1299: 375 1215 1508 1893 
1300: 66 806 1298 1303 1766 
1301: 443 809 1577 1744 
1302: 348 537 1719 
1303: 40 741 1137 1300 1304 
1304: 263 948 1168 1303 1305 
1305: 470 745 1304 1307 
1306: 53 511 757 1048 1128 
1307: 1192 1305 1308 
1308: 915 1307 1309 1741 1799 
1309: 310 1308 1311 1659 1895 
1310: 978 1558 
1311: 570 939 1309 1312 
1312: 1311 1315 
1313: 458 1323 1828 
1314: 269 789 836 954 1510 
1315: 719 1187 1312 1316 1699 
1316: 1315 1317 1665 
1317: 1316 1318 
1318: 184 1195 1317 1319 1487 
1319: 612 1318 1322 
1320: 9 199 304 609 1807 
1321: 787 871 1256 
1322: 489 707 1319 1324 1887 
1323: 89 1040 1054 1313 
1324: 1247 1322 1326 1596 
1325: 170 606 
1326: 534 1111 1324 1328 1349 
1327: 54 681 823 1130 1572 
1328: 158 514 1260 1326 1330 
1329: 638 694 1237 1906 1977 
1330: 486 1328 1337 1818 
1331: 1281 1470 1836 1953 1960 
1332: 924 1050 1613 1635 
1333: 209 226 920 1246 1338 
1334: 16 556 1277 1845 
1335: 544 575 889 1018 
1336: 801 1693 1709 
1337: 148 1330 1341 1596 1837 
1338: 240 456 1333 1588 
1339: 76 214 294 339 481 
1340: 1101 1253 1828 
1341: 61 510 1337 1344 
1342: 41 337 1889 
1343: 1037 1493 1877 1986 
1344: 750 1341 1345 1946 
1345: 206 1344 1346 
1346: 342 855 1345 1347 1600 
1347: 42 438 1346 1349 
1348: 60 221 392 924 1179 
1349: 872 1326 1347 1352 
1350: 1207 1725 1937 
1351: 484 1254 
1352: 1349 1353 
1353: 563 1352 1357 
1354: 499 1072 1702 1738 1829 
1355: 696 865 966 
1356: 292 859 1294 1867 
1357: 1353 1358 
1358: 399 990 1357 1361 1544 
1359: 899 1874 1932 
1360: 980 1413 1441 1880 
1361: 1358 1364 
1362: 829 934 1279 1576 
1363: 1570 1868 1951 
1364: 75 1361 1365 
1365: 594 790 797 1364 1367 
1366: 748 1437 1874 
1367: 297 921 1365 1368 
1368: 180 1367 1369 
1369: 197 764 1368 1371 1941 
1370: 72 546 1235 1508 
1371: 860 1369 1376 1440 1963 
1372: 85 755 830 1090 1867 
1373: 29 729 
1374: 1076 1467 
1375: 160 324 423 591 
1376: 1371 1378 
1377: 1100 1290 1615 1735 
1378: 1206 1376 1379 1643 1865 
1379: 359 407 1378 1382 1866 
1380: 238 700 1268 1731 1836 
1381: 10 1955 
1382: 286 1191 1379 1386 1482 
1383: 315 1101 1521 1922 
1384: 339 424 1943 
1385: 732 876 926 1014 1438 
1386: 874 1382 1389 1485 
1387: 509 1726 1738 
1388: 347 405 579 1513 1879 
1389: 715 844 1145 1386 1392 
1390: 910 1223 
1391: 172 277 1114 1241 1687 
1392: 1119 1389 1394 1749 
1393: 76 331 1223 1508 1597 
1394: 491 603 793 1392 1398 
1395: 519 751 841 1620 
1396: 669 1452 1479 1794 
1397: 81 129 241 419 458 
1398: 335 1099 1394 1399 1795 
1399: 17 502 596 1398 1400 
1400: 24 1399 1401 1461 1802 
1401: 1400 1404 1561 
1402: 287 1807 1823 
1403: 847 893 1615 1827 
1404: 1401 1406 1465 1970 
1405: 580 1424 1484 
1406: 522 819 1404 1407 
1407: 1406 1409 1459 1486 
1408: 322 385 847 994 1227 
1409: 367 741 1271 1407 1410 
1410: 863 1409 1415 1852 
1411: 81 454 703 1254 1443 
1412: 41 235 920 
1413: 215 422 1258 1360 
1414: 667 1050 1106 1416 1737 
1415: 1410 1418 1459 1646 
1416: 1414 1635 1827 
1417: 46 419 997 1232 1696 
1418: 1415 1420 
1419: 13 617 1734 1809 
1420: 488 1418 1422 
1421: 1115 1493 
1422: 1171 1420 1425 1708 
1423: 517 850 861 1875 
1424: 309 324 794 1032 1405 
1425: 953 1119 1422 1426 
1426: 629 1425 1427 
1427: 734 1426 1428 1888 
1428: 619 767 1190 1427 1434 
1429: 57 1091 1441 1452 1966 
1430: 205 457 1574 1825 
1431: 113 1245 1817 1847 
1432: 383 525 1097 1208 1290 
1433: 214 500 1719 
1434: 804 1252 1428 1435 1541 
1435: 356 401 1434 1436 
1436: 943 1435 1439 1454 
1437: 376 573 1366 1489 1864 
1438: 117 185 517 1385 
1439: 539 642 1436 1440 1788 
1440: 198 1062 1371 1439 1444 
1441: 521 1072 1360 1429 1529 
1442: 934 1762 1860 
1443: 816 1232 1411 1687 
1444: 227 547 1440 1447 1940 
1445: 112 223 1750 
1446: 25 680 977 1901 
1447: 1444 1450 1905 
1448: 77 765 838 
1449: 102 443 562 968 1717 
1450: 826 1447 1451 1890 1936 
1451: 1450 1453 
1452: 167 1396 1429 1484 1701 
1453: 673 1451 1454 1542 1904 
1454: 1168 1436 1453 1456 1524 
1455: 681 959 1245 1630 
1456: 639 1102 1454 1458 
1457: 270 960 1503 1606 1809 
1458: 843 1456 1459 1771 1791 
1459: 1129 1407 1415 1458 1461 
1460: 162 417 655 772 932 
1461: 49 691 1400 1459 1462 
1462: 624 921 1461 1463 1596 
1463: 489 1462 1465 1663 1876 
1464: 192 226 1280 1925 
1465: 678 1404 1463 1468 1538 
1466: 77 460 508 857 
1467: 74 89 980 1241 1374 
1468: 1465 1469 1790 1814 
1469: 1468 1472 1580 
1470: 660 1331 1812 
1471: 718 795 858 1944 
1472: 168 1167 1201 1469 1475 
1473: 274 770 1881 
1474: 65 221 435 1032 1245 
1475: 35 723 1024 1472 1477 
1476: 277 314 644 878 994 
1477: 1233 1475 1478 1870 1961 
1478: 1477 1482 
1479: 275 312 1396 1840 
1480: 246 447 814 1284 
1481: 90 449 910 1177 1243 
1482: 1382 1478 1483 
1483: 357 1482 1485 1811 1958 
1484: 700 1405 1452 
1485: 702 1386 1483 1486 
1486: 1158 1407 1485 1487 
1487: 433 1056 1318 1486 1488 
1488: 207 1487 1490 
1489: 235 305 773 997 1437 
1490: 6 686 1111 1488 1492 
1491: 1507 1547 1775 
1492: 195 1490 1495 
1493: 250 482 859 1343 1421 
1494: 29 461 1235 1532 1872 
1495: 1492 1498 
1496: 53 770 1517 1826 1833 
1497: 794 1700 1912 
1498: 1239 1495 1500 1909 
1499: 265 994 1975 
1500: 370 846 1498 1502 
1501: 474 751 1100 1540 
1502: 234 1500 1504 
1503: 1457 1674 1681 
1504: 1502 1505 1981 
1505: 1504 1506 
1506: 151 1505 1509 1557 1653 
1507: 411 1491 1744 1871 
1508: 322 1208 1299 1370 1393 
1509: 78 1506 1511 1549 
1510: 253 504 1314 1690 1960 
1511: 8 730 1509 1512 1837 
1512: 1511 1515 
1513: 512 726 1388 1629 
1514: 112 1193 1696 
1515: 1512 1516 
1516: 1515 1518 
1517: 36 170 318 1292 1496 
1518: 442 1516 1519 
1519: 338 1518 1520 1624 
1520: 906 1519 1523 
1521: 525 892 1383 
1522: 303 770 
1523: 1089 1520 1524 
1524: 211 950 1454 1523 1525 
1525: 1201 1524 1526 
1526: 446 780 1525 1531 1679 
1527: 15 155 709 712 1588 
1528: 311 671 1930 
1529: 347 1215 1441 
1530: 81 538 813 1763 
1531: 1526 1533 
1532: 79 1494 1719 
1533: 880 958 1531 1534 
1534: 948 1533 1538 
1535: 556 727 1742 1935 1972 
1536: 275 427 842 1800 
1537: 64 122 346 774 1769 
1538: 1465 1534 1539 1837 
1539: 636 1259 1538 1541 
1540: 248 1012 1501 1934 
1541: 662 1434 1539 1542 
1542: 1453 1541 1544 
1543: 443 605 725 1608 1833 
1544: 547 1358 1542 1545 1870 
1545: 1544 1549 
1546: 125 354 546 977 1609 
1547: 876 1090 1491 
1548: 1041 1617 1945 
1549: 1509 1545 1556 
1550: 52 57 138 735 1955 
1551: 452 718 1050 1577 1826 
1552: 650 848 1695 
1553: 235 838 1160 1589 
1554: 268 587 971 1701 
1555: 55 1115 1812 
1556: 5 793 1549 1557 1663 
1557: 261 1506 1556 1559 1754 
1558: 43 575 712 1310 1822 
1559: 796 1557 1560 
1560: 896 1559 1561 
1561: 1 922 1401 1560 1562 
1562: 415 1064 1561 1565 1999 
1563: 524 991 1944 
1564: 15 599 998 1133 1608 
1565: 962 1562 1566 
1566: 1565 1567 
1567: 63 534 984 1566 1568 
1568: 602 1567 1573 
1569: 29 102 1945 1951 
1570: 275 457 1081 1363 1840 
1571: 843 887 
1572: 1076 1207 1327 1621 1800 
1573: 1568 1579 1611 
1574: 138 1225 1295 1430 1595 
1575: 147 410 1155 1907 
1576: 1147 1362 1595 1651 1666 
1577: 618 849 1182 1301 1551 
1578: 574 577 1079 1920 
1579: 1065 1573 1580 
1580: 754 1059 1469 1579 1581 
1581: 1580 1583 
1582: 48 881 1131 1695 1806 
1583: 750 1581 1584 
1584: 489 999 1175 1583 1590 
1585: 228 252 672 1014 
1586: 379 776 783 1032 
1587: 53 920 
1588: 14 104 1338 1527 
1589: 204 213 573 768 1553 
1590: 433 778 1584 1591 
1591: 94 1590 1592 1778 
1592: 202 382 1087 1591 1596 
1593: 666 912 1713 
1594: 548 931 932 1692 1838 
1595: 1116 1194 1574 1576 1752 
1596: 1324 1337 1462 1592 1598 
1597: 239 587 836 1393 1742 
1598: 415 989 1596 1600 
1599: 242 1128 1296 1932 
1600: 1346 1598 1602 
1601: 229 946 1261 1910 1931 
1602: 101 1600 1603 1721 
1603: 361 1602 1605 1755 
1604: 10 289 1122 
1605: 642 1257 1603 1610 1959 
1606: 329 709 1457 1677 
1607: 481 525 1016 1152 1223 
1608: 1227 1543 1564 
1609: 203 610 1546 1910 
1610: 1605 1611 
1611: 1573 1610 1612 1747 
1612: 1611 1619 
1613: 226 960 1269 1332 1764 
1614: 644 664 773 1263 1875 
1615: 11 1377 1403 1725 
1616: 454 920 1617 
1617: 511 651 1548 1616 
1618: 37 700 1258 
1619: 493 1612 1623 1706 1973 
1620: 1395 1779 1841 1891 
1621: 412 748 1572 1625 1832 
1622: 241 810 1794 1809 
1623: 395 820 1619 1624 1676 
1624: 476 543 1519 1623 1626 
1625: 1023 1047 1621 
1626: 350 1624 1627 1631 
1627: 1626 1628 
1628: 190 730 1061 1627 1631 
1629: 150 1091 1513 
1630: 505 1455 1835 
1631: 361 616 1626 1628 1634 
1632: 209 240 299 423 1801 
1633: 266 1217 
1634: 1067 1631 1636 
1635: 86 1011 1025 1332 1416 
1636: 338 451 708 1634 1637 
1637: 31 731 855 1636 1638 
1638: 812 1637 1639 
1639: 571 1638 1640 1740 
1640: 853 1639 1641 
1641: 327 400 1640 1643 1855 
1642: 105 435 436 985 1923 
1643: 1378 1641 1644 
1644: 542 1033 1643 1645 1886 
1645: 828 1644 1646 
1646: 955 1415 1645 1649 
1647: 170 181 200 1700 1720 
1648: 376 724 1164 
1649: 1646 1650 
1650: 114 349 1649 1652 
1651: 913 1275 1576 
1652: 603 1650 1653 
1653: 1506 1652 1654 1781 1969 
1654: 169 593 1653 1657 1886 
1655: 577 937 1074 1204 1971 
1656: 413 1723 
1657: 1654 1659 
1658: 153 665 987 1208 1243 
1659: 805 1163 1309 1657 1661 
1660: 11 284 909 1144 1668 
1661: 232 1659 1662 1924 1978 
1662: 107 1661 1663 
1663: 586 1463 1556 1662 1664 
1664: 124 1153 1663 1665 
1665: 863 1316 1664 1669 
1666: 106 109 843 1170 1576 
1667: 150 753 1856 
1668: 419 520 1660 
1669: 136 444 1665 1670 1830 
1670: 523 1669 1672 1918 
1671: 859 907 1051 1193 1810 
1672: 438 1670 1673 
1673: 623 1672 1676 1751 
1674: 346 681 1275 1503 1856 
1675: 1179 1734 1825 
1676: 503 1039 1623 1673 1678 
1677: 309 339 424 443 1606 
1678: 19 1676 1679 1919 
1679: 286 1013 1526 1678 1680 
1680: 1679 1682 
1681: 25 621 1503 
1682: 308 1680 1683 
1683: 808 1682 1684 
1684: 623 1683 1685 
1685: 1684 1688 
1686: 818 1871 
1687: 1391 1443 1987 
1688: 685 1146 1685 1691 
1689: 457 1161 1723 
1690: 322 757 1510 
1691: 682 1186 1688 1694 1985 
1692: 181 214 364 412 1594 
1693: 248 315 318 717 1336 
1694: 1691 1699 
1695: 156 664 1552 1582 
1696: 116 779 1248 1417 1514 
1697: 3 998 1711 
1698: 834 1012 1121 1841 
1699: 401 1315 1694 1703 
1700: 165 496 1497 1647 1832 
1701: 801 1169 1240 1452 1554 
1702: 456 609 1354 1863 1872 
1703: 601 819 1699 1706 
1704: 676 997 1221 
1705: 134 291 546 850 967 
1706: 1184 1619 1703 1708 1859 
1707: 48 287 1266 1877 
1708: 628 1196 1422 1706 1710 
1709: 538 753 838 1336 
1710: 612 825 1708 1716 
1711: 291 881 1697 
1712: 512 517 526 1046 1891 
1713: 312 694 1593 1955 
1714: 460 1058 1879 1900 1945 
1715: 74 617 1138 1234 
1716: 1710 1718 
1717: 1081 1278 1449 
1718: 634 1716 1721 
1719: 1302 1433 1532 
1720: 318 447 555 779 1647 
1721: 936 1028 1602 1718 1727 
1722: 583 847 1023 1892 
1723: 907 1656 1689 
1724: 459 496 1091 1826 
1725: 524 1350 1615 
1726: 584 672 1199 1387 
1727: 653 1721 1728 
1728: 689 1727 1729 
1729: 394 611 1728 1730 1915 
1730: 32 1293 1729 1732 
1731: 97 1041 1380 
1732: 216 632 793 1730 1740 
1733: 526 599 904 1225 1735 
1734: 43 175 1419 1675 1850 
1735: 1156 1377 1733 1955 
1736: 785 813 866 1281 1873 
1737: 595 927 1414 
1738: 663 1354 1387 
1739: 1820 1949 
1740: 186 1200 1639 1732 1741 
1741: 593 1308 1740 1743 1771 
1742: 605 1535 1597 
1743: 615 864 1741 1747 
1744: 1301 1507 
1745: 348 456 1285 1977 
1746: 329 385 1189 
1747: 759 837 1611 1743 1748 
1748: 23 1747 1749 
1749: 390 811 1392 1748 1751 
1750: 139 429 1209 1445 1871 
1751: 370 404 1673 1749 1754 
1752: 1014 1595 1807 
1753: 10 201 484 858 
1754: 1557 1751 1755 
1755: 1603 1754 1756 
1756: 75 905 1288 1755 1757 
1757: 675 1756 1759 
1758: 505 562 577 975 
1759: 378 1757 1765 1773 
1760: 858 1086 1275 1828 
1761: 620 917 1029 1211 
1762: 483 1226 1442 1875 1968 
1763: 183 478 854 1234 1530 
1764: 549 940 1613 1835 1922 
1765: 925 1759 1766 
1766: 817 1300 1765 1767 
1767: 569 699 1766 1768 
1768: 307 1767 1770 
1769: 201 537 1225 1537 
1770: 1768 1771 
1771: 542 1458 1741 1770 1772 
1772: 334 1771 1773 1799 
1773: 92 652 1759 1772 1778 
1774: 475 1048 
1775: 736 794 903 1140 1491 
1776: 910 1151 1900 
1777: 22 1283 1953 
1778: 802 958 1591 1773 1780 
1779: 299 513 709 1620 1991 
1780: 1778 1781 
1781: 1653 1780 1782 
1782: 1781 1783 
1783: 118 1782 1784 
1784: 126 532 1783 1785 1915 
1785: 398 1205 1210 1784 1786 
1786: 212 1785 1787 
1787: 63 949 1104 1786 1788 
1788: 981 1439 1787 1790 
1789: 123 856 867 882 1012 
1790: 283 1468 1788 1791 1811 
1791: 686 898 1458 1790 1792 
1792: 885 1791 1793 
1793: 557 1792 1795 
1794: 154 385 422 1396 1622 
1795: 870 1149 1398 1793 1796 
1796: 455 523 1096 1795 1797 
1797: 1796 1798 
1798: 121 891 1797 1799 
1799: 674 1308 1772 1798 1802 
1800: 1058 1536 1572 
1801: 659 1194 1255 1632 1860 
1802: 870 964 1400 1799 1803 
1803: 398 1183 1802 1808 
1804: 0 86 1046 1841 
1805: 309 931 980 
1806: 621 665 1582 
1807: 247 1235 1320 1402 1752 
1808: 1803 1811 
1809: 1419 1457 1622 1841 
1810: 379 974 1106 1232 1671 
1811: 1483 1790 1808 1813 1904 
1812: 449 546 690 1470 1555 
1813: 297 758 1811 1814 1894 
1814: 705 1146 1468 1813 1815 
1815: 594 1814 1816 
1816: 1233 1815 1818 1865 
1817: 218 305 1003 1235 1431 
1818: 494 1330 1816 1819 1903 
1819: 140 1818 1821 
1820: 348 1058 1114 1739 1829 
1821: 402 1819 1824 
1822: 57 452 1558 
1823: 332 638 1251 1292 1402 
1824: 27 1111 1821 1830 
1825: 1430 1675 
1826: 985 1496 1551 1724 1921 
1827: 337 575 646 1403 1416 
1828: 352 818 1313 1340 1760 
1829: 67 692 1032 1354 1820 
1830: 404 706 1669 1824 1831 
1831: 468 958 1830 1834 
1832: 257 664 1169 1621 1700 
1833: 427 1125 1496 1543 
1834: 571 1831 1837 
1835: 824 1630 1764 1872 1900 
1836: 1177 1248 1331 1380 1908 
1837: 1337 1511 1538 1834 1842 
1838: 65 933 1074 1279 1594 
1839: 33 363 664 867 933 
1840: 850 1138 1479 1570 1927 
1841: 1243 1620 1698 1804 1809 
1842: 207 216 1837 1846 1897 
1843: 146 368 1138 
1844: 739 1066 
1845: 166 655 799 1334 1951 
1846: 969 1842 1848 
1847: 411 963 1431 
1848: 545 1186 1846 1849 
1849: 446 641 957 1848 1851 
1850: 226 405 1734 
1851: 734 1055 1849 1852 
1852: 620 936 1410 1851 1853 
1853: 75 1852 1854 1861 1865 
1854: 159 1031 1213 1853 1855 
1855: 1641 1854 1859 
1856: 304 1667 1674 
1857: 556 1182 1921 
1858: 242 961 1283 
1859: 1298 1706 1855 1861 
1860: 499 512 1442 1801 1930 
1861: 764 1052 1853 1859 1862 
1862: 1861 1865 
1863: 115 175 912 1702 
1864: 229 375 650 1437 
1865: 1378 1816 1853 1862 1866 
1866: 27 1379 1865 1869 
1867: 192 712 1181 1356 1372 
1868: 1180 1204 1363 
1869: 1028 1866 1870 
1870: 1477 1544 1869 1876 
1871: 499 536 1507 1686 1750 
1872: 978 1152 1494 1702 1835 
1873: 466 499 1736 1939 
1874: 290 914 1292 1359 1366 
1875: 518 868 1423 1614 1762 
1876: 707 1265 1463 1870 1878 
1877: 154 482 1343 1707 1882 
1878: 943 1876 1883 
1879: 584 772 1262 1388 1714 
1880: 43 257 479 1360 
1881: 215 500 1250 1473 
1882: 16 125 1075 1248 1877 
1883: 981 1878 1885 
1884: 98 135 172 520 
1885: 415 1883 1886 
1886: 1644 1654 1885 1887 
1887: 1322 1886 1888 
1888: 1153 1427 1887 1890 
1889: 1225 1285 1342 1951 
1890: 1195 1450 1888 1894 
1891: 1620 1712 
1892: 188 209 294 1007 1722 
1893: 7 560 836 1273 1299 
1894: 1813 1890 1895 1970 
1895: 675 1309 1894 1897 
1896: 1215 1294 1975 
1897: 333 1842 1895 1898 
1898: 234 1897 1902 
1899: 4 29 1185 1202 1977 
1900: 249 1714 1776 1835 
1901: 364 483 519 521 1446 
1902: 1898 1903 
1903: 596 1109 1818 1902 1904 
1904: 1453 1811 1903 1905 
1905: 210 1132 1447 1904 1909 
1906: 515 903 1073 1329 
1907: 344 1161 1575 1948 
1908: 127 876 1156 1836 1937 
1909: 1498 1905 1911 
1910: 76 213 1601 1609 1937 
1911: 864 1909 1913 
1912: 50 162 287 1237 1497 
1913: 1911 1914 
1914: 225 945 1083 1913 1915 
1915: 254 1729 1784 1914 1917 
1916: 138 893 1273 
1917: 372 1915 1918 
1918: 1670 1917 1919 
1919: 648 895 1678 1918 1924 
1920: 81 284 1295 1578 
1921: 68 146 314 1826 1857 
1922: 127 1215 1256 1383 1764 
1923: 380 429 443 1194 1642 
1924: 1661 1919 1928 1969 
1925: 77 1464 
1926: 717 971 1240 
1927: 755 944 1165 1266 1840 
1928: 1924 1933 
1929: 727 857 1100 
1930: 1199 1240 1528 1860 
1931: 681 1058 1071 1122 1601 
1932: 183 749 1053 1359 1599 
1933: 514 553 1135 1928 1936 
1934: 48 253 392 1251 1540 
1935: 1017 1172 1202 1535 
1936: 256 1006 1450 1933 1938 
1937: 43 917 1350 1908 1910 
1938: 1936 1940 
1939: 597 966 1086 1237 1873 
1940: 713 1102 1444 1938 1941 
1941: 80 426 1369 1940 1946 
1942: 249 383 967 1243 
1943: 4 172 1152 1241 1384 
1944: 341 381 914 1471 1563 
1945: 661 676 1548 1569 1714 
1946: 1022 1083 1344 1941 1947 
1947: 374 1946 1950 1979 
1948: 85 244 341 1907 
1949: 89 1115 1739 
1950: 355 1947 1952 
1951: 886 1363 1569 1845 1889 
1952: 222 845 1950 1954 
1953: 89 549 857 1331 1777 
1954: 1952 1956 
1955: 1040 1381 1550 1713 1735 
1956: 567 1009 1954 1957 
1957: 245 1956 1958 
1958: 1483 1957 1959 
1959: 503 1077 1605 1958 1961 
1960: 155 1331 1510 
1961: 326 821 1477 1959 1963 
1962: 894 1971 
1963: 590 1371 1961 1964 
1964: 93 979 1963 1967 1978 
1965: 157 274 1181 
1966: 21 508 1047 1429 
1967: 118 1964 1969 
1968: 129 646 1762 1975 
1969: 992 1653 1924 1967 1970 
1970: 1205 1404 1894 1969 1973 
1971: 273 287 792 1655 1962 
1972: 727 1029 1535 
1973: 622 1619 1970 1974 
1974: 1021 1973 1978 
1975: 181 504 1499 1896 1968 
1976: 311 377 1131 1176 
1977: 65 894 1329 1745 1899 
1978: 745 1661 1964 1974 1979 
1979: 1082 1947 1978 1980 
1980: 390 1141 1979 1981 
1981: 1045 1504 1980 1984 
1982: 375 1987 
1983: 22 157 1165 1266 1267 
1984: 1109 1981 1985 
1985: 813 1026 1691 1984 1988 
1986: 229 303 726 1016 1343 
1987: 16 249 577 1687 1982 
1988: 38 1000 1985 1990 
1989: 610 841 1075 
1990: 56 1988 1992 
1991: 714 765 1177 1779 
1992: 34 350 378 1990 1993 
1993: 369 1270 1992 1994 
1994: 925 1993 1995 
1995: 389 1132 1994 1996 
1996: 202 901 1995 1997 
1997: 837 1034 1996 1998 
1998: 251 1997 1999 
1999: 855 1562 1998 
3