0: 1423 1473 1843 
1: 486 753 
2: 3 
3: 2 7 
4: 632 718 1794 
5: 24 496 1075 1087 1325 
6: 17 189 216 1349 
7: 3 9 
8: 289 1493 1585 
9: 7 10 1270 
10: 9 11 
11: 10 12 
12: 11 13 
13: 12 15 
14: 404 514 
15: 13 18 
16: 417 824 1870 
17: 6 750 1198 
18: 15 19 46 
19: 18 20 
20: 19 21 
21: 20 22 
22: 21 25 
23: 404 1591 
24: 5 214 459 789 1153 
25: 22 26 1380 
26: 25 27 
27: 26 29 
28: 763 1223 1270 1748 
29: 27 30 
30: 29 33 
31: 238 511 1423 1525 
32: 1765 1793 
33: 30 34 
34: 33 35 
35: 34 36 
36: 35 37 
37: 36 38 
38: 37 39 
39: 38 41 
40: 226 1104 1922 
41: 39 43 
42: 617 905 1068 1131 
43: 41 45 
44: 476 716 1027 1523 1897 
45: 43 49 
46: 18 551 1435 1516 
47: 141 1516 1599 
48: 183 1660 
49: 45 51 
50: 608 667 922 1095 1551 
51: 49 53 
52: 1282 1398 1406 
53: 51 54 
54: 53 55 
55: 54 58 
56: 355 1295 
57: 182 1315 
58: 55 61 
59: 362 628 806 1078 
60: 78 136 533 
61: 58 63 
62: 1369 1728 1913 
63: 61 66 
64: 742 1090 1280 
65: 406 1571 
66: 63 67 
67: 66 68 
68: 67 72 
69: 440 1383 1501 1873 1897 
70: 634 1099 1639 
71: 135 181 907 1492 
72: 68 75 
73: 1237 1438 1862 
74: 357 937 
75: 72 76 
76: 75 80 
77: 388 820 841 1545 
78: 60 1014 
79: 142 156 
80: 76 84 
81: 1036 1645 
82: 915 1383 1852 
83: 818 1042 
84: 80 85 
85: 84 87 
86: 420 512 943 1247 1747 
87: 85 88 
88: 87 89 
89: 88 93 
90: 990 1120 
91: 602 1838 
92: 220 1632 1915 
93: 89 94 
94: 93 95 
95: 94 96 
96: 95 97 
97: 96 98 
98: 97 99 
99: 98 101 
100: 106 650 931 1523 
101: 99 102 
102: 101 107 
103: 572 663 1625 1830 
104: 274 682 1193 
105: 1554 1976 
106: 100 343 1232 1775 
107: 102 109 
108: 1341 1431 
109: 107 110 
110: 109 113 
111: 939 1520 1849 1913 
112: 1029 1953 1968 
113: 110 117 
114: 141 377 1494 
115: 535 916 1017 1587 
116: 650 1555 
117: 113 120 
118: 693 1209 
119: 783 1747 1956 
120: 117 121 
121: 120 123 
122: 195 532 910 
123: 121 126 
124: 366 1261 1504 1668 
125: 148 1306 
126: 123 129 
127: 209 256 384 1517 1821 
128: 455 789 1035 1140 
129: 126 132 
130: 820 1453 1942 1943 
131: 206 1028 
132: 129 135 
133: 667 962 1855 
134: 399 818 848 1912 1974 
135: 71 132 138 
136: 60 156 
137: 465 1087 1121 1186 1391 
138: 135 143 
139: 580 728 1003 1431 
140: 235 1090 1501 
141: 47 114 701 1536 
142: 79 1913 1992 
143: 138 146 
144: 424 562 1042 1358 
145: 670 1996 
146: 143 149 
147: 1365 1523 
148: 125 1655 
149: 146 150 
150: 149 151 
151: 150 152 
152: 151 154 
153: 952 1140 1792 
154: 152 155 
155: 154 157 
156: 79 136 683 
157: 155 158 
158: 157 159 
159: 158 161 
160: 347 538 1322 1679 1894 
161: 159 164 
162: 1332 1676 1785 
163: 316 988 1349 
164: 161 165 908 
165: 164 167 
166: 637 1236 
167: 165 170 
168: 466 509 999 1313 
169: 1225 1716 
170: 167 171 
171: 170 173 
172: 786 1133 
173: 171 174 
174: 173 175 
175: 174 176 
176: 175 177 
177: 176 184 
178: 708 1018 1101 1838 
179: 1829 1866 
180: 358 598 1214 
181: 71 1029 
182: 57 806 
183: 48 774 
184: 177 185 
185: 184 188 
186: 376 391 550 763 1324 
187: 885 956 
188: 185 192 
189: 6 598 795 1550 1959 
190: 654 966 1561 
191: 641 1315 1568 1627 
192: 188 194 
193: 348 570 1350 1709 
194: 192 196 
195: 122 247 1465 
196: 194 201 
197: 348 401 557 1552 
198: 965 1225 1491 
199: 409 1934 
200: 811 815 
201: 196 204 
202: 1057 1114 1294 1626 
203: 484 1252 1741 1894 
204: 201 207 1084 
205: 930 1036 1341 1668 
206: 131 676 966 1479 
207: 204 208 
208: 207 210 
209: 127 500 
210: 208 213 
211: 331 784 858 964 1290 
212: 659 1721 
213: 210 217 
214: 24 615 1022 1296 
215: 288 1240 1944 
216: 6 511 670 943 1628 
217: 213 218 
218: 217 219 
219: 218 221 
220: 92 266 1114 1585 
221: 219 222 
222: 221 223 
223: 222 226 
224: 1255 1328 
225: 1454 1755 
226: 40 223 227 
227: 226 228 1270 
228: 227 229 
229: 228 230 
230: 229 232 375 
231: 795 1306 1976 
232: 230 234 
233: 912 916 1577 1828 
234: 232 236 
235: 140 890 
236: 234 237 
237: 236 239 
238: 31 1179 1334 1492 
239: 237 240 
240: 239 241 
241: 240 242 
242: 241 244 
243: 1741 1978 
244: 242 245 
245: 244 246 
246: 245 248 
247: 195 345 523 559 586 
248: 246 250 
249: 888 1427 1943 
250: 248 257 
251: 662 1671 
252: 360 424 
253: 507 736 1876 1894 
254: 1866 1940 
255: 408 901 1676 
256: 127 366 424 1449 1748 
257: 250 260 
258: 531 1945 
259: 377 1765 1805 
260: 257 261 
261: 260 262 
262: 261 264 
263: 291 611 892 1120 1223 
264: 262 265 
265: 264 266 
266: 220 265 271 
267: 437 540 
268: 481 927 
269: 1280 1853 1922 
270: 564 794 1992 
271: 266 273 849 
272: 1413 1479 
273: 271 275 
274: 104 319 1238 
275: 273 277 
276: 348 1324 1489 1586 1916 
277: 275 278 
278: 277 280 
279: 1406 1750 1900 
280: 278 282 
281: 1261 1322 
282: 280 284 
283: 1466 1710 
284: 282 285 
285: 284 288 
286: 517 784 1821 
287: 516 551 743 1371 
288: 215 285 294 
289: 8 508 788 1296 
290: 409 675 
291: 263 403 463 
292: 614 1186 
293: 556 1000 1797 1829 
294: 288 296 
295: 904 954 1239 
296: 294 298 
297: 510 915 1431 1957 
298: 296 299 1405 
299: 298 300 
300: 299 303 
301: 497 1186 1653 
302: 398 1908 
303: 300 304 
304: 303 305 
305: 304 306 
306: 305 308 
307: 658 792 909 958 
308: 306 310 
309: 1143 1733 
310: 308 312 
311: 1239 1817 
312: 310 313 
313: 312 314 
314: 313 317 
315: 1749 1824 1868 1915 
316: 163 1900 
317: 314 318 
318: 317 321 
319: 274 1521 1704 
320: 1069 1647 1910 
321: 318 322 
322: 321 323 
323: 322 324 
324: 323 327 
325: 676 1456 1725 
326: 422 528 943 
327: 324 329 
328: 657 701 744 
329: 327 330 
330: 329 332 
331: 211 876 1428 1432 1852 
332: 330 339 
333: 717 816 1953 
334: 402 1579 1594 
335: 671 792 1845 
336: 541 939 1027 
337: 1094 1137 1424 
338: 787 886 983 1008 1605 
339: 332 340 573 
340: 339 341 
341: 340 342 
342: 341 349 
343: 106 1248 
344: 405 931 1551 
345: 247 573 1312 
346: 427 1003 1501 
347: 160 402 1417 
348: 193 197 276 1502 1950 
349: 342 352 
350: 861 1561 
351: 636 1132 1432 
352: 349 353 
353: 352 354 
354: 353 356 
355: 56 1106 1446 
356: 354 359 
357: 74 1267 
358: 180 1959 
359: 356 361 
360: 252 850 1577 
361: 359 364 
362: 59 1002 1217 
363: 1045 1157 
364: 361 365 
365: 364 367 
366: 124 256 1114 
367: 365 368 
368: 367 369 
369: 368 370 
370: 369 372 
371: 713 1431 1803 
372: 370 373 
373: 372 380 
374: 475 1215 1552 
375: 230 1072 1121 1632 
376: 186 691 918 1198 1341 
377: 114 259 936 
378: 426 1541 
379: 464 762 773 872 1423 
380: 373 381 
381: 380 382 
382: 381 383 1264 
383: 382 385 
384: 127 631 1852 1894 
385: 383 389 
386: 538 744 975 1108 
387: 735 886 1284 
388: 77 1096 
389: 385 390 
390: 389 394 
391: 186 1394 
392: 427 1245 1849 
393: 982 1596 
394: 390 395 
395: 394 407 
396: 890 1009 1099 
397: 1544 1757 1773 
398: 302 581 828 1353 
399: 134 498 841 
400: 575 1157 1655 1984 
401: 197 424 955 1748 
402: 334 347 1019 1757 
403: 291 1003 
404: 14 23 1526 
405: 344 1179 1534 1896 
406: 65 541 1301 1325 1579 
407: 395 410 
408: 255 633 
409: 199 290 
410: 407 412 
411: 436 1138 
412: 410 413 
413: 412 416 
414: 789 1283 1853 
415: 989 1229 1301 1944 
416: 413 418 
417: 16 1077 1432 
418: 416 419 
419: 418 428 
420: 86 760 1081 1552 
421: 1314 1527 
422: 326 918 
423: 1292 1355 
424: 144 252 256 401 459 
425: 530 573 1217 
426: 378 937 1291 1784 
427: 346 392 1140 
428: 419 429 
429: 428 430 
430: 429 431 
431: 430 432 
432: 431 433 
433: 432 434 
434: 433 435 
435: 434 438 
436: 411 1126 1862 
437: 267 1094 1474 
438: 435 439 
439: 438 443 
440: 69 1236 1749 
441: 549 848 1002 
442: 1392 1404 1904 
443: 439 444 
444: 443 446 
445: 730 1358 
446: 444 447 
447: 446 448 
448: 447 449 
449: 448 450 
450: 449 452 
451: 512 599 1577 
452: 450 453 
453: 452 454 606 
454: 453 457 
455: 128 711 
456: 1329 1610 1718 
457: 454 458 
458: 457 460 
459: 24 424 1522 
460: 458 462 
461: 1133 1270 
462: 460 468 
463: 291 866 939 
464: 379 993 
465: 137 1373 
466: 168 750 1260 1931 
467: 774 1760 1931 
468: 462 469 
469: 468 470 
470: 469 473 
471: 633 1245 1741 1853 
472: 633 878 1983 
473: 470 474 
474: 473 477 
475: 374 581 1090 1947 
476: 44 1053 1586 1910 
477: 474 479 
478: 674 879 1750 1792 
479: 477 480 
480: 479 482 
481: 268 1709 1856 1967 
482: 480 483 
483: 482 485 
484: 203 674 
485: 483 487 
486: 1 1359 1831 
487: 485 488 
488: 487 490 
489: 534 1217 1225 
490: 488 492 
491: 680 1161 1803 
492: 490 499 
493: 1135 1295 1689 
494: 709 1259 
495: 1291 1725 
496: 5 1131 
497: 301 1929 
498: 399 711 1330 
499: 492 501 
500: 209 807 1176 1519 
501: 499 502 
502: 501 503 
503: 502 504 
504: 503 505 
505: 504 506 911 
506: 505 515 
507: 253 657 1386 1896 
508: 289 996 1802 
509: 168 1437 1967 
510: 297 964 1415 
511: 31 216 680 
512: 86 451 1142 1699 
513: 654 1404 1853 
514: 14 608 1089 1352 1898 
515: 506 518 
516: 287 922 1258 1460 
517: 286 780 1406 
518: 515 520 
519: 859 1369 1727 
520: 518 521 
521: 520 522 
522: 521 524 
523: 247 826 998 1107 
524: 522 525 
525: 524 536 
526: 1207 1324 1817 
527: 944 1440 
528: 326 1125 1280 
529: 657 1074 1386 
530: 425 889 
531: 258 1015 1605 
532: 122 602 1600 
533: 60 1553 1990 
534: 489 1554 
535: 115 675 
536: 525 537 
537: 536 539 
538: 160 386 1904 
539: 537 542 
540: 267 983 
541: 336 406 844 
542: 539 543 
543: 542 544 
544: 543 546 
545: 646 691 1451 
546: 544 548 
547: 557 735 1997 
548: 546 550 
549: 441 707 1458 
550: 186 548 553 
551: 46 287 1327 
552: 976 1391 
553: 550 554 
554: 553 555 
555: 554 558 
556: 293 865 1093 
557: 197 547 
558: 555 560 
559: 247 908 1299 
560: 558 563 
561: 1703 1885 
562: 144 833 993 1118 1628 
563: 560 565 
564: 270 1027 1434 1591 1752 
565: 563 566 
566: 565 567 1718 
567: 566 568 
568: 567 569 
569: 568 571 
570: 193 1316 
571: 569 574 
572: 103 910 1683 
573: 339 345 425 1075 1572 
574: 571 577 
575: 400 672 1435 
576: 794 1895 
577: 574 578 
578: 577 579 
579: 578 583 
580: 139 705 1314 
581: 398 475 1017 1521 
582: 635 1433 
583: 579 584 
584: 583 585 
585: 584 587 
586: 247 1166 1346 
587: 585 588 
588: 587 589 
589: 588 591 
590: 931 1827 1930 
591: 589 593 
592: 666 930 
593: 591 594 
594: 593 595 
595: 594 596 
596: 595 597 1045 
597: 596 600 
598: 180 189 1125 1802 
599: 451 830 1400 
600: 597 601 
601: 600 604 
602: 91 532 959 
603: 649 1290 1533 1813 
604: 601 609 
605: 824 994 1493 1683 1898 
606: 453 861 1078 1252 1793 
607: 859 1171 1456 1877 
608: 50 514 953 1107 1700 
609: 604 610 
610: 609 613 
611: 263 1466 
612: 1095 1731 
613: 610 618 
614: 292 849 1514 
615: 214 795 
616: 872 1014 1173 1715 1930 
617: 42 855 931 
618: 613 619 
619: 618 620 
620: 619 621 
621: 620 622 
622: 621 624 
623: 1095 1204 1750 
624: 622 625 
625: 624 629 
626: 888 1577 
627: 656 1092 
628: 59 1526 
629: 625 638 
630: 913 1176 1579 1752 
631: 384 861 1731 
632: 4 655 686 
633: 408 471 472 
634: 70 693 1269 
635: 582 1479 
636: 351 1013 1099 1267 1324 
637: 166 745 
638: 629 639 
639: 638 640 
640: 639 642 
641: 191 958 1000 
642: 640 644 
643: 1724 1728 
644: 642 645 
645: 644 647 
646: 545 677 750 1016 1449 
647: 645 652 
648: 1802 1862 1965 
649: 603 897 
650: 100 116 762 1070 
651: 904 1137 1968 
652: 647 653 
653: 652 664 
654: 190 513 849 
655: 632 1430 
656: 627 1725 1821 1823 
657: 328 507 529 798 
658: 307 988 
659: 212 1504 
660: 1015 1745 
661: 935 1115 1594 1887 
662: 251 816 1114 
663: 103 1014 1028 1269 1794 
664: 653 665 
665: 664 668 
666: 592 1008 1232 
667: 50 133 
668: 665 669 
669: 668 673 
670: 145 216 828 1868 
671: 335 1204 1260 
672: 575 742 1489 
673: 669 678 
674: 478 484 
675: 290 535 1627 
676: 206 325 1269 1332 
677: 646 1068 1582 1794 
678: 673 679 
679: 678 681 
680: 491 511 952 
681: 679 684 
682: 104 1334 1459 1636 
683: 156 872 955 
684: 681 685 
685: 684 689 
686: 632 1427 
687: 879 912 
688: 1084 1125 1130 
689: 685 690 
690: 689 692 
691: 376 545 937 1375 
692: 690 696 
693: 118 634 1084 1170 
694: 1476 1533 1906 
695: 1225 1246 1857 
696: 692 698 
697: 935 1654 
698: 696 699 
699: 698 700 
700: 699 702 
701: 141 328 789 
702: 700 703 
703: 702 706 
704: 809 943 962 1923 
705: 580 830 1358 
706: 703 712 
707: 549 1097 1283 1713 
708: 178 1090 1615 
709: 494 1224 
710: 1106 1600 1947 
711: 455 498 
712: 706 714 
713: 371 1084 
714: 712 715 
715: 714 720 
716: 44 897 1413 
717: 333 834 
718: 4 1847 
719: 908 1814 
720: 715 721 
721: 720 723 
722: 1303 1885 
723: 721 724 
724: 723 725 
725: 724 726 
726: 725 727 
727: 726 729 
728: 139 883 
729: 727 731 
730: 445 1057 
731: 729 733 
732: 777 1526 
733: 731 734 
734: 733 737 
735: 387 547 1057 1647 
736: 253 1322 1338 1350 
737: 734 738 
738: 737 739 
739: 738 740 
740: 739 741 
741: 740 746 
742: 64 672 1351 1826 
743: 287 910 
744: 328 386 
745: 637 1349 1401 
746: 741 747 
747: 746 749 
748: 752 1003 1813 
749: 747 751 
750: 17 466 646 880 1223 
751: 749 754 
752: 748 1020 
753: 1 1915 
754: 751 756 
755: 1474 1933 1996 
756: 754 758 
757: 1553 1957 
758: 756 759 
759: 758 760 
760: 420 759 761 
761: 760 765 
762: 379 650 1665 
763: 28 186 877 1575 
764: 1086 1807 
765: 761 766 1282 
766: 765 767 
767: 766 768 
768: 767 769 
769: 768 770 
770: 769 771 
771: 770 772 
772: 771 775 
773: 379 1456 1494 1523 1715 
774: 183 467 
775: 772 776 
776: 775 779 
777: 732 1104 1910 
778: 1086 1615 1740 
779: 776 781 
780: 517 1694 
781: 779 782 
782: 781 785 
783: 119 1118 1386 1696 
784: 211 286 
785: 782 790 
786: 172 1525 1740 
787: 338 1721 
788: 289 884 1017 
789: 24 128 414 701 1255 
790: 785 791 
791: 790 793 
792: 307 335 1251 
793: 791 797 
794: 270 576 1569 
795: 189 231 615 
796: 1627 1898 
797: 793 799 
798: 657 979 1326 
799: 797 800 
800: 799 801 
801: 800 802 
802: 801 803 
803: 802 804 
804: 803 805 
805: 804 808 
806: 59 182 1045 1593 
807: 500 1258 1786 1870 
808: 805 809 
809: 704 808 810 
810: 809 812 
811: 200 1643 1731 
812: 810 813 
813: 812 814 
814: 813 817 
815: 200 1665 1835 
816: 333 662 1297 
817: 814 819 
818: 83 134 
819: 817 821 
820: 77 130 1520 1575 
821: 819 822 
822: 821 823 
823: 822 825 
824: 16 605 1923 
825: 823 827 
826: 523 1133 1912 1969 
827: 825 829 
828: 398 670 892 1473 1640 
829: 827 831 
830: 599 705 929 1035 1375 
831: 829 832 
832: 831 836 
833: 562 1394 1571 1862 
834: 717 1066 1159 
835: 1013 1379 
836: 832 837 
837: 836 838 
838: 837 839 
839: 838 840 
840: 839 842 
841: 77 399 999 1143 
842: 840 843 
843: 842 845 
844: 541 905 1844 
845: 843 846 
846: 845 847 
847: 846 851 
848: 134 441 1593 
849: 271 614 654 1950 
850: 360 1028 1376 
851: 847 852 
852: 851 853 
853: 852 856 
854: 1626 1908 
855: 617 1388 
856: 853 860 
857: 1108 1338 
858: 211 1582 
859: 519 607 
860: 856 862 
861: 350 606 631 1143 
862: 860 863 
863: 862 864 
864: 863 867 
865: 556 1449 
866: 463 1108 1278 
867: 864 868 
868: 867 869 
869: 868 870 
870: 869 871 
871: 870 873 
872: 379 616 683 
873: 871 874 
874: 873 875 
875: 874 881 
876: 331 1355 1864 
877: 763 1037 
878: 472 1887 
879: 478 687 942 
880: 750 1229 1559 
881: 875 882 
882: 881 884 
883: 728 1297 1871 
884: 788 882 887 
885: 187 1664 1805 
886: 338 387 1572 
887: 884 891 
888: 249 626 1140 1775 
889: 530 1731 1800 
890: 235 396 1092 1639 
891: 887 894 
892: 263 828 1545 
893: 969 1676 
894: 891 895 
895: 894 898 
896: 1251 1260 1586 1766 1838 
897: 649 716 
898: 895 899 
899: 898 900 1042 
900: 899 903 
901: 255 1575 1840 
902: 1129 1773 1897 
903: 900 906 
904: 295 651 1284 
905: 42 844 1350 1828 
906: 903 914 
907: 71 1407 
908: 164 559 719 943 
909: 307 1313 1333 
910: 122 572 743 1437 
911: 505 993 1567 1584 
912: 233 687 1665 
913: 630 1870 1931 1990 
914: 906 919 
915: 82 297 1407 
916: 115 233 1131 1489 1561 
917: 1257 1767 
918: 376 422 959 1579 
919: 914 921 
920: 1011 1398 
921: 919 923 
922: 50 516 1779 
923: 921 924 
924: 923 925 
925: 924 926 
926: 925 928 
927: 268 1459 1572 
928: 926 932 
929: 830 1035 1144 
930: 205 592 938 
931: 100 344 590 617 1072 
932: 928 933 
933: 932 934 
934: 933 940 
935: 661 697 
936: 377 1166 
937: 74 426 691 1415 
938: 930 1507 
939: 111 336 463 1260 1442 
940: 934 941 
941: 940 945 
942: 879 991 1402 
943: 86 216 326 704 908 
944: 527 1860 
945: 941 946 
946: 945 947 
947: 946 948 
948: 947 950 
949: 1241 1458 1760 1767 
950: 948 957 
951: 1671 1752 
952: 153 680 1651 
953: 608 1831 
954: 295 1203 
955: 401 683 
956: 187 1541 
957: 950 960 
958: 307 641 1077 1223 1881 
959: 602 918 1186 1214 
960: 957 961 
961: 960 963 
962: 133 704 1582 
963: 961 967 
964: 211 510 1568 
965: 198 1545 1721 
966: 190 206 1288 1301 
967: 963 968 
968: 967 970 
969: 893 1297 
970: 968 971 
971: 970 972 
972: 971 973 
973: 972 974 
974: 973 978 
975: 386 977 1357 
976: 552 1290 1978 
977: 975 1095 
978: 974 980 
979: 798 1694 
980: 978 981 
981: 980 984 
982: 393 1940 
983: 338 540 1261 
984: 981 985 
985: 984 986 
986: 985 987 
987: 986 991 
988: 163 658 
989: 415 1120 1130 1851 
990: 90 1535 1737 
991: 942 987 992 
992: 991 995 
993: 464 562 911 1326 
994: 605 1346 
995: 992 997 
996: 508 1327 
997: 995 1004 
998: 523 1173 1264 
999: 168 841 1250 
1000: 293 641 1104 1314 1885 
1001: 1053 1306 
1002: 362 441 1610 
1003: 139 346 403 748 1273 
1004: 997 1005 
1005: 1004 1006 
1006: 1005 1007 
1007: 1006 1010 
1008: 338 666 1847 
1009: 396 1315 
1010: 1007 1012 
1011: 920 1296 
1012: 1010 1021 
1013: 636 835 
1014: 78 616 663 1704 
1015: 531 660 1301 1746 
1016: 646 1451 
1017: 115 581 788 1440 1947 
1018: 178 1447 1573 
1019: 402 1129 1332 
1020: 752 1831 
1021: 1012 1024 
1022: 214 1308 
1023: 1351 1703 
1024: 1021 1025 
1025: 1024 1026 
1026: 1025 1030 
1027: 44 336 564 1282 1974 
1028: 131 663 850 1627 
1029: 112 181 1394 
1030: 1026 1031 
1031: 1030 1032 
1032: 1031 1033 
1033: 1032 1034 1665 
1034: 1033 1038 
1035: 128 830 929 1640 
1036: 81 205 
1037: 877 1510 1948 
1038: 1034 1039 
1039: 1038 1040 
1040: 1039 1041 
1041: 1040 1043 
1042: 83 144 899 1424 1785 
1043: 1041 1044 
1044: 1043 1046 
1045: 363 596 806 1441 
1046: 1044 1047 
1047: 1046 1048 
1048: 1047 1049 
1049: 1048 1050 
1050: 1049 1051 
1051: 1050 1052 
1052: 1051 1054 
1053: 476 1001 
1054: 1052 1055 
1055: 1054 1056 
1056: 1055 1058 
1057: 202 730 735 1369 1940 
1058: 1056 1059 
1059: 1058 1060 
1060: 1059 1061 
1061: 1060 1062 
1062: 1061 1063 
1063: 1062 1064 
1064: 1063 1065 
1065: 1064 1067 
1066: 834 1412 1895 
1067: 1065 1069 
1068: 42 677 1968 
1069: 320 1067 1071 
1070: 650 1207 1825 
1071: 1069 1073 
1072: 375 931 1287 1689 
1073: 1071 1076 
1074: 529 1974 
1075: 5 573 
1076: 1073 1079 
1077: 417 958 
1078: 59 606 1144 
1079: 1076 1080 
1080: 1079 1082 
1081: 420 1161 1522 
1082: 1080 1083 
1083: 1082 1085 
1084: 204 688 693 713 
1085: 1083 1088 
1086: 764 778 1206 
1087: 5 137 1380 1630 
1088: 1085 1091 
1089: 514 1997 
1090: 64 140 475 708 1690 
1091: 1088 1098 
1092: 627 890 1741 
1093: 556 1254 
1094: 337 437 1613 
1095: 50 612 623 977 1802 
1096: 388 1514 
1097: 707 1596 
1098: 1091 1102 
1099: 70 396 636 
1100: 1159 1679 
1101: 178 1291 1872 
1102: 1098 1103 1428 
1103: 1102 1105 
1104: 40 777 1000 1193 
1105: 1103 1109 
1106: 355 710 1727 
1107: 523 608 1115 
1108: 386 857 866 
1109: 1105 1110 
1110: 1109 1111 
1111: 1110 1112 
1112: 1111 1116 
1113: 1259 1699 
1114: 202 220 366 662 
1115: 661 1107 1690 
1116: 1112 1117 
1117: 1116 1122 
1118: 562 783 1600 
1119: 1193 1241 1886 
1120: 90 263 989 1454 1934 
1121: 137 375 
1122: 1117 1123 
1123: 1122 1124 
1124: 1123 1127 
1125: 528 598 688 
1126: 436 1137 1254 
1127: 1124 1128 
1128: 1127 1134 
1129: 902 1019 
1130: 688 989 
1131: 42 496 916 
1132: 351 1477 
1133: 172 461 826 1232 
1134: 1128 1136 
1135: 493 1916 
1136: 1134 1139 
1137: 337 651 1126 
1138: 411 1517 
1139: 1136 1141 
1140: 128 153 427 888 1510 
1141: 1139 1145 
1142: 512 1290 1920 
1143: 309 841 861 1416 1835 
1144: 929 1078 1239 
1145: 1141 1146 
1146: 1145 1148 
1147: 1476 1776 
1148: 1146 1149 
1149: 1148 1151 
1150: 1237 1283 1886 
1151: 1149 1152 
1152: 1151 1154 
1153: 24 1284 1367 1544 1554 
1154: 1152 1155 
1155: 1154 1156 
1156: 1155 1158 
1157: 363 400 1797 
1158: 1156 1160 
1159: 834 1100 1278 
1160: 1158 1162 
1161: 491 1081 1400 
1162: 1160 1163 
1163: 1162 1164 
1164: 1163 1165 
1165: 1164 1167 
1166: 586 936 1943 
1167: 1165 1168 
1168: 1167 1169 
1169: 1168 1171 
1170: 693 1223 1238 
1171: 607 1169 1174 
1172: 1312 1710 
1173: 616 998 
1174: 1171 1175 
1175: 1174 1177 1585 
1176: 500 630 1516 1587 
1177: 1175 1178 
1178: 1177 1180 
1179: 238 405 1379 1510 
1180: 1178 1181 
1181: 1180 1183 
1182: 1264 1517 1924 
1183: 1181 1184 
1184: 1183 1187 
1185: 1785 1861 
1186: 137 292 301 959 1324 
1187: 1184 1188 
1188: 1187 1189 
1189: 1188 1190 
1190: 1189 1191 
1191: 1190 1192 
1192: 1191 1194 
1193: 104 1104 1119 1640 
1194: 1192 1195 
1195: 1194 1196 
1196: 1195 1197 
1197: 1196 1199 
1198: 17 376 1730 
1199: 1197 1200 
1200: 1199 1201 
1201: 1200 1202 
1202: 1201 1205 
1203: 954 1779 
1204: 623 671 1857 1969 
1205: 1202 1208 
1206: 1086 1297 1664 1770 1906 
1207: 526 1070 1807 
1208: 1205 1210 
1209: 118 1504 1579 1784 
1210: 1208 1211 
1211: 1210 1212 
1212: 1211 1213 
1213: 1212 1216 
1214: 180 959 1525 1849 1856 
1215: 374 1664 
1216: 1213 1218 
1217: 362 425 489 
1218: 1216 1219 
1219: 1218 1220 
1220: 1219 1221 
1221: 1220 1222 
1222: 1221 1226 
1223: 28 263 750 958 1170 
1224: 709 1696 
1225: 169 198 489 695 1950 
1226: 1222 1227 
1227: 1226 1228 
1228: 1227 1231 
1229: 415 880 1584 
1230: 1430 1877 
1231: 1228 1233 
1232: 106 666 1133 1920 
1233: 1231 1234 
1234: 1233 1235 
1235: 1234 1242 
1236: 166 440 
1237: 73 1150 1660 
1238: 274 1170 1460 
1239: 295 311 1144 1519 
1240: 215 1377 1430 1709 
1241: 949 1119 1738 
1242: 1235 1243 
1243: 1242 1244 
1244: 1243 1249 
1245: 392 471 1352 1653 
1246: 695 1977 
1247: 86 1375 1477 
1248: 343 1876 1930 
1249: 1244 1253 
1250: 999 1691 
1251: 792 896 1664 
1252: 203 606 
1253: 1249 1256 
1254: 1093 1126 
1255: 224 789 1591 1949 
1256: 1253 1262 
1257: 917 1442 
1258: 516 807 
1259: 494 1113 1296 
1260: 466 671 896 939 
1261: 124 281 983 
1262: 1256 1263 
1263: 1262 1265 
1264: 382 998 1182 
1265: 1263 1266 
1266: 1265 1268 
1267: 357 636 1373 
1268: 1266 1271 
1269: 634 663 676 1551 
1270: 9 28 227 461 1929 
1271: 1268 1272 
1272: 1271 1274 
1273: 1003 1417 1997 
1274: 1272 1275 
1275: 1274 1277 
1276: 1757 1760 
1277: 1275 1279 
1278: 866 1159 
1279: 1277 1281 
1280: 64 269 528 1636 
1281: 1279 1285 
1282: 52 765 1027 1477 
1283: 414 707 1150 1665 1761 
1284: 387 904 1153 1394 
1285: 1281 1286 
1286: 1285 1288 
1287: 1072 1948 
1288: 966 1286 1289 
1289: 1288 1293 
1290: 211 603 976 1142 1826 
1291: 426 495 1101 1959 
1292: 423 1536 
1293: 1289 1298 
1294: 202 1784 
1295: 56 493 1415 
1296: 214 289 1011 1259 
1297: 816 883 969 1206 
1298: 1293 1300 
1299: 559 1573 
1300: 1298 1302 
1301: 406 415 966 1015 
1302: 1300 1305 
1303: 722 1380 
1304: 1373 1465 1482 1571 
1305: 1302 1309 
1306: 125 231 1001 
1307: 1453 1487 
1308: 1022 1639 
1309: 1305 1310 
1310: 1309 1311 
1311: 1310 1317 
1312: 345 1172 
1313: 168 909 1520 1690 
1314: 421 580 1000 1786 
1315: 57 191 1009 
1316: 570 1718 
1317: 1311 1318 
1318: 1317 1319 
1319: 1318 1320 
1320: 1319 1321 
1321: 1320 1323 
1322: 160 281 736 1895 
1323: 1321 1330 
1324: 186 276 526 636 1186 
1325: 5 406 1906 
1326: 798 993 
1327: 551 996 
1328: 224 1625 
1329: 456 1520 1896 
1330: 498 1323 1331 
1331: 1330 1335 
1332: 162 676 1019 1785 
1333: 909 1967 
1334: 238 682 
1335: 1331 1336 
1336: 1335 1337 
1337: 1336 1339 
1338: 736 857 
1339: 1337 1340 
1340: 1339 1342 
1341: 108 205 376 
1342: 1340 1343 
1343: 1342 1344 
1344: 1343 1345 
1345: 1344 1347 
1346: 586 994 
1347: 1345 1348 
1348: 1347 1354 
1349: 6 163 745 
1350: 193 736 905 1486 
1351: 742 1023 1804 
1352: 514 1245 1827 
1353: 398 1552 
1354: 1348 1356 
1355: 423 876 1956 
1356: 1354 1360 
1357: 975 1628 
1358: 144 445 705 1864 
1359: 486 1405 1492 
1360: 1356 1361 
1361: 1360 1362 
1362: 1361 1363 
1363: 1362 1364 
1364: 1363 1366 
1365: 147 1653 
1366: 1364 1368 
1367: 1153 1843 
1368: 1366 1370 
1369: 62 519 1057 1824 
1370: 1368 1372 
1371: 287 1824 1993 
1372: 1370 1374 
1373: 465 1267 1304 1421 1745 
1374: 1372 1378 
1375: 691 830 1247 1844 
1376: 850 1474 1559 
1377: 1240 1405 
1378: 1374 1381 
1379: 835 1179 1724 
1380: 25 1087 1303 1456 
1381: 1378 1382 
1382: 1381 1384 
1383: 69 82 1746 
1384: 1382 1385 
1385: 1384 1387 
1386: 507 529 783 
1387: 1385 1389 
1388: 855 1477 
1389: 1387 1390 
1390: 1389 1393 
1391: 137 552 1561 1569 
1392: 442 1404 1770 1973 
1393: 1390 1395 
1394: 391 833 1029 1284 
1395: 1393 1396 
1396: 1395 1397 
1397: 1396 1399 
1398: 52 920 1842 
1399: 1397 1403 
1400: 599 1161 
1401: 745 1405 1491 1654 1740 
1402: 942 1408 
1403: 1399 1409 
1404: 442 513 1392 
1405: 298 1359 1377 1401 
1406: 52 279 517 
1407: 907 915 
1408: 1402 1800 
1409: 1403 1410 
1410: 1409 1411 
1411: 1410 1414 
1412: 1066 1659 
1413: 272 716 
1414: 1411 1418 
1415: 510 937 1295 
1416: 1143 1535 
1417: 347 1273 
1418: 1414 1420 
1419: 1776 1861 
1420: 1418 1421 
1421: 1373 1420 1422 
1422: 1421 1425 
1423: 0 31 379 1691 
1424: 337 1042 1689 1718 
1425: 1422 1426 
1426: 1425 1429 
1427: 249 686 
1428: 331 1102 1591 
1429: 1426 1436 
1430: 655 1230 1240 1761 
1431: 108 139 297 371 
1432: 331 351 417 1614 
1433: 582 1835 
1434: 564 1745 1857 
1435: 46 575 1792 
1436: 1429 1439 
1437: 509 910 1593 1965 
1438: 73 1456 
1439: 1436 1443 
1440: 527 1017 1761 
1441: 1045 1823 
1442: 939 1257 
1443: 1439 1444 
1444: 1443 1445 
1445: 1444 1447 
1446: 355 1814 
1447: 1018 1445 1448 
1448: 1447 1450 
1449: 256 646 865 
1450: 1448 1452 
1451: 545 1016 1476 
1452: 1450 1455 
1453: 130 1307 
1454: 225 1120 
1455: 1452 1457 
1456: 325 607 773 1380 1438 
1457: 1455 1461 
1458: 549 949 1786 
1459: 682 927 1502 1964 
1460: 516 1238 
1461: 1457 1462 
1462: 1461 1463 
1463: 1462 1464 
1464: 1463 1467 
1465: 195 1304 1722 1900 
1466: 283 611 
1467: 1464 1468 
1468: 1467 1469 
1469: 1468 1470 
1470: 1469 1471 
1471: 1470 1472 
1472: 1471 1475 
1473: 0 828 
1474: 437 755 1376 1555 
1475: 1472 1478 
1476: 694 1147 1451 1659 
1477: 1132 1247 1282 1388 
1478: 1475 1480 
1479: 206 272 635 
1480: 1478 1481 
1481: 1480 1482 
1482: 1304 1481 1483 
1483: 1482 1484 
1484: 1483 1485 
1485: 1484 1488 
1486: 1350 1630 1916 
1487: 1307 1845 
1488: 1485 1490 
1489: 276 672 916 
1490: 1488 1495 
1491: 198 1401 1804 
1492: 71 238 1359 1527 
1493: 8 605 1594 1924 
1494: 114 773 1510 
1495: 1490 1496 
1496: 1495 1497 
1497: 1496 1498 
1498: 1497 1499 
1499: 1498 1500 
1500: 1499 1503 
1501: 69 140 346 1704 
1502: 348 1459 1828 1949 
1503: 1500 1505 
1504: 124 659 1209 
1505: 1503 1506 
1506: 1505 1508 
1507: 938 1856 
1508: 1506 1509 1945 
1509: 1508 1511 
1510: 1037 1140 1179 1494 1828 
1511: 1509 1512 
1512: 1511 1513 
1513: 1512 1515 
1514: 614 1096 
1515: 1513 1518 
1516: 46 47 1176 
1517: 127 1138 1182 
1518: 1515 1524 
1519: 500 1239 1910 
1520: 111 820 1313 1329 
1521: 319 581 
1522: 459 1081 1766 
1523: 44 100 147 773 
1524: 1518 1528 
1525: 31 786 1214 
1526: 404 628 732 1747 1978 
1527: 421 1492 
1528: 1524 1529 
1529: 1528 1530 
1530: 1529 1531 
1531: 1530 1532 
1532: 1531 1537 
1533: 603 694 1747 
1534: 405 1817 
1535: 990 1416 
1536: 141 1292 1664 1761 
1537: 1532 1538 
1538: 1537 1539 
1539: 1538 1540 
1540: 1539 1542 
1541: 378 956 
1542: 1540 1543 
1543: 1542 1546 
1544: 397 1153 1614 
1545: 77 892 965 
1546: 1543 1548 
1547: 1733 1828 
1548: 1546 1549 
1549: 1548 1556 
1550: 189 1844 
1551: 50 344 1269 
1552: 197 374 420 1353 
1553: 533 757 
1554: 105 534 1153 
1555: 116 1474 
1556: 1549 1557 
1557: 1556 1560 
1558: 1625 1967 
1559: 880 1376 
1560: 1557 1562 
1561: 190 350 916 1391 
1562: 1560 1563 
1563: 1562 1564 
1564: 1563 1565 
1565: 1564 1566 
1566: 1565 1570 
1567: 911 1582 1683 
1568: 191 964 1965 
1569: 794 1391 1821 1915 
1570: 1566 1574 
1571: 65 833 1304 
1572: 573 886 927 
1573: 1018 1299 
1574: 1570 1576 
1575: 763 820 901 
1576: 1574 1578 
1577: 233 360 451 626 
1578: 1576 1580 
1579: 334 406 630 918 1209 
1580: 1578 1581 
1581: 1580 1583 
1582: 677 858 962 1567 
1583: 1581 1588 
1584: 911 1229 
1585: 8 220 1175 
1586: 276 476 896 1800 
1587: 115 1176 1852 
1588: 1583 1589 
1589: 1588 1590 
1590: 1589 1592 
1591: 23 564 1255 1428 
1592: 1590 1595 
1593: 806 848 1437 1596 
1594: 334 661 1493 
1595: 1592 1597 
1596: 393 1097 1593 
1597: 1595 1598 
1598: 1597 1601 
1599: 47 1730 
1600: 532 710 1118 
1601: 1598 1602 
1602: 1601 1603 
1603: 1602 1604 
1604: 1603 1606 
1605: 338 531 
1606: 1604 1607 
1607: 1606 1608 
1608: 1607 1609 
1609: 1608 1611 
1610: 456 1002 1857 
1611: 1609 1612 
1612: 1611 1616 
1613: 1094 1676 
1614: 1432 1544 
1615: 708 778 
1616: 1612 1617 
1617: 1616 1618 
1618: 1617 1619 
1619: 1618 1620 
1620: 1619 1621 
1621: 1620 1622 
1622: 1621 1623 
1623: 1622 1624 
1624: 1623 1629 
1625: 103 1328 1558 
1626: 202 854 
1627: 191 675 796 1028 
1628: 216 562 1357 
1629: 1624 1633 
1630: 1087 1486 
1631: 1825 1845 1920 
1632: 92 375 
1633: 1629 1634 
1634: 1633 1635 
1635: 1634 1637 
1636: 682 1280 1715 1872 
1637: 1635 1638 
1638: 1637 1641 
1639: 70 890 1308 1721 
1640: 828 1035 1193 
1641: 1638 1642 
1642: 1641 1644 
1643: 811 1752 
1644: 1642 1646 
1645: 81 1873 
1646: 1644 1648 
1647: 320 735 
1648: 1646 1649 
1649: 1648 1650 
1650: 1649 1652 
1651: 952 1773 
1652: 1650 1656 
1653: 301 1245 1365 1896 
1654: 697 1401 1933 
1655: 148 400 
1656: 1652 1657 
1657: 1656 1658 
1658: 1657 1661 
1659: 1412 1476 
1660: 48 1237 
1661: 1658 1662 
1662: 1661 1663 
1663: 1662 1666 
1664: 885 1206 1215 1251 1536 
1665: 762 815 912 1033 1283 
1666: 1663 1667 
1667: 1666 1669 
1668: 124 205 
1669: 1667 1670 
1670: 1669 1672 
1671: 251 951 
1672: 1670 1673 
1673: 1672 1674 
1674: 1673 1675 
1675: 1674 1677 
1676: 162 255 893 1613 
1677: 1675 1678 
1678: 1677 1680 
1679: 160 1100 1689 
1680: 1678 1681 
1681: 1680 1682 
1682: 1681 1684 
1683: 572 605 1567 1830 1898 
1684: 1682 1685 
1685: 1684 1686 
1686: 1685 1687 
1687: 1686 1688 
1688: 1687 1692 
1689: 493 1072 1424 1679 
1690: 1090 1115 1313 1696 
1691: 1250 1423 
1692: 1688 1693 
1693: 1692 1695 
1694: 780 979 
1695: 1693 1697 
1696: 783 1224 1690 
1697: 1695 1698 
1698: 1697 1701 
1699: 512 1113 1771 
1700: 608 1943 
1701: 1698 1702 
1702: 1701 1705 
1703: 561 1023 
1704: 319 1014 1501 
1705: 1702 1706 
1706: 1705 1707 
1707: 1706 1708 
1708: 1707 1711 
1709: 193 481 1240 
1710: 283 1172 
1711: 1708 1712 
1712: 1711 1714 
1713: 707 1889 
1714: 1712 1717 
1715: 616 773 1636 
1716: 169 1912 
1717: 1714 1719 
1718: 456 566 1316 1424 
1719: 1717 1720 
1720: 1719 1723 
1721: 212 787 965 1639 
1722: 1465 
1723: 1720 1726 
1724: 643 1379 
1725: 325 495 656 
1726: 1723 1729 
1727: 519 1106 
1728: 62 643 
1729: 1726 1732 
1730: 1198 1599 
1731: 612 631 811 889 1765 
1732: 1729 1734 
1733: 309 1547 
1734: 1732 1735 
1735: 1734 1736 
1736: 1735 1737 
1737: 990 1736 1739 
1738: 1241 1746 
1739: 1737 1742 
1740: 778 786 1401 
1741: 203 243 471 1092 
1742: 1739 1743 
1743: 1742 1744 
1744: 1743 1751 
1745: 660 1373 1434 
1746: 1015 1383 1738 1969 
1747: 86 119 1526 1533 
1748: 28 256 401 
1749: 315 440 1760 1807 
1750: 279 478 623 
1751: 1744 1753 
1752: 564 630 951 1643 
1753: 1751 1754 
1754: 1753 1756 
1755: 225 1870 
1756: 1754 1758 
1757: 397 402 1276 
1758: 1756 1759 
1759: 1758 1762 
1760: 467 949 1276 1749 
1761: 1283 1430 1440 1536 
1762: 1759 1763 
1763: 1762 1764 
1764: 1763 1768 
1765: 32 259 1731 1786 
1766: 896 1522 
1767: 917 949 1973 
1768: 1764 1769 
1769: 1768 1772 
1770: 1206 1392 
1771: 1699 1887 
1772: 1769 1774 
1773: 397 902 1651 
1774: 1772 1777 
1775: 106 888 1913 
1776: 1147 1419 
1777: 1774 1778 
1778: 1777 1780 
1779: 922 1203 
1780: 1778 1781 
1781: 1780 1782 
1782: 1781 1783 
1783: 1782 1787 
1784: 426 1209 1294 
1785: 162 1042 1185 1332 
1786: 807 1314 1458 1765 
1787: 1783 1788 
1788: 1787 1789 
1789: 1788 1790 
1790: 1789 1791 
1791: 1790 1795 
1792: 153 478 1435 
1793: 32 606 
1794: 4 663 677 1851 
1795: 1791 1796 
1796: 1795 1798 
1797: 293 1157 
1798: 1796 1799 
1799: 1798 1801 
1800: 889 1408 1586 
1801: 1799 1806 
1802: 508 598 648 1095 
1803: 371 491 
1804: 1351 1491 
1805: 259 885 
1806: 1801 1808 
1807: 764 1207 1749 1934 1977 
1808: 1806 1809 
1809: 1808 1810 
1810: 1809 1811 
1811: 1810 1812 
1812: 1811 1815 
1813: 603 748 1913 1964 
1814: 719 1446 
1815: 1812 1816 
1816: 1815 1818 
1817: 311 526 1534 
1818: 1816 1819 
1819: 1818 1820 
1820: 1819 1822 
1821: 127 286 656 1569 1957 
1822: 1820 1832 
1823: 656 1441 
1824: 315 1369 1371 
1825: 1070 1631 
1826: 742 1290 
1827: 590 1352 
1828: 233 905 1502 1510 1547 
1829: 179 293 
1830: 103 1683 1842 
1831: 486 953 1020 
1832: 1822 1833 
1833: 1832 1836 
1834: 1945 1949 
1835: 815 1143 1433 
1836: 1833 1837 
1837: 1836 1839 
1838: 91 178 896 
1839: 1837 1840 
1840: 901 1839 1841 
1841: 1840 1846 
1842: 1398 1830 
1843: 0 1367 
1844: 844 1375 1550 
1845: 335 1487 1631 
1846: 1841 1848 
1847: 718 1008 
1848: 1846 1850 
1849: 111 392 1214 
1850: 1848 1854 
1851: 989 1794 
1852: 82 331 384 1587 
1853: 269 414 471 513 
1854: 1850 1855 
1855: 133 1854 1858 
1856: 481 1214 1507 
1857: 695 1204 1434 1610 
1858: 1855 1859 
1859: 1858 1863 
1860: 944 1984 
1861: 1185 1419 
1862: 73 436 648 833 
1863: 1859 1865 
1864: 876 1358 
1865: 1863 1867 
1866: 179 254 
1867: 1865 1869 
1868: 315 670 
1869: 1867 1874 
1870: 16 807 913 1755 
1871: 883 1942 
1872: 1101 1636 
1873: 69 1645 
1874: 1869 1875 
1875: 1874 1878 
1876: 253 1248 1978 
1877: 607 1230 
1878: 1875 1879 
1879: 1878 1880 
1880: 1879 1881 
1881: 958 1880 1882 
1882: 1881 1883 
1883: 1882 1884 
1884: 1883 1888 
1885: 561 722 1000 
1886: 1119 1150 
1887: 661 878 1771 
1888: 1884 1890 
1889: 1713 1990 
1890: 1888 1891 
1891: 1890 1892 
1892: 1891 1893 
1893: 1892 1899 
1894: 160 203 253 384 
1895: 576 1066 1322 
1896: 405 507 1329 1653 
1897: 44 69 902 
1898: 514 605 796 1683 
1899: 1893 1901 
1900: 279 316 1465 
1901: 1899 1902 
1902: 1901 1903 
1903: 1902 1905 
1904: 442 538 
1905: 1903 1907 
1906: 694 1206 1325 
1907: 1905 1909 
1908: 302 854 
1909: 1907 1911 
1910: 320 476 777 1519 
1911: 1909 1914 
1912: 134 826 1716 1942 
1913: 62 111 142 1775 1813 
1914: 1911 1917 
1915: 92 315 753 1569 
1916: 276 1135 1486 
1917: 1914 1918 
1918: 1917 1919 
1919: 1918 1921 
1920: 1142 1232 1631 
1921: 1919 1925 
1922: 40 269 
1923: 704 824 
1924: 1182 1493 1959 
1925: 1921 1926 
1926: 1925 1927 
1927: 1926 1928 
1928: 1927 1932 
1929: 497 1270 
1930: 590 616 1248 
1931: 466 467 913 
1932: 1928 1935 
1933: 755 1654 
1934: 199 1120 1807 1956 
1935: 1932 1936 
1936: 1935 1937 
1937: 1936 1938 
1938: 1937 1939 
1939: 1938 1941 
1940: 254 982 1057 1945 
1941: 1939 1946 
1942: 130 1871 1912 
1943: 130 249 1166 1700 
1944: 215 415 
1945: 258 1508 1834 1940 
1946: 1941 1951 
1947: 475 710 1017 
1948: 1037 1287 
1949: 1255 1502 1834 
1950: 348 849 1225 
1951: 1946 1952 
1952: 1951 1954 
1953: 112 333 
1954: 1952 1955 
1955: 1954 1958 
1956: 119 1355 1934 
1957: 297 757 1821 
1958: 1955 1960 
1959: 189 358 1291 1924 
1960: 1958 1961 
1961: 1960 1962 
1962: 1961 1963 
1963: 1962 1966 
1964: 1459 1813 
1965: 648 1437 1568 
1966: 1963 1970 
1967: 481 509 1333 1558 
1968: 112 651 1068 
1969: 826 1204 1746 
1970: 1966 1971 
1971: 1970 1972 
1972: 1971 1975 
1973: 1392 1767 
1974: 134 1027 1074 
1975: 1972 1979 
1976: 105 231 
1977: 1246 1807 
1978: 243 976 1526 1876 
1979: 1975 1980 
1980: 1979 1981 
1981: 1980 1982 
1982: 1981 1983 
1983: 472 1982 1985 
1984: 400 1860 
1985: 1983 1986 
1986: 1985 1987 
1987: 1986 1988 
1988: 1987 1989 
1989: 1988 1991 
1990: 533 913 1889 
1991: 1989 1993 
1992: 142 270 
1993: 1371 1991 1994 
1994: 1993 1995 
1995: 1994 1998 
1996: 145 755 
1997: 547 1089 1273 
1998: 1995 1999 
1999: 1998 
43