0: 1 
1: 0 2 
2: 1 3 
3: 2 5 
4: 206 401 1084 1239 1698 
5: 3 6 
6: 5 7 
7: 6 9 
8: 403 789 1952 
9: 7 10 
10: 9 14 
11: 134 509 1091 1586 
12: 183 570 644 1008 1402 
13: 189 269 461 685 1518 
14: 10 16 
15: 1221 1236 1425 1448 1863 
16: 14 17 
17: 16 18 
18: 17 19 
19: 18 22 
20: 126 640 1384 1600 1799 
21: 28 633 1183 1773 1853 
22: 19 23 
23: 22 24 
24: 23 25 
25: 24 29 
26: 207 710 775 790 1328 
27: 163 590 774 1186 1251 
28: 21 102 387 1519 
29: 25 30 
30: 29 31 
31: 30 33 
32: 221 226 283 1248 1889 
33: 31 36 
34: 266 526 891 1234 1523 
35: 522 1032 1312 1516 1898 
36: 33 38 
37: 780 1336 1845 1977 1979 
38: 36 41 
39: 626 852 
40: 881 1240 1272 1686 1787 
41: 38 44 
42: 628 1037 1086 
43: 96 1267 1447 1575 1931 
44: 41 47 
45: 420 448 663 932 1007 
46: 403 1126 1643 1825 
47: 44 48 
48: 47 49 
49: 48 52 
50: 988 1677 1773 1963 
51: 344 695 897 1247 1604 
52: 49 53 
53: 52 55 
54: 268 428 690 712 1079 
55: 53 56 
56: 55 57 
57: 56 58 
58: 57 59 
59: 58 60 
60: 59 61 
61: 60 63 
62: 397 977 1625 1899 
63: 61 64 
64: 63 65 
65: 64 66 
66: 65 67 
67: 66 68 
68: 67 69 
69: 68 70 
70: 69 71 
71: 70 72 
72: 71 76 
73: 109 127 546 682 1540 
74: 92 343 461 829 874 
75: 297 689 
76: 72 77 
77: 76 78 
78: 77 83 
79: 217 480 876 941 1796 
80: 138 347 649 1707 1890 
81: 306 659 1657 
82: 146 568 767 1033 1935 
83: 78 84 
84: 83 86 
85: 382 625 1694 1984 
86: 84 87 
87: 86 88 
88: 87 91 
89: 546 701 989 1200 1451 
90: 284 846 1350 1590 1682 
91: 88 94 
92: 74 1110 1161 1311 1842 
93: 437 998 1290 1647 
94: 91 95 
95: 94 97 
96: 43 913 1086 
97: 95 99 
98: 283 796 1417 1479 1937 
99: 97 100 
100: 99 104 
101: 445 1169 1380 1465 1933 
102: 28 510 1432 
103: 491 900 1545 1804 
104: 100 107 644 
105: 977 1453 1479 1544 
106: 827 1393 1901 
107: 104 108 
108: 107 110 
109: 73 494 
110: 108 114 
111: 555 615 894 954 1462 
112: 255 1089 1506 1832 
113: 710 1272 1585 1943 1951 
114: 110 116 
115: 461 759 1126 1817 
116: 114 117 
117: 116 119 
118: 314 453 1078 1435 1599 
119: 117 120 
120: 119 121 
121: 120 122 
122: 121 129 
123: 1151 1648 1815 
124: 361 374 1529 1742 
125: 359 540 701 1098 1918 
126: 20 681 1142 
127: 73 617 1050 1186 1427 
128: 830 1405 1904 
129: 122 132 
130: 740 742 1072 1621 1858 
131: 812 1289 
132: 129 135 
133: 1221 1286 1817 1922 
134: 11 1950 1959 
135: 132 137 
136: 270 328 1140 1177 1754 
137: 135 142 
138: 80 309 386 412 524 
139: 899 1000 1170 1813 
140: 1180 1471 
141: 1051 1610 1770 1832 1969 
142: 137 145 
143: 391 1040 1432 1581 1719 
144: 882 1040 1050 1181 
145: 142 147 
146: 82 820 1405 1905 
147: 145 148 
148: 147 150 
149: 169 358 710 1139 1519 
150: 148 151 
151: 150 154 
152: 637 690 1341 1458 
153: 374 1084 1169 1589 1944 
154: 151 161 
155: 573 592 768 781 1910 
156: 604 833 954 1128 1378 
157: 1472 1775 1841 
158: 219 332 758 860 1473 
159: 608 699 1143 1529 
160: 983 1236 1575 
161: 154 166 
162: 327 510 624 1385 1823 
163: 27 500 1707 
164: 170 570 681 889 1938 
165: 185 589 590 750 1753 
166: 161 169 
167: 830 835 1177 1630 
168: 1106 1951 
169: 149 166 171 
170: 164 639 924 1844 
171: 169 175 
172: 684 899 1699 1744 1819 
173: 780 873 1579 1665 1809 
174: 286 436 1843 1943 
175: 171 176 807 
176: 175 177 
177: 176 178 
178: 177 179 
179: 178 184 
180: 684 702 930 1324 1655 
181: 593 637 808 1804 
182: 346 809 1071 
183: 12 513 1312 1615 1636 
184: 179 186 
185: 165 912 972 1759 1928 
186: 184 187 
187: 186 190 
188: 750 1160 1463 1651 1990 
189: 13 550 630 671 920 
190: 187 191 
191: 190 193 
192: 517 1173 1787 
193: 191 194 
194: 193 195 
195: 194 197 
196: 491 886 1176 1428 1780 
197: 195 199 
198: 628 1102 1104 1651 1731 
199: 197 201 
200: 354 1714 1898 1979 1991 
201: 199 203 
202: 499 568 1191 1625 1853 
203: 201 204 
204: 203 208 
205: 290 864 1055 1429 1579 
206: 4 347 716 1428 1920 
207: 26 503 545 1217 1333 
208: 204 209 
209: 208 211 
210: 466 1307 1511 1708 1719 
211: 209 212 
212: 211 213 
213: 212 216 
214: 338 1030 1178 1581 1824 
215: 764 852 853 1777 1919 
216: 213 218 
217: 79 831 920 1266 1721 
218: 216 220 
219: 158 234 1180 1861 
220: 218 222 
221: 32 1272 1634 
222: 220 223 
223: 222 224 
224: 223 227 
225: 751 837 969 1217 1769 
226: 32 1105 1433 1611 1679 
227: 224 229 
228: 663 1402 1619 1634 1769 
229: 227 232 
230: 1137 1588 1731 
231: 401 1311 
232: 229 233 
233: 232 235 
234: 219 475 1692 
235: 233 237 
236: 316 649 1922 
237: 235 239 
238: 1149 1558 1596 1748 
239: 237 241 
240: 621 989 1055 1180 1484 
241: 239 243 1645 
242: 365 1350 1611 
243: 241 245 
244: 555 894 1012 1013 1648 
245: 243 246 
246: 245 249 
247: 894 986 1113 1273 1545 
248: 1004 1113 1170 1221 1393 
249: 246 251 
250: 332 1608 1786 1809 
251: 249 252 
252: 251 253 
253: 252 257 
254: 326 583 907 1587 1776 
255: 112 500 1143 1555 1639 
256: 716 1235 1584 1613 1963 
257: 253 259 
258: 597 744 1453 1543 1819 
259: 257 260 
260: 259 261 
261: 260 263 
262: 1463 1677 
263: 261 275 
264: 653 1610 1965 
265: 510 887 1335 
266: 34 582 1247 1707 
267: 355 998 1448 1815 
268: 54 274 1068 1722 1995 
269: 13 1033 1392 1423 
270: 136 1061 1273 1734 1750 
271: 276 1462 1473 1499 1613 
272: 606 846 1317 1423 1636 
273: 1606 1674 1709 1858 
274: 268 801 1420 1750 
275: 263 278 
276: 271 625 872 953 
277: 644 1628 
278: 275 279 
279: 278 285 
280: 546 686 871 1064 1177 
281: 476 550 797 1453 1889 
282: 698 1853 
283: 32 98 810 1078 1634 
284: 90 359 1151 1793 1843 
285: 279 287 
286: 174 461 1335 1634 1788 
287: 285 289 
288: 510 925 1415 
289: 287 291 
290: 205 1750 1989 
291: 289 292 
292: 291 293 1558 
293: 292 295 
294: 384 592 
295: 293 301 
296: 1415 1521 1522 1926 
297: 75 370 497 587 1420 
298: 530 535 742 1288 1611 
299: 1480 1636 
300: 695 1287 
301: 295 303 
302: 594 751 960 1005 1039 
303: 301 304 
304: 303 305 
305: 304 310 
306: 81 1799 1824 
307: 1039 1424 1609 
308: 321 925 1243 1331 1842 
309: 138 400 748 1123 1167 
310: 305 311 
311: 310 312 
312: 311 313 
313: 312 318 
314: 118 562 801 1032 1585 
315: 632 659 1161 1197 
316: 236 918 986 
317: 406 525 1216 1223 1780 
318: 313 319 
319: 318 320 
320: 319 322 
321: 308 379 833 1189 1474 
322: 320 323 
323: 322 324 
324: 323 325 
325: 324 329 
326: 254 1194 1197 1694 1735 
327: 162 825 873 1510 1569 
328: 136 993 1176 
329: 325 330 
330: 329 331 
331: 330 333 
332: 158 250 1097 1181 1866 
333: 331 334 
334: 333 335 1905 
335: 334 336 
336: 335 337 
337: 336 339 
338: 214 1014 1189 1562 1587 
339: 337 340 
340: 339 345 
341: 1167 1192 1621 1941 1990 
342: 457 814 1620 
343: 74 381 1001 1405 1698 
344: 51 363 1107 1544 1950 
345: 340 348 
346: 182 429 
347: 80 206 588 1849 
348: 345 349 
349: 348 350 
350: 349 351 
351: 350 352 
352: 351 353 
353: 352 356 
354: 200 967 1367 1386 1638 
355: 267 367 930 
356: 353 360 
357: 458 668 960 1269 1746 
358: 149 846 1025 1479 1824 
359: 125 284 424 
360: 356 362 
361: 124 378 553 1001 1660 
362: 360 364 
363: 344 476 534 819 1794 
364: 362 368 
365: 242 1779 1917 1939 
366: 1152 1369 1869 
367: 355 387 777 871 
368: 364 369 
369: 368 372 
370: 297 381 694 1106 1911 
371: 694 1191 1812 1942 
372: 369 373 
373: 372 376 
374: 124 153 1000 
375: 646 1496 
376: 373 377 
377: 376 380 1922 
378: 361 466 526 1692 1749 
379: 321 612 667 1093 1733 
380: 377 383 
381: 343 370 454 497 1316 
382: 85 1228 1592 1784 
383: 380 385 
384: 294 1151 1634 1878 1918 
385: 383 388 
386: 138 647 973 1032 
387: 28 367 964 1692 1962 
388: 385 389 
389: 388 390 
390: 389 393 
391: 143 466 698 1042 1187 
392: 785 1074 1200 1734 1906 
393: 390 394 
394: 393 395 
395: 394 396 
396: 395 398 
397: 62 910 1044 1157 1584 
398: 396 399 
399: 398 404 
400: 309 983 989 1267 1453 
401: 4 231 1384 1812 1850 
402: 786 1177 1626 1644 1787 
403: 8 46 795 967 1194 
404: 399 405 
405: 404 407 
406: 317 515 883 1444 1800 
407: 405 408 
408: 407 409 
409: 408 410 
410: 409 411 
411: 410 413 
412: 138 1559 1759 
413: 411 414 
414: 413 415 
415: 414 416 
416: 415 417 
417: 416 418 
418: 417 419 
419: 418 421 
420: 45 775 1140 1646 1941 
421: 419 422 
422: 421 425 
423: 572 716 784 
424: 359 431 499 1239 
425: 422 426 
426: 425 432 
427: 835 985 1028 1053 
428: 54 873 883 1160 1746 
429: 346 1894 1927 
430: 960 1192 1283 1477 1585 
431: 424 1019 1290 1653 1875 
432: 426 434 
433: 1068 1288 1331 1726 
434: 432 438 
435: 917 1072 1267 
436: 174 1428 1906 
437: 93 649 1776 
438: 434 440 
439: 906 1319 1840 1919 
440: 438 441 
441: 440 442 
442: 441 443 
443: 442 444 
444: 443 446 
445: 101 605 964 1024 1593 
446: 444 447 
447: 446 449 
448: 45 480 994 
449: 447 451 
450: 1214 1278 1466 1512 1776 
451: 449 455 
452: 533 997 1000 1205 1417 
453: 118 633 1800 
454: 381 681 1223 1465 1698 
455: 451 456 
456: 455 459 
457: 342 508 1477 1769 1862 
458: 357 1404 1462 
459: 456 460 
460: 459 462 
461: 13 74 115 286 1748 
462: 460 463 
463: 462 464 
464: 463 465 
465: 464 467 
466: 210 378 391 582 895 
467: 465 469 
468: 785 1462 1709 
469: 467 472 
470: 505 1216 1286 1476 1850 
471: 1002 1177 1715 1808 1860 
472: 469 473 
473: 472 477 
474: 586 615 654 
475: 234 510 1181 1536 1580 
476: 281 363 1712 
477: 473 478 
478: 477 479 
479: 478 481 
480: 79 448 589 932 1558 
481: 479 482 
482: 481 483 
483: 482 484 
484: 483 485 
485: 484 486 
486: 485 487 
487: 486 488 
488: 487 489 
489: 488 492 
490: 625 770 1269 1345 1708 
491: 103 196 1352 1380 1419 
492: 489 493 
493: 492 495 
494: 109 695 829 1976 
495: 493 496 
496: 495 498 
497: 297 381 809 1731 1790 
498: 496 501 
499: 202 424 708 1291 1625 
500: 163 255 786 853 1596 
501: 498 502 
502: 501 504 
503: 207 914 1126 1653 1959 
504: 502 507 
505: 470 509 582 988 
506: 533 1029 1192 
507: 504 511 
508: 457 580 743 1574 
509: 11 505 634 917 1212 
510: 102 162 265 288 475 
511: 507 512 
512: 511 514 
513: 183 1097 1176 1476 1890 
514: 512 516 
515: 406 1311 1471 1548 1974 
516: 514 519 
517: 192 659 1734 
518: 606 857 986 1567 
519: 516 523 
520: 957 1770 
521: 1277 1522 1679 1819 1843 
522: 35 1393 1421 1841 1930 
523: 519 527 
524: 138 744 823 1862 
525: 317 526 1104 1353 1419 
526: 34 378 525 1750 
527: 523 528 
528: 527 529 
529: 528 531 
530: 298 682 1105 1514 1640 
531: 529 532 
532: 531 537 
533: 452 506 744 969 1005 
534: 363 1162 1400 1702 1930 
535: 298 863 1004 1539 1702 
536: 1013 1105 1299 1626 1959 
537: 532 538 
538: 537 539 
539: 538 541 
540: 125 1024 1277 
541: 539 542 
542: 541 543 
543: 542 547 1641 
544: 820 980 1571 1590 1901 
545: 207 673 1699 
546: 73 89 280 
547: 543 548 
548: 547 551 
549: 558 742 823 1037 1808 
550: 189 281 1566 
551: 548 556 
552: 685 731 1509 1952 
553: 361 676 1014 1480 1585 
554: 604 890 1071 1545 1604 
555: 111 244 673 789 1457 
556: 551 557 
557: 556 559 
558: 549 665 1402 1424 1718 
559: 557 560 
560: 559 561 1022 
561: 560 563 
562: 314 1735 
563: 561 564 
564: 563 565 
565: 564 567 
566: 1316 1471 1510 1861 
567: 565 569 
568: 82 202 1232 1367 1419 
569: 567 571 
570: 12 164 1188 1312 1526 
571: 569 574 1152 
572: 423 1029 1181 1599 1962 
573: 155 646 1247 1335 1600 
574: 571 575 
575: 574 576 
576: 575 577 
577: 576 578 
578: 577 579 
579: 578 581 
580: 508 967 1044 1061 1646 
581: 579 585 
582: 266 466 505 
583: 254 902 1584 1680 1869 
584: 1077 1199 1463 1732 
585: 581 591 
586: 474 654 872 1931 
587: 297 957 1694 1718 1738 
588: 347 1482 1732 
589: 165 480 1513 1708 
590: 27 165 1572 1584 
591: 585 595 
592: 155 294 1336 1708 1993 
593: 181 621 653 1214 1546 
594: 302 830 897 1225 1301 
595: 591 596 
596: 595 598 
597: 258 748 1146 1643 1731 
598: 596 599 
599: 598 601 
600: 1027 1969 1997 
601: 599 602 
602: 601 603 
603: 602 607 
604: 156 554 668 1477 
605: 445 1436 1669 1753 1769 
606: 272 518 1096 1388 1794 
607: 603 610 
608: 159 909 
609: 668 1064 1183 1613 1732 
610: 607 611 
611: 610 613 
612: 379 1738 1890 
613: 611 614 
614: 613 616 
615: 111 474 1657 1736 1875 
616: 614 618 
617: 127 1160 1429 1706 
618: 616 619 
619: 618 620 
620: 619 627 
621: 240 593 819 887 1269 
622: 740 807 1213 1648 
623: 1235 1521 
624: 162 1072 1176 1571 
625: 85 276 490 660 1352 
626: 39 866 1451 1590 1991 
627: 620 629 
628: 42 198 670 1217 1798 
629: 627 631 
630: 189 809 1025 1213 1338 
631: 629 635 
632: 315 1537 1778 
633: 21 453 782 1183 1477 
634: 509 739 748 1404 1567 
635: 631 636 
636: 635 638 
637: 152 181 785 1228 
638: 636 641 
639: 170 724 997 1149 1484 
640: 20 835 1645 1928 1998 
641: 638 643 
642: 842 1505 1669 1786 1974 
643: 641 645 
644: 12 104 277 1643 1726 
645: 643 648 
646: 375 573 1206 1442 
647: 386 1875 1998 
648: 645 650 
649: 80 236 437 920 1965 
650: 648 651 
651: 650 652 
652: 651 655 
653: 264 593 1096 1615 1862 
654: 474 586 864 1017 
655: 652 656 
656: 655 657 
657: 656 658 
658: 657 661 
659: 81 315 517 1060 1927 
660: 625 1140 1225 1962 
661: 658 664 
662: 768 1060 1152 1324 1966 
663: 45 228 734 895 1786 
664: 661 666 
665: 558 672 1514 1608 1813 
666: 664 669 
667: 379 912 1005 1719 1939 
668: 357 604 609 789 1420 
669: 666 674 
670: 628 745 980 1520 
671: 189 786 1625 1666 
672: 665 1078 1644 1658 1898 
673: 545 555 772 1878 
674: 669 675 
675: 674 677 
676: 553 1745 1931 1977 
677: 675 678 
678: 677 680 
679: 689 1137 1626 
680: 678 687 
681: 126 164 454 764 1517 
682: 73 530 1819 
683: 893 953 1033 1596 
684: 172 180 1217 1232 1248 
685: 13 552 801 
686: 280 909 
687: 680 688 
688: 687 691 
689: 75 679 1288 1840 1860 
690: 54 152 1451 
691: 688 692 
692: 691 693 
693: 692 696 
694: 370 371 1185 1384 1748 
695: 51 300 494 1380 1641 
696: 693 697 
697: 696 700 
698: 282 391 1466 1811 1869 
699: 159 866 1544 1810 1969 
700: 697 703 
701: 89 125 1734 1794 1818 
702: 180 1333 1427 1505 1773 
703: 700 704 
704: 703 705 
705: 704 706 
706: 705 707 
707: 706 709 
708: 499 947 1421 1825 1885 
709: 707 711 
710: 26 113 149 1417 1422 
711: 709 713 
712: 54 1719 
713: 711 714 
714: 713 715 
715: 714 717 
716: 206 256 423 932 1581 
717: 715 718 
718: 717 719 
719: 718 720 
720: 719 722 
721: 1033 1572 1793 
722: 720 725 
723: 814 1029 1151 1194 1819 
724: 639 1420 1436 1451 1624 
725: 722 726 
726: 725 727 
727: 726 728 
728: 727 729 
729: 728 730 
730: 729 732 
731: 552 1123 1770 
732: 730 735 
733: 1071 1306 1447 1791 1948 
734: 663 851 889 1457 1823 
735: 732 736 
736: 735 737 
737: 736 738 
738: 737 741 
739: 634 846 920 1091 1606 
740: 130 622 1222 1938 
741: 738 746 
742: 130 298 549 983 1582 
743: 508 1079 1617 
744: 258 524 533 1266 1786 
745: 670 820 1012 1647 
746: 741 747 
747: 746 749 
748: 309 597 634 
749: 747 752 
750: 165 188 777 1944 
751: 225 302 812 917 1093 
752: 749 753 
753: 752 755 
754: 823 1040 1214 1752 1773 
755: 753 756 
756: 755 757 
757: 756 760 
758: 158 1116 1117 1183 1420 
759: 115 781 1443 1627 1998 
760: 757 761 
761: 760 762 
762: 761 763 
763: 762 765 
764: 215 681 1791 
765: 763 766 
766: 765 767 
767: 82 766 769 
768: 155 662 1511 
769: 767 771 
770: 490 1217 1810 
771: 769 776 
772: 673 1074 1272 1567 1800 
773: 953 1314 1866 1976 
774: 27 1137 1419 1878 
775: 26 420 857 860 
776: 771 778 
777: 367 750 1715 1948 1974 
778: 776 779 
779: 778 783 
780: 37 173 1609 1950 1995 
781: 155 759 794 1798 
782: 633 819 822 1197 1425 
783: 779 787 
784: 423 889 1019 1388 1715 
785: 392 468 637 1472 1883 
786: 402 500 671 913 924 
787: 783 788 
788: 787 792 
789: 8 555 668 851 1787 
790: 26 867 901 932 1146 
791: 1072 1200 1201 1248 1536 
792: 788 793 
793: 792 795 
794: 781 905 1528 1840 1941 
795: 403 793 798 
796: 98 1102 1536 1539 1861 
797: 281 1025 1513 1528 
798: 795 800 
799: 1084 1143 1510 1555 
800: 798 802 
801: 274 314 685 1722 1791 
802: 800 803 
803: 802 805 
804: 837 1167 1343 1520 1574 
805: 803 806 
806: 805 811 
807: 175 622 1835 1943 1955 
808: 181 1331 1643 1752 1906 
809: 182 497 630 894 1587 
810: 283 1007 1139 1189 1726 
811: 806 813 
812: 131 751 1188 1636 1644 
813: 811 815 
814: 342 723 989 1966 
815: 813 816 
816: 815 817 
817: 816 818 
818: 817 824 
819: 363 621 782 1091 1289 
820: 146 544 745 1577 
821: 853 1433 1613 
822: 782 867 881 1425 1960 
823: 524 549 754 914 1410 
824: 818 826 
825: 327 833 874 1982 
826: 824 828 
827: 106 941 1679 1688 
828: 826 832 
829: 74 494 1146 1925 
830: 128 167 594 1895 
831: 217 1833 1851 
832: 828 834 
833: 156 321 825 1272 1943 
834: 832 838 977 
835: 167 427 640 1102 1205 
836: 1149 1863 
837: 225 804 1324 1688 
838: 834 839 
839: 838 840 
840: 839 841 
841: 840 843 
842: 642 1024 1072 1301 
843: 841 844 
844: 843 845 
845: 844 848 
846: 90 272 358 739 1562 
847: 1024 1443 1445 1788 1910 
848: 845 849 
849: 848 850 
850: 849 854 
851: 734 789 1499 1976 
852: 39 215 980 1345 
853: 215 500 821 1110 1581 
854: 850 855 
855: 854 856 
856: 855 859 
857: 518 775 1247 1779 
858: 1666 1885 1926 
859: 856 861 
860: 158 775 1790 1894 1943 
861: 859 862 
862: 861 865 
863: 535 998 1331 1744 
864: 205 654 1442 1844 1883 
865: 862 869 
866: 626 699 1041 
867: 790 822 1151 1153 1751 
868: 900 1574 
869: 865 870 
870: 869 875 1600 
871: 280 367 1000 1014 1042 
872: 276 586 1287 1596 
873: 173 327 428 1638 1905 
874: 74 825 1526 1855 
875: 870 877 
876: 79 1557 1636 1969 1993 
877: 875 879 
878: 1277 1316 1655 1919 1965 
879: 877 880 
880: 879 884 
881: 40 822 1529 1812 
882: 144 1506 1583 
883: 406 428 1153 
884: 880 885 
885: 884 888 
886: 196 1417 1526 1745 1799 
887: 265 621 1076 1502 1669 
888: 885 892 
889: 164 734 784 964 1013 
890: 554 1117 1725 1790 
891: 34 1139 1509 1580 1609 
892: 888 898 
893: 683 1116 1307 1473 1958 
894: 111 244 247 809 1030 
895: 466 663 1415 1697 1828 
896: 1589 1855 
897: 51 594 1086 
898: 892 903 1107 
899: 139 172 1015 1292 1718 
900: 103 868 
901: 790 1223 1692 1778 1990 
902: 583 1064 1417 1518 
903: 898 904 
904: 903 908 
905: 794 1223 1432 
906: 439 913 1202 1269 
907: 254 1188 1423 1950 
908: 904 911 
909: 608 686 1402 1433 
910: 397 1410 
911: 908 915 
912: 185 667 1222 1648 1868 
913: 96 786 906 1599 1858 
914: 503 823 1577 1628 1736 
915: 911 916 
916: 915 919 
917: 435 509 751 1537 1638 
918: 316 1406 1465 
919: 916 921 
920: 189 217 649 739 
921: 919 922 
922: 921 923 
923: 922 926 
924: 170 786 1719 1890 
925: 288 308 
926: 923 927 
927: 926 928 
928: 927 933 
929: 1333 1369 1435 1624 
930: 180 355 1319 1536 1935 
931: 1022 1340 1587 1600 1625 
932: 45 480 716 790 1427 
933: 928 934 
934: 933 935 
935: 934 936 
936: 935 937 1161 
937: 936 938 
938: 937 940 
939: 1170 1540 1698 1983 
940: 938 942 
941: 79 827 1222 1566 
942: 940 943 
943: 942 944 
944: 943 945 
945: 944 946 
946: 945 947 
947: 708 946 948 
948: 947 949 
949: 948 950 
950: 949 952 
951: 1286 1480 1784 1985 
952: 950 955 
953: 276 683 773 1619 
954: 111 156 1050 1113 
955: 952 956 
956: 955 958 
957: 520 587 1243 1894 1910 
958: 956 959 1599 
959: 958 961 
960: 302 357 430 1071 1123 
961: 959 962 
962: 961 963 
963: 962 965 
964: 387 445 889 1291 1775 
965: 963 970 
966: 1518 1680 1843 
967: 354 403 580 1116 1735 
968: 1161 1976 
969: 225 533 986 1424 
970: 965 971 
971: 970 975 
972: 185 1061 1771 
973: 386 1107 1333 1722 1791 
974: 1001 1015 1104 
975: 971 976 
976: 975 978 
977: 62 105 834 1933 
978: 976 979 
979: 978 981 
980: 544 670 852 1679 1753 
981: 979 982 
982: 981 984 
983: 160 400 742 1639 1844 
984: 982 987 
985: 427 1062 1482 1920 
986: 247 316 518 969 1216 
987: 984 991 
988: 50 505 1142 
989: 89 240 400 814 1445 
990: 1001 1359 1502 1617 
991: 987 992 
992: 991 993 
993: 328 992 995 
994: 448 1024 1133 1732 
995: 993 996 
996: 995 999 
997: 452 639 1089 1471 
998: 93 267 863 1240 1922 
999: 996 1003 
1000: 139 374 452 871 1926 
1001: 343 361 974 990 
1002: 471 1077 1453 
1003: 999 1006 
1004: 248 535 1699 1818 
1005: 302 533 667 
1006: 1003 1009 
1007: 45 810 1817 
1008: 12 1268 1505 
1009: 1006 1010 
1010: 1009 1011 
1011: 1010 1016 
1012: 244 745 1858 
1013: 244 536 889 1162 1289 
1014: 338 553 871 1609 
1015: 899 974 
1016: 1011 1017 
1017: 654 1016 1018 
1018: 1017 1020 
1019: 431 784 1074 1207 1403 
1020: 1018 1021 
1021: 1020 1023 
1022: 560 931 1104 1476 1510 
1023: 1021 1026 
1024: 445 540 842 847 994 
1025: 358 630 797 1810 
1026: 1023 1031 
1027: 600 1187 1278 1828 1963 
1028: 427 1299 1610 
1029: 506 572 723 1844 1944 
1030: 214 894 1149 1271 1861 
1031: 1026 1034 
1032: 35 314 386 1559 
1033: 82 269 683 721 1611 
1034: 1031 1035 
1035: 1034 1036 
1036: 1035 1038 
1037: 42 549 1593 1868 
1038: 1036 1043 
1039: 302 307 1235 1628 
1040: 143 144 754 
1041: 866 1098 
1042: 391 871 1526 1734 
1043: 1038 1045 
1044: 397 580 1188 1482 1920 
1045: 1043 1046 
1046: 1045 1047 
1047: 1046 1048 
1048: 1047 1049 
1049: 1048 1052 
1050: 127 144 954 1110 1428 
1051: 141 1236 1646 1937 1993 
1052: 1049 1054 
1053: 427 1200 1212 1423 1709 
1054: 1052 1056 
1055: 205 240 1191 1579 
1056: 1054 1057 
1057: 1056 1058 
1058: 1057 1059 
1059: 1058 1063 
1060: 659 662 1606 1784 1925 
1061: 270 580 972 1653 1966 
1062: 985 1911 
1063: 1059 1065 
1064: 280 609 902 1666 
1065: 1063 1066 
1066: 1065 1067 
1067: 1066 1069 
1068: 268 433 1106 1579 1794 
1069: 1067 1070 
1070: 1069 1073 
1071: 182 554 733 960 1202 
1072: 130 435 624 791 842 
1073: 1070 1075 
1074: 392 772 1019 1436 1810 
1075: 1073 1080 
1076: 887 1201 1620 1770 1930 
1077: 584 1002 
1078: 118 283 672 1146 1555 
1079: 54 743 1809 
1080: 1075 1081 
1081: 1080 1082 
1082: 1081 1083 
1083: 1082 1085 
1084: 4 153 799 1911 1959 
1085: 1083 1088 
1086: 42 96 897 1388 1895 
1087: 1098 1400 1592 1845 
1088: 1085 1090 
1089: 112 997 1127 1312 1726 
1090: 1088 1092 
1091: 11 739 819 
1092: 1090 1095 
1093: 379 751 1235 1287 1524 
1094: 1194 1367 1429 
1095: 1092 1099 
1096: 606 653 1317 1768 
1097: 332 513 1749 1983 
1098: 125 1041 1087 
1099: 1095 1100 
1100: 1099 1101 
1101: 1100 1103 
1102: 198 796 835 1735 
1103: 1101 1108 
1104: 198 525 974 1022 1666 
1105: 226 530 536 1509 1981 
1106: 168 370 1068 1350 1796 
1107: 344 898 973 1546 
1108: 1103 1109 
1109: 1108 1111 1423 
1110: 92 853 1050 1338 1682 
1111: 1109 1112 
1112: 1111 1114 
1113: 247 248 954 1457 1815 
1114: 1112 1115 
1115: 1114 1118 
1116: 758 893 967 1511 1739 
1117: 758 890 1512 1526 
1118: 1115 1119 
1119: 1118 1120 
1120: 1119 1121 
1121: 1120 1122 
1122: 1121 1124 
1123: 309 731 960 1512 1709 
1124: 1122 1125 
1125: 1124 1128 
1126: 46 115 503 1178 
1127: 1089 1415 1628 1824 1854 
1128: 156 1125 1129 
1129: 1128 1130 
1130: 1129 1131 
1131: 1130 1132 
1132: 1131 1134 
1133: 994 1202 1627 1711 
1134: 1132 1135 
1135: 1134 1136 
1136: 1135 1138 
1137: 230 679 774 1201 1585 
1138: 1136 1141 
1139: 149 810 891 1542 1787 
1140: 136 420 660 1546 1580 
1141: 1138 1144 
1142: 126 988 1149 
1143: 159 255 799 1236 1823 
1144: 1141 1145 
1145: 1144 1147 
1146: 597 790 829 1078 
1147: 1145 1148 
1148: 1147 1150 
1149: 238 639 836 1030 1142 
1150: 1148 1154 
1151: 123 284 384 723 867 
1152: 366 571 662 1799 
1153: 867 883 1593 1866 1989 
1154: 1150 1155 
1155: 1154 1156 
1156: 1155 1158 
1157: 397 1458 1600 1655 
1158: 1156 1159 
1159: 1158 1163 
1160: 188 428 617 1790 
1161: 92 315 936 968 1391 
1162: 534 1013 1202 1444 1904 
1163: 1159 1164 
1164: 1163 1165 
1165: 1164 1166 
1166: 1165 1168 
1167: 309 341 804 1197 1384 
1168: 1166 1171 
1169: 101 153 1181 1336 1444 
1170: 139 248 939 1586 1939 
1171: 1168 1174 
1172: 1445 1682 1791 
1173: 192 1205 1240 1248 
1174: 1171 1175 
1175: 1174 1179 
1176: 196 328 513 624 1345 
1177: 136 167 280 402 471 
1178: 214 1126 1386 1516 
1179: 1175 1182 
1180: 140 219 240 1811 
1181: 144 332 475 572 1169 
1182: 1179 1184 
1183: 21 609 633 758 
1184: 1182 1190 
1185: 694 1581 1694 1998 
1186: 27 127 1586 1775 
1187: 391 1027 1412 1845 
1188: 570 812 907 1044 1301 
1189: 321 338 810 1402 1641 
1190: 1184 1193 
1191: 202 371 1055 1697 1951 
1192: 341 430 506 1338 1794 
1193: 1190 1195 
1194: 326 403 723 1094 1569 
1195: 1193 1196 
1196: 1195 1198 
1197: 315 326 782 1167 1875 
1198: 1196 1203 1901 
1199: 584 1288 1421 1575 
1200: 89 392 791 1053 1725 
1201: 791 1076 1137 1290 
1202: 906 1071 1133 1162 1711 
1203: 1198 1204 
1204: 1203 1208 
1205: 452 835 1173 1353 1969 
1206: 646 1543 1780 
1207: 1019 1800 1940 
1208: 1204 1209 
1209: 1208 1210 
1210: 1209 1211 
1211: 1210 1215 
1212: 509 1053 1465 1627 1808 
1213: 622 630 1361 
1214: 450 593 754 1278 
1215: 1211 1218 
1216: 317 470 986 1339 1833 
1217: 207 225 628 684 770 
1218: 1215 1219 
1219: 1218 1220 
1220: 1219 1224 
1221: 15 133 248 1580 1995 
1222: 740 912 941 1995 
1223: 317 454 901 905 
1224: 1220 1226 
1225: 594 660 1316 
1226: 1224 1227 
1227: 1226 1229 
1228: 382 637 1299 1474 1942 
1229: 1227 1230 
1230: 1229 1231 
1231: 1230 1233 
1232: 568 684 1292 
1233: 1231 1237 
1234: 34 1303 1386 1444 
1235: 256 623 1039 1093 
1236: 15 160 1051 1143 1738 
1237: 1233 1238 
1238: 1237 1241 
1239: 4 424 1484 1512 1752 
1240: 40 998 1173 1776 
1241: 1238 1242 
1242: 1241 1244 
1243: 308 957 1380 1543 1645 
1244: 1242 1245 
1245: 1244 1246 
1246: 1245 1249 
1247: 51 266 573 857 1771 
1248: 32 684 791 1173 1919 
1249: 1246 1250 
1250: 1249 1251 
1251: 27 1250 1252 
1252: 1251 1253 
1253: 1252 1254 
1254: 1253 1255 
1255: 1254 1256 
1256: 1255 1257 
1257: 1256 1258 
1258: 1257 1259 
1259: 1258 1260 
1260: 1259 1261 
1261: 1260 1262 
1262: 1261 1263 
1263: 1262 1264 
1264: 1263 1265 
1265: 1264 1270 
1266: 217 744 1336 1443 
1267: 43 400 435 1463 1942 
1268: 1008 1350 
1269: 357 490 621 906 1543 
1270: 1265 1274 1361 
1271: 1030 1384 1462 1793 1917 
1272: 40 113 221 772 833 
1273: 247 270 1754 
1274: 1270 1275 
1275: 1274 1276 
1276: 1275 1279 
1277: 521 540 878 1422 1999 
1278: 450 1027 1214 1515 1521 
1279: 1276 1280 
1280: 1279 1281 
1281: 1280 1282 
1282: 1281 1284 
1283: 430 1482 1621 1825 1982 
1284: 1282 1285 
1285: 1284 1293 
1286: 133 470 951 1540 1869 
1287: 300 872 1093 
1288: 298 433 689 1199 1410 
1289: 131 819 1013 1736 
1290: 93 431 1201 1680 
1291: 499 964 1562 1712 
1292: 899 1232 
1293: 1285 1294 
1294: 1293 1295 
1295: 1294 1296 
1296: 1295 1297 
1297: 1296 1300 
1298: 1324 1751 
1299: 536 1028 1228 1917 
1300: 1297 1302 
1301: 594 842 1188 1312 
1302: 1300 1303 
1303: 1234 1302 1304 
1304: 1303 1305 
1305: 1304 1308 
1306: 733 1812 1895 
1307: 210 893 1311 1520 1567 
1308: 1305 1309 
1309: 1308 1310 
1310: 1309 1313 
1311: 92 231 515 1307 1948 
1312: 35 183 570 1089 1301 
1313: 1310 1315 
1314: 773 1511 1515 
1315: 1313 1318 
1316: 381 566 878 1225 1425 
1317: 272 1096 1506 1993 
1318: 1315 1320 
1319: 439 930 1609 1706 
1320: 1318 1321 
1321: 1320 1322 
1322: 1321 1323 
1323: 1322 1325 
1324: 180 662 837 1298 1546 
1325: 1323 1326 
1326: 1325 1327 
1327: 1326 1329 
1328: 26 1604 1742 
1329: 1327 1330 1521 
1330: 1329 1332 
1331: 308 433 808 863 1895 
1332: 1330 1334 
1333: 207 702 929 973 1779 
1334: 1332 1337 
1335: 265 286 573 1571 1983 
1336: 37 592 1169 1266 
1337: 1334 1342 
1338: 630 1110 1192 1665 1726 
1339: 1216 1777 
1340: 931 1445 1522 
1341: 152 1359 1400 1571 
1342: 1337 1344 
1343: 804 1557 1698 
1344: 1342 1346 
1345: 490 852 1176 1697 1984 
1346: 1344 1347 
1347: 1346 1348 
1348: 1347 1349 
1349: 1348 1351 
1350: 90 242 1106 1268 1518 
1351: 1349 1354 
1352: 491 625 1878 
1353: 525 1205 1744 1844 1849 
1354: 1351 1355 
1355: 1354 1356 
1356: 1355 1357 
1357: 1356 1358 
1358: 1357 1360 
1359: 990 1341 1644 1665 1955 
1360: 1358 1362 
1361: 1213 1270 1391 1906 
1362: 1360 1363 
1363: 1362 1364 
1364: 1363 1365 
1365: 1364 1366 
1366: 1365 1368 
1367: 354 568 1094 
1368: 1366 1370 
1369: 366 929 1621 1939 1983 
1370: 1368 1371 
1371: 1370 1372 
1372: 1371 1373 
1373: 1372 1374 
1374: 1373 1375 
1375: 1374 1376 
1376: 1375 1377 
1377: 1376 1378 
1378: 156 1377 1379 
1379: 1378 1381 
1380: 101 491 695 1243 1692 
1381: 1379 1382 
1382: 1381 1383 
1383: 1382 1387 
1384: 20 401 694 1167 1271 
1385: 162 1473 
1386: 354 1178 1234 1571 1890 
1387: 1383 1389 
1388: 606 784 1086 1529 1619 
1389: 1387 1390 1974 
1390: 1389 1394 
1391: 1161 1361 1472 1965 
1392: 269 1452 1645 
1393: 106 248 522 1522 1811 
1394: 1390 1395 
1395: 1394 1396 
1396: 1395 1397 
1397: 1396 1398 
1398: 1397 1399 
1399: 1398 1401 
1400: 534 1087 1341 1452 1748 
1401: 1399 1407 
1402: 12 228 558 909 1189 
1403: 1019 1759 1999 
1404: 458 634 1436 1479 1624 
1405: 128 146 343 1738 1985 
1406: 918 1442 1617 1750 1899 
1407: 1401 1408 
1408: 1407 1409 
1409: 1408 1411 
1410: 823 910 1288 1442 1545 
1411: 1409 1412 
1412: 1187 1411 1413 
1413: 1412 1414 
1414: 1413 1416 
1415: 288 296 895 1127 
1416: 1414 1418 
1417: 98 452 710 886 902 
1418: 1416 1426 
1419: 491 525 568 774 1999 
1420: 274 297 668 724 758 
1421: 522 708 1199 1520 1870 
1422: 710 1277 1433 
1423: 269 272 907 1053 1109 
1424: 307 558 969 1768 
1425: 15 782 822 1316 1721 
1426: 1418 1430 
1427: 127 702 932 1733 
1428: 196 206 436 1050 1443 
1429: 205 617 1094 
1430: 1426 1431 
1431: 1430 1434 
1432: 102 143 905 
1433: 226 821 909 1422 1496 
1434: 1431 1437 
1435: 118 929 1831 
1436: 605 724 1074 1404 
1437: 1434 1438 
1438: 1437 1439 
1439: 1438 1440 
1440: 1439 1441 
1441: 1440 1446 
1442: 646 864 1406 1410 1828 
1443: 759 847 1266 1428 1981 
1444: 406 1162 1169 1234 1447 
1445: 847 989 1172 1340 1938 
1446: 1441 1449 
1447: 43 733 1444 1937 
1448: 15 267 
1449: 1446 1450 
1450: 1449 1454 
1451: 89 626 690 724 1733 
1452: 1392 1400 1457 1818 1827 
1453: 105 258 281 400 1002 
1454: 1450 1455 
1455: 1454 1456 
1456: 1455 1459 
1457: 555 734 1113 1452 1813 
1458: 152 1157 1651 1810 
1459: 1456 1460 
1460: 1459 1461 
1461: 1460 1464 
1462: 111 271 458 468 1271 
1463: 188 262 584 1267 
1464: 1461 1467 
1465: 101 454 918 1212 1714 
1466: 450 698 1686 
1467: 1464 1468 
1468: 1467 1469 
1469: 1468 1470 
1470: 1469 1475 
1471: 140 515 566 997 
1472: 157 785 1391 1658 
1473: 158 271 893 1385 
1474: 321 1228 1554 1677 
1475: 1470 1478 
1476: 470 513 1022 1514 
1477: 430 457 604 633 1933 
1478: 1475 1481 
1479: 98 105 358 1404 1575 
1480: 299 553 951 1831 1840 
1481: 1478 1483 
1482: 588 985 1044 1283 1697 
1483: 1481 1485 
1484: 240 639 1239 
1485: 1483 1486 
1486: 1485 1487 
1487: 1486 1488 
1488: 1487 1489 
1489: 1488 1490 
1490: 1489 1491 
1491: 1490 1492 
1492: 1491 1493 
1493: 1492 1494 
1494: 1493 1495 
1495: 1494 1497 
1496: 375 1433 1627 1639 1835 
1497: 1495 1498 
1498: 1497 1500 
1499: 271 851 1544 1777 
1500: 1498 1501 
1501: 1500 1503 1569 
1502: 887 990 1512 1974 
1503: 1501 1504 
1504: 1503 1507 
1505: 642 702 1008 1753 
1506: 112 882 1317 1832 
1507: 1504 1508 
1508: 1507 1525 
1509: 552 891 1105 
1510: 327 566 799 1022 
1511: 210 768 1116 1314 1660 
1512: 450 1117 1123 1239 1502 
1513: 589 797 1595 1669 1926 
1514: 530 665 1476 1991 
1515: 1278 1314 1544 1630 
1516: 35 1178 1714 1918 
1517: 681 1519 1606 
1518: 13 902 966 1350 1699 
1519: 28 149 1517 
1520: 670 804 1307 1421 1557 
1521: 296 623 1278 1329 1711 
1522: 296 521 1340 1393 1878 
1523: 34 1548 1866 1979 
1524: 1093 1640 1894 1997 
1525: 1508 1527 
1526: 570 874 886 1042 1117 
1527: 1525 1530 
1528: 794 797 
1529: 124 159 881 1388 1966 
1530: 1527 1531 
1531: 1530 1532 
1532: 1531 1533 
1533: 1532 1534 
1534: 1533 1535 
1535: 1534 1538 
1536: 475 791 796 930 1615 
1537: 632 917 1676 
1538: 1535 1541 
1539: 535 796 1894 
1540: 73 939 1286 
1541: 1538 1542 
1542: 1139 1541 1547 
1543: 258 1206 1243 1269 
1544: 105 344 699 1499 1515 
1545: 103 247 554 1410 1997 
1546: 593 1107 1140 1324 
1547: 1542 1549 
1548: 515 1523 1849 
1549: 1547 1550 
1550: 1549 1551 
1551: 1550 1552 
1552: 1551 1553 
1553: 1552 1554 
1554: 1474 1553 1556 
1555: 255 799 1078 1657 
1556: 1554 1560 
1557: 876 1343 1520 1863 
1558: 238 292 480 1832 
1559: 412 1032 1725 1928 
1560: 1556 1561 
1561: 1560 1563 
1562: 338 846 1291 1993 
1563: 1561 1564 
1564: 1563 1565 
1565: 1564 1568 
1566: 550 941 1778 1860 
1567: 518 634 772 1307 1640 
1568: 1565 1570 
1569: 327 1194 1501 1931 
1570: 1568 1573 
1571: 544 624 1335 1341 1386 
1572: 590 721 1686 1842 1979 
1573: 1570 1576 
1574: 508 804 868 
1575: 43 160 1199 1479 1850 
1576: 1573 1578 
1577: 820 914 
1578: 1576 1582 
1579: 173 205 1055 1068 
1580: 475 891 1140 1221 1718 
1581: 143 214 716 853 1185 
1582: 742 1578 1588 
1583: 882 1644 
1584: 256 397 583 590 
1585: 113 314 430 553 1137 
1586: 11 1170 1186 1630 
1587: 254 338 809 931 1868 
1588: 230 1582 1591 
1589: 153 896 1595 1899 1984 
1590: 90 544 626 1621 1640 
1591: 1588 1594 
1592: 382 1087 1773 1933 1938 
1593: 445 1037 1153 
1594: 1591 1597 
1595: 1513 1589 
1596: 238 500 683 872 
1597: 1594 1598 
1598: 1597 1601 
1599: 118 572 913 958 1855 
1600: 20 573 870 931 1157 
1601: 1598 1602 
1602: 1601 1603 
1603: 1602 1605 
1604: 51 554 1328 1725 
1605: 1603 1607 
1606: 273 739 1060 1517 
1607: 1605 1612 
1608: 250 665 1952 
1609: 307 780 891 1014 1319 
1610: 141 264 1028 1742 1845 
1611: 226 242 298 1033 1997 
1612: 1607 1614 
1613: 256 271 609 821 1910 
1614: 1612 1616 
1615: 183 653 1536 1899 
1616: 1614 1618 
1617: 743 990 1406 1919 
1618: 1616 1622 
1619: 228 953 1388 
1620: 342 1076 1715 
1621: 130 341 1283 1369 1590 
1622: 1618 1623 
1623: 1622 1629 
1624: 724 929 1404 1999 
1625: 62 202 499 671 931 
1626: 402 536 679 1998 
1627: 759 1133 1212 1496 1796 
1628: 277 914 1039 1127 1979 
1629: 1623 1631 
1630: 167 1515 1586 1977 
1631: 1629 1632 
1632: 1631 1633 1989 
1633: 1632 1635 
1634: 221 228 283 286 384 
1635: 1633 1637 
1636: 183 272 299 812 876 
1637: 1635 1642 
1638: 354 873 917 1686 1813 
1639: 255 983 1496 1647 1648 
1640: 530 1524 1567 1590 
1641: 543 695 1189 1680 
1642: 1637 1649 
1643: 46 597 644 808 
1644: 402 672 812 1359 1583 
1645: 241 640 1243 1392 1800 
1646: 420 580 1051 1709 1804 
1647: 93 745 1639 
1648: 123 244 622 912 1639 
1649: 1642 1650 
1650: 1649 1652 
1651: 188 198 1458 1699 
1652: 1650 1654 
1653: 431 503 1061 
1654: 1652 1656 
1655: 180 878 1157 1715 1828 
1656: 1654 1659 
1657: 81 615 1555 1721 
1658: 672 1472 1665 1735 1951 
1659: 1656 1661 
1660: 361 1511 1736 1780 1949 
1661: 1659 1662 
1662: 1661 1663 
1663: 1662 1664 
1664: 1663 1667 
1665: 173 1338 1359 1658 1960 
1666: 671 858 1064 1104 
1667: 1664 1668 
1668: 1667 1670 
1669: 605 642 887 1513 
1670: 1668 1671 
1671: 1670 1672 
1672: 1671 1673 
1673: 1672 1675 
1674: 273 1722 1768 1869 
1675: 1673 1678 
1676: 1537 1833 
1677: 50 262 1474 
1678: 1675 1681 
1679: 226 521 827 980 1778 
1680: 583 966 1290 1641 
1681: 1678 1683 
1682: 90 1110 1172 
1683: 1681 1684 
1684: 1683 1685 
1685: 1684 1687 
1686: 40 1466 1572 1638 
1687: 1685 1689 
1688: 827 837 
1689: 1687 1690 
1690: 1689 1691 
1691: 1690 1693 
1692: 234 378 387 901 1380 
1693: 1691 1695 
1694: 85 326 587 1185 
1695: 1693 1696 
1696: 1695 1700 
1697: 895 1191 1345 1482 1966 
1698: 4 343 454 939 1343 
1699: 172 545 1004 1518 1651 
1700: 1696 1701 
1701: 1700 1703 
1702: 534 535 
1703: 1701 1704 
1704: 1703 1705 
1705: 1704 1710 
1706: 617 1319 1744 
1707: 80 163 266 
1708: 210 490 589 592 1981 
1709: 273 468 1053 1123 1646 
1710: 1705 1713 
1711: 1133 1202 1521 
1712: 476 1291 1832 1955 1958 
1713: 1710 1716 
1714: 200 1465 1516 
1715: 471 777 784 1620 1655 
1716: 1713 1717 
1717: 1716 1720 
1718: 558 587 899 1580 
1719: 143 210 667 712 924 
1720: 1717 1723 
1721: 217 1425 1657 
1722: 268 801 973 1674 
1723: 1720 1724 
1724: 1723 1727 
1725: 890 1200 1559 1604 
1726: 433 644 810 1089 1338 
1727: 1724 1728 
1728: 1727 1729 1990 
1729: 1728 1730 
1730: 1729 1737 
1731: 198 230 497 597 1831 
1732: 584 588 609 994 1937 
1733: 379 1427 1451 1927 
1734: 270 392 517 701 1042 
1735: 326 562 967 1102 1658 
1736: 615 914 1289 1660 1965 
1737: 1730 1739 
1738: 587 612 1236 1405 1825 
1739: 1116 1737 1740 
1740: 1739 1741 
1741: 1740 1743 
1742: 124 1328 1610 
1743: 1741 1747 
1744: 172 863 1353 1706 1784 
1745: 676 886 1930 
1746: 357 428 1941 
1747: 1743 1755 
1748: 238 461 694 1400 1910 
1749: 378 1097 
1750: 270 274 290 526 1406 
1751: 867 1298 1777 1939 1977 
1752: 754 808 1239 1854 
1753: 165 605 980 1505 1925 
1754: 136 1273 1796 1955 
1755: 1747 1756 
1756: 1755 1757 
1757: 1756 1758 
1758: 1757 1760 
1759: 185 412 1403 1831 1960 
1760: 1758 1761 
1761: 1760 1762 
1762: 1761 1763 
1763: 1762 1764 
1764: 1763 1765 
1765: 1764 1766 
1766: 1765 1767 
1767: 1766 1772 
1768: 1096 1424 1674 1786 1885 
1769: 225 228 457 605 1949 
1770: 141 520 731 1076 1833 
1771: 972 1247 
1772: 1767 1774 
1773: 21 50 702 754 1592 
1774: 1772 1781 
1775: 157 964 1186 1850 1989 
1776: 254 437 450 1240 1944 
1777: 215 1339 1499 1751 1835 
1778: 632 901 1566 1679 
1779: 365 857 1333 1823 1944 
1780: 196 317 1206 1660 1840 
1781: 1774 1782 
1782: 1781 1783 
1783: 1782 1785 
1784: 382 951 1060 1744 1901 
1785: 1783 1789 
1786: 250 642 663 744 1768 
1787: 40 192 402 789 1139 
1788: 286 847 1850 
1789: 1785 1792 
1790: 497 860 890 1160 1825 
1791: 733 764 801 973 1172 
1792: 1789 1795 
1793: 284 721 1271 
1794: 363 606 701 1068 1192 
1795: 1792 1797 
1796: 79 1106 1627 1754 1982 
1797: 1795 1801 
1798: 628 781 1841 
1799: 20 306 886 1152 
1800: 406 453 772 1207 1645 
1801: 1797 1802 
1802: 1801 1803 
1803: 1802 1805 
1804: 103 181 1646 1901 
1805: 1803 1806 
1806: 1805 1807 
1807: 1806 1814 
1808: 471 549 1212 
1809: 173 250 1079 1985 
1810: 699 770 1025 1074 1458 
1811: 698 1180 1393 1989 
1812: 371 401 881 1306 
1813: 139 665 1457 1638 1977 
1814: 1807 1816 
1815: 123 267 1113 
1816: 1814 1820 
1817: 115 133 1007 
1818: 701 1004 1452 
1819: 172 258 521 682 723 
1820: 1816 1821 
1821: 1820 1822 
1822: 1821 1826 
1823: 162 734 1143 1779 1990 
1824: 214 306 358 1127 
1825: 46 708 1283 1738 1790 
1826: 1822 1827 
1827: 1452 1826 1829 
1828: 895 1027 1442 1655 1862 
1829: 1827 1830 
1830: 1829 1834 
1831: 1435 1480 1731 1759 
1832: 112 141 1506 1558 1712 
1833: 831 1216 1676 1770 
1834: 1830 1836 
1835: 807 1496 1777 
1836: 1834 1837 
1837: 1836 1838 
1838: 1837 1839 
1839: 1838 1846 
1840: 439 689 794 1480 1780 
1841: 157 522 1798 1926 
1842: 92 308 1572 1950 
1843: 174 284 521 966 1999 
1844: 170 864 983 1029 1353 
1845: 37 1087 1187 1610 1898 
1846: 1839 1847 
1847: 1846 1848 
1848: 1847 1852 
1849: 347 1353 1548 
1850: 401 470 1575 1775 1788 
1851: 831 1937 
1852: 1848 1856 
1853: 21 202 282 1942 1984 
1854: 1127 1752 1955 
1855: 874 896 1599 
1856: 1852 1857 
1857: 1856 1859 
1858: 130 273 913 1012 1866 
1859: 1857 1864 
1860: 471 689 1566 1898 
1861: 219 566 796 1030 1948 
1862: 457 524 653 1828 
1863: 15 836 1557 
1864: 1859 1865 
1865: 1864 1867 
1866: 332 773 1153 1523 1858 
1867: 1865 1870 
1868: 912 1037 1587 1984 
1869: 366 583 698 1286 1674 
1870: 1421 1867 1871 
1871: 1870 1872 
1872: 1871 1873 
1873: 1872 1874 
1874: 1873 1876 
1875: 431 615 647 1197 
1876: 1874 1877 
1877: 1876 1879 
1878: 384 673 774 1352 1522 
1879: 1877 1880 
1880: 1879 1881 
1881: 1880 1882 
1882: 1881 1884 
1883: 785 864 
1884: 1882 1886 
1885: 708 858 1768 
1886: 1884 1887 
1887: 1886 1888 
1888: 1887 1891 
1889: 32 281 1935 
1890: 80 513 612 924 1386 
1891: 1888 1892 
1892: 1891 1893 
1893: 1892 1896 
1894: 429 860 957 1524 1539 
1895: 830 1086 1306 1331 
1896: 1893 1897 
1897: 1896 1900 
1898: 35 200 672 1845 1860 
1899: 62 1406 1589 1615 1982 
1900: 1897 1902 
1901: 106 544 1198 1784 1804 
1902: 1900 1903 
1903: 1902 1907 
1904: 128 1162 
1905: 146 334 873 1930 
1906: 392 436 808 1361 
1907: 1903 1908 
1908: 1907 1909 
1909: 1908 1912 
1910: 155 847 957 1613 1748 
1911: 370 1062 1084 
1912: 1909 1913 
1913: 1912 1914 
1914: 1913 1915 
1915: 1914 1916 
1916: 1915 1921 
1917: 365 1271 1299 1933 
1918: 125 384 1516 1942 
1919: 215 439 878 1248 1617 
1920: 206 985 1044 
1921: 1916 1923 
1922: 133 236 377 998 
1923: 1921 1924 
1924: 1923 1929 
1925: 829 1060 1753 1976 
1926: 296 858 1000 1513 1841 
1927: 429 659 1733 
1928: 185 640 1559 1983 
1929: 1924 1932 
1930: 522 534 1076 1745 1905 
1931: 43 586 676 1569 
1932: 1929 1934 
1933: 101 977 1477 1592 1917 
1934: 1932 1936 
1935: 82 930 1889 
1936: 1934 1940 
1937: 98 1051 1447 1732 1851 
1938: 164 740 1445 1592 
1939: 365 667 1170 1369 1751 
1940: 1207 1936 1945 
1941: 341 420 794 1746 
1942: 371 1228 1267 1853 1918 
1943: 113 174 807 833 860 
1944: 153 750 1029 1776 1779 
1945: 1940 1946 
1946: 1945 1947 
1947: 1946 1953 
1948: 733 777 1311 1861 
1949: 1660 1769 
1950: 134 344 780 907 1842 
1951: 113 168 1191 1658 
1952: 8 552 1608 
1953: 1947 1954 
1954: 1953 1956 
1955: 807 1359 1712 1754 1854 
1956: 1954 1957 
1957: 1956 1961 
1958: 893 1712 
1959: 134 503 536 1084 1995 
1960: 822 1665 1759 
1961: 1957 1964 
1962: 387 572 660 
1963: 50 256 1027 
1964: 1961 1967 
1965: 264 649 878 1391 1736 
1966: 662 814 1061 1529 1697 
1967: 1964 1968 
1968: 1967 1970 
1969: 141 600 699 876 1205 
1970: 1968 1971 
1971: 1970 1972 
1972: 1971 1973 
1973: 1972 1975 
1974: 515 642 777 1389 1502 
1975: 1973 1978 
1976: 494 773 851 968 1925 
1977: 37 676 1630 1751 1813 
1978: 1975 1980 
1979: 37 200 1523 1572 1628 
1980: 1978 1986 
1981: 1105 1443 1708 
1982: 825 1283 1796 1899 
1983: 939 1097 1335 1369 1928 
1984: 85 1345 1589 1853 1868 
1985: 951 1405 1809 1991 
1986: 1980 1987 
1987: 1986 1988 
1988: 1987 1992 
1989: 290 1153 1632 1775 1811 
1990: 188 341 901 1728 1823 
1991: 200 626 1514 1985 
1992: 1988 1994 
1993: 592 876 1051 1317 1562 
1994: 1992 1996 
1995: 268 780 1221 1222 1959 
1996: 1994 
1997: 600 1524 1545 1611 
1998: 640 647 759 1185 1626 
1999: 1277 1403 1419 1624 1843 
41