0: 140 1163 
1: 5 
2: 389 1129 1319 
3: 859 992 
4: 588 1702 
5: 1 6 
6: 5 7 
7: 6 8 
8: 7 10 
9: 300 422 1122 1170 
10: 8 11 
11: 10 13 
12: 606 1485 
13: 11 15 
14: 736 1231 1346 
15: 13 19 
16: 131 1014 1821 
17: 441 1182 1345 1875 
18: 697 863 1623 
19: 15 21 
20: 1032 1407 1820 
21: 19 26 
22: 737 744 762 1434 
23: 484 1216 1352 
24: 920 1298 1606 
25: 69 323 1069 1891 
26: 21 27 
27: 26 28 
28: 27 29 
29: 28 30 
30: 29 31 
31: 30 33 
32: 427 621 754 
33: 31 34 
34: 33 38 
35: 1234 1400 
36: 1124 1448 1788 
37: 622 1435 
38: 34 40 
39: 843 1209 1593 
40: 38 41 
41: 40 42 
42: 41 44 
43: 372 981 
44: 42 45 
45: 44 46 
46: 45 47 
47: 46 49 
48: 92 360 
49: 47 50 
50: 49 51 
51: 50 52 
52: 51 55 1580 
53: 125 579 1070 1735 1757 
54: 468 661 885 1936 
55: 52 56 
56: 55 58 
57: 95 222 
58: 56 59 
59: 58 60 
60: 59 62 
61: 156 1501 
62: 60 63 
63: 62 64 
64: 63 65 
65: 64 74 
66: 234 890 1178 1491 1747 
67: 717 1281 1420 
68: 218 658 828 
69: 25 863 1676 1964 
70: 229 1646 
71: 664 1540 
72: 408 1186 1665 
73: 990 1640 1970 
74: 65 75 
75: 74 76 
76: 75 77 
77: 76 83 
78: 1418 1761 1953 
79: 1272 1381 
80: 1381 1808 
81: 294 339 1361 
82: 235 1898 
83: 77 85 
84: 102 1730 
85: 83 87 
86: 125 202 1844 
87: 85 88 
88: 87 94 1692 
89: 187 1285 1642 1712 
90: 532 1157 1492 1895 
91: 290 645 1216 
92: 48 1028 1706 1710 
93: 424 1178 
94: 88 96 
95: 57 1074 1213 1517 
96: 94 97 
97: 96 98 
98: 97 99 
99: 98 100 
100: 99 101 
101: 100 103 
102: 84 1031 1663 
103: 101 106 
104: 534 839 1491 
105: 290 392 1603 1798 1813 
106: 103 108 
107: 316 1111 1348 
108: 106 109 1020 
109: 108 112 
110: 134 1297 1358 1570 
111: 328 1028 1948 
112: 109 113 
113: 112 114 
114: 113 115 
115: 114 116 
116: 115 119 
117: 247 274 743 1634 
118: 153 356 525 1283 1755 
119: 116 120 
120: 119 121 
121: 120 123 
122: 1593 1804 
123: 121 124 
124: 123 126 
125: 53 86 
126: 124 128 
127: 235 1956 
128: 126 129 
129: 128 130 
130: 129 133 
131: 16 884 1883 
132: 389 629 1512 
133: 130 136 
134: 110 1806 
135: 1658 
136: 133 143 
137: 365 671 1029 
138: 1095 1863 
139: 1260 1570 1690 
140: 0 452 666 
141: 403 498 710 1820 
142: 266 406 490 
143: 136 145 
144: 378 1242 
145: 143 147 
146: 223 264 1015 
147: 145 148 
148: 147 150 
149: 197 447 1617 
150: 148 151 
151: 150 159 
152: 512 1802 
153: 118 1305 
154: 570 1174 
155: 156 903 1714 1914 
156: 61 155 537 
157: 198 903 1708 
158: 666 1792 
159: 151 160 
160: 159 161 
161: 160 162 
162: 161 163 
163: 162 164 
164: 163 166 
165: 1034 1403 1520 
166: 164 167 
167: 166 168 
168: 167 172 
169: 518 730 1099 1449 1953 
170: 896 1503 
171: 291 1443 1720 
172: 168 173 
173: 172 174 
174: 173 177 
175: 711 1352 1706 
176: 1091 1303 1825 
177: 174 179 1011 
178: 586 968 1126 1188 1937 
179: 177 180 
180: 179 181 
181: 180 185 
182: 540 789 965 
183: 840 1348 
184: 642 1702 1779 
185: 181 188 
186: 900 1025 
187: 89 665 1044 
188: 185 190 
189: 1001 1682 
190: 188 192 
191: 367 744 1168 
192: 190 193 
193: 192 194 
194: 193 196 
195: 542 1664 
196: 194 199 
197: 149 333 477 
198: 157 1427 1791 
199: 196 200 
200: 199 201 
201: 200 203 
202: 86 768 991 
203: 201 208 
204: 1397 1711 
205: 1233 1532 
206: 248 467 968 1393 1821 
207: 1735 1836 
208: 203 214 
209: 1029 1604 1974 
210: 256 576 
211: 541 1519 
212: 411 1308 
213: 279 590 
214: 208 215 
215: 214 216 
216: 215 217 
217: 216 224 
218: 68 1615 
219: 222 312 1778 1822 
220: 447 665 704 1593 
221: 608 1970 
222: 57 219 976 
223: 146 278 
224: 217 226 
225: 704 1800 
226: 224 227 
227: 226 237 
228: 1038 1609 
229: 70 1612 
230: 324 849 1458 1554 1568 
231: 617 665 1024 
232: 972 1482 1766 
233: 303 823 
234: 66 400 835 1762 
235: 82 127 
236: 786 1148 1174 1665 
237: 227 239 
238: 1445 1841 
239: 237 242 
240: 1045 1895 
241: 1743 1803 
242: 239 243 
243: 242 244 
244: 243 246 
245: 424 869 1020 1636 
246: 244 249 
247: 117 1008 
248: 206 1353 1550 
249: 246 250 
250: 249 251 
251: 250 252 
252: 251 253 
253: 252 255 
254: 1812 1974 
255: 253 257 
256: 210 389 876 
257: 255 258 
258: 257 259 1825 
259: 258 260 
260: 259 261 
261: 260 262 
262: 261 268 
263: 523 874 
264: 146 306 339 1281 1479 
265: 1133 1843 
266: 142 1266 1566 
267: 1545 1879 
268: 262 269 
269: 268 271 
270: 406 1212 1634 1719 
271: 269 272 
272: 271 273 
273: 272 275 
274: 117 816 936 1896 
275: 273 280 
276: 900 1146 1448 
277: 1077 1689 
278: 223 506 1727 
279: 213 964 
280: 275 281 
281: 280 282 
282: 281 284 
283: 1059 1299 
284: 282 285 
285: 284 287 
286: 444 523 597 
287: 285 288 
288: 287 295 
289: 393 1171 1322 
290: 91 105 1805 
291: 171 503 658 863 
292: 676 745 1163 
293: 710 855 935 1606 1858 
294: 81 541 1170 1409 
295: 288 296 
296: 295 298 
297: 408 981 
298: 296 302 
299: 328 1333 1757 
300: 9 1397 
301: 1142 1942 
302: 298 304 
303: 233 831 917 1115 1386 
304: 302 305 
305: 304 307 
306: 264 509 1773 
307: 305 309 
308: 1029 1305 
309: 307 310 
310: 309 311 
311: 310 315 
312: 219 927 
313: 891 1994 
314: 903 979 
315: 311 317 
316: 107 421 798 1129 
317: 315 319 
318: 535 1761 1799 1879 
319: 317 320 
320: 319 325 
321: 1189 1980 
322: 1350 1386 1767 1853 
323: 25 468 919 1881 
324: 230 653 676 785 
325: 320 326 
326: 325 327 
327: 326 329 
328: 111 299 466 557 
329: 327 330 
330: 329 331 
331: 330 334 
332: 1517 1563 
333: 197 867 1290 
334: 331 335 
335: 334 336 1579 
336: 335 337 
337: 336 338 
338: 337 342 
339: 81 264 968 
340: 971 1485 
341: 822 1346 
342: 338 344 
343: 671 1302 1900 
344: 342 346 
345: 850 1530 1623 
346: 344 348 
347: 864 1413 
348: 346 349 
349: 348 350 
350: 349 353 
351: 645 768 896 
352: 909 1151 
353: 350 359 
354: 386 1122 
355: 1201 1228 1853 
356: 118 752 823 1146 1863 
357: 523 688 777 815 1186 
358: 595 800 1228 1765 
359: 353 361 
360: 48 652 
361: 359 362 
362: 361 364 
363: 1175 1380 1539 
364: 362 366 
365: 137 1314 
366: 364 368 
367: 191 575 943 1099 
368: 366 369 
369: 368 370 
370: 369 371 
371: 370 374 
372: 43 1436 1488 
373: 1337 1904 
374: 371 375 573 
375: 374 376 
376: 375 377 653 
377: 376 379 
378: 144 587 1204 1609 
379: 377 382 
380: 1029 1513 1540 1793 
381: 640 1771 
382: 379 383 
383: 382 384 
384: 383 388 
385: 453 862 
386: 354 1945 
387: 1100 1258 1891 
388: 384 391 
389: 2 132 256 1333 
390: 849 1285 1333 1554 
391: 388 394 
392: 105 406 988 
393: 289 611 1015 1770 
394: 391 395 
395: 394 396 
396: 395 397 
397: 396 398 
398: 397 399 
399: 398 400 
400: 234 399 402 
401: 757 1556 
402: 400 410 
403: 141 704 737 
404: 1824 1904 
405: 1083 1633 
406: 142 270 392 1149 
407: 534 1109 1115 1661 1732 
408: 72 297 
409: 805 1205 1244 1986 
410: 402 412 587 
411: 212 1135 1901 
412: 410 413 
413: 412 415 
414: 1092 1289 1577 1916 
415: 413 416 
416: 415 417 
417: 416 418 
418: 417 425 
419: 654 909 1285 1968 
420: 540 1794 
421: 316 597 665 1217 
422: 9 913 
423: 1154 1719 1838 
424: 93 245 532 
425: 418 426 
426: 425 428 
427: 32 1500 1745 
428: 426 431 
429: 579 812 949 
430: 493 714 1106 1398 
431: 428 433 
432: 1146 1483 
433: 431 434 
434: 433 435 
435: 434 437 
436: 462 1574 
437: 435 439 
438: 1005 1416 
439: 437 440 
440: 439 442 
441: 17 1420 1901 
442: 440 443 
443: 442 445 
444: 286 1831 
445: 443 446 
446: 445 448 
447: 149 220 
448: 446 449 
449: 448 450 
450: 449 451 
451: 450 456 
452: 140 1513 1640 
453: 385 699 1637 
454: 847 857 
455: 869 1746 1941 
456: 451 457 
457: 456 459 
458: 647 1393 
459: 457 461 
460: 854 1251 
461: 459 463 
462: 436 467 866 1942 
463: 461 464 
464: 463 469 
465: 1357 1890 1956 
466: 328 843 918 1571 
467: 206 462 1428 1998 
468: 54 323 1894 
469: 464 470 
470: 469 471 
471: 470 473 
472: 918 1196 
473: 471 474 
474: 473 475 
475: 474 476 
476: 475 478 
477: 197 849 1954 
478: 476 480 
479: 567 1658 
480: 478 481 
481: 480 482 
482: 481 483 
483: 482 485 
484: 23 861 869 
485: 483 486 
486: 485 488 
487: 936 1915 
488: 486 489 
489: 488 492 
490: 142 1792 1955 
491: 595 663 934 
492: 489 495 
493: 430 1598 1757 1759 
494: 1283 1559 
495: 492 496 
496: 495 501 
497: 1767 1909 
498: 141 1446 1461 
499: 587 1438 1983 
500: 1215 1518 
501: 496 502 
502: 501 505 
503: 291 1289 
504: 1779 1798 
505: 502 507 
506: 278 1572 
507: 505 508 
508: 507 511 
509: 306 656 993 1032 
510: 877 1530 
511: 508 513 
512: 152 1818 
513: 511 514 
514: 513 516 
515: 627 1761 
516: 514 517 
517: 516 518 
518: 169 517 520 
519: 1002 1841 1906 
520: 518 521 
521: 520 527 
522: 861 867 1492 1967 
523: 263 286 357 944 
524: 653 960 
525: 118 1086 
526: 714 1409 
527: 521 528 
528: 527 530 
529: 583 800 1741 1770 
530: 528 531 
531: 530 533 
532: 90 424 590 646 
533: 531 536 
534: 104 407 1838 
535: 318 1281 
536: 533 538 
537: 156 1257 1587 
538: 536 539 
539: 538 544 
540: 182 420 1519 
541: 211 294 
542: 195 1583 
543: 1617 1705 1967 
544: 539 545 
545: 544 546 
546: 545 548 
547: 651 1493 
548: 546 552 
549: 835 885 1453 
550: 952 996 1199 
551: 646 815 
552: 548 554 
553: 1794 1955 
554: 552 555 
555: 554 556 
556: 555 558 
557: 328 576 771 870 1597 
558: 556 559 
559: 558 560 
560: 559 561 
561: 560 563 
562: 913 1469 
563: 561 564 670 
564: 563 568 
565: 1441 1563 1831 
566: 831 1128 1294 
567: 479 585 792 
568: 564 569 
569: 568 571 
570: 154 908 1024 1448 1547 
571: 569 572 1898 
572: 571 574 
573: 374 585 727 1659 1838 
574: 572 577 
575: 367 995 1592 1676 1904 
576: 210 557 
577: 574 578 
578: 577 580 
579: 53 429 894 1201 
580: 578 581 
581: 580 584 
582: 699 1635 
583: 529 1682 
584: 581 586 
585: 567 573 872 
586: 178 584 589 
587: 378 410 499 1924 
588: 4 1291 
589: 586 591 
590: 213 532 1913 
591: 589 593 
592: 646 1157 1491 1863 
593: 591 594 
594: 593 596 
595: 358 491 
596: 594 598 
597: 286 421 1623 
598: 596 599 
599: 598 601 
600: 960 1493 1699 1946 
601: 599 602 
602: 601 603 
603: 602 605 
604: 1308 1442 1592 1735 
605: 603 607 
606: 12 1781 
607: 605 609 
608: 221 1826 
609: 607 610 
610: 609 612 
611: 393 1230 1315 1351 1675 
612: 610 613 
613: 612 614 
614: 613 615 
615: 614 618 
616: 888 1863 
617: 231 1791 
618: 615 619 
619: 618 620 
620: 619 624 
621: 32 747 1441 
622: 37 1568 
623: 800 1409 1580 1691 1748 
624: 620 625 
625: 624 626 
626: 625 628 
627: 515 1335 
628: 626 631 
629: 132 872 909 
630: 1005 1358 1569 
631: 628 632 
632: 631 633 
633: 632 636 
634: 982 1286 1670 
635: 825 1870 
636: 633 639 
637: 761 1805 
638: 713 1941 
639: 636 641 
640: 381 894 
641: 639 643 
642: 184 826 1824 1875 
643: 641 644 
644: 643 648 
645: 91 351 653 
646: 532 551 592 1265 
647: 458 1597 
648: 644 650 
649: 911 1095 
650: 648 654 
651: 547 1386 
652: 360 1428 
653: 324 376 524 645 
654: 419 650 655 1580 
655: 654 662 
656: 509 670 754 
657: 919 1186 1753 
658: 68 291 1043 
659: 862 1766 
660: 1377 1405 
661: 54 855 
662: 655 663 
663: 491 662 667 
664: 71 731 
665: 187 220 231 421 
666: 140 158 1091 1324 
667: 663 668 
668: 667 669 
669: 668 673 
670: 563 656 1698 
671: 137 343 1433 
672: 914 1074 
673: 669 675 
674: 825 1163 1858 
675: 673 677 
676: 292 324 
677: 675 680 
678: 798 1420 1690 
679: 710 1515 
680: 677 682 
681: 1762 1849 
682: 680 683 
683: 682 684 
684: 683 685 
685: 684 686 
686: 685 689 
687: 1489 1621 1831 
688: 357 1324 
689: 686 690 1781 
690: 689 692 
691: 886 1076 1398 
692: 690 693 
693: 692 694 
694: 693 695 
695: 694 696 1046 
696: 695 698 
697: 18 1076 1858 1941 
698: 696 700 
699: 453 582 1279 
700: 698 701 
701: 700 703 
702: 1755 1883 1999 
703: 701 705 
704: 220 225 403 1271 
705: 703 706 
706: 705 708 
707: 792 1581 1753 
708: 706 712 
709: 1414 1695 1881 
710: 141 293 679 
711: 175 833 
712: 708 715 
713: 638 1879 
714: 430 526 1983 
715: 712 716 
716: 715 718 
717: 67 790 1122 
718: 716 719 
719: 718 721 
720: 985 1349 
721: 719 723 
722: 955 1712 
723: 721 724 
724: 723 725 1305 
725: 724 726 
726: 725 728 
727: 573 1230 
728: 726 729 
729: 728 732 
730: 169 1413 
731: 664 965 
732: 729 733 
733: 732 734 
734: 733 738 1501 
735: 1481 1890 1916 
736: 14 1803 
737: 22 403 792 1251 
738: 734 739 
739: 738 741 
740: 1559 1635 
741: 739 742 
742: 741 748 
743: 117 1763 
744: 22 191 1377 
745: 292 763 1367 
746: 764 1318 1427 
747: 621 1148 1853 
748: 742 749 
749: 748 751 
750: 983 1339 1844 
751: 749 755 
752: 356 790 1205 
753: 826 1306 1380 
754: 32 656 1162 
755: 751 756 
756: 755 759 
757: 401 975 
758: 858 1626 1727 
759: 756 765 
760: 1950 1969 
761: 637 912 
762: 22 884 924 1269 1879 
763: 745 1124 
764: 746 1458 1526 
765: 759 766 
766: 765 767 
767: 766 769 
768: 202 351 1115 1710 
769: 767 770 
770: 769 772 1993 
771: 557 1145 1910 
772: 770 773 
773: 772 775 
774: 1162 1411 1608 
775: 773 776 
776: 775 778 
777: 357 891 1945 
778: 776 780 
779: 971 1107 
780: 778 781 
781: 780 782 
782: 781 783 
783: 782 784 
784: 783 786 
785: 324 1306 1319 1906 
786: 236 784 788 
787: 803 1490 
788: 786 791 
789: 182 1695 
790: 717 752 1346 1805 1861 
791: 788 793 
792: 567 707 737 1797 
793: 791 795 
794: 912 1818 1984 
795: 793 796 
796: 795 797 
797: 796 799 
798: 316 678 931 1038 1808 
799: 797 801 
800: 358 529 623 828 1915 
801: 799 802 
802: 801 804 
803: 787 1351 1618 
804: 802 806 
805: 409 1754 
806: 804 807 
807: 806 808 
808: 807 810 
809: 1669 1924 
810: 808 813 
811: 1298 1570 
812: 429 1675 
813: 810 814 
814: 813 816 
815: 357 551 
816: 274 814 817 
817: 816 818 
818: 817 820 
819: 1167 1634 
820: 818 821 
821: 820 834 
822: 341 1449 
823: 233 356 1503 
824: 1028 1623 1746 
825: 635 674 
826: 642 753 
827: 1092 1435 1659 1924 
828: 68 800 1257 
829: 1327 1875 
830: 955 1249 1348 
831: 303 566 1018 
832: 1393 1395 1975 
833: 711 1640 
834: 821 837 
835: 234 549 1492 1841 
836: 898 1769 1788 
837: 834 838 
838: 837 841 
839: 104 996 1086 
840: 183 1194 
841: 838 842 
842: 841 844 
843: 39 466 1677 
844: 842 845 
845: 844 846 
846: 845 848 
847: 454 1492 1618 
848: 846 851 
849: 230 390 477 1695 1761 
850: 345 1434 
851: 848 856 
852: 1001 1606 1757 
853: 893 1015 1692 
854: 460 1933 1954 
855: 293 661 1204 1831 1983 
856: 851 860 
857: 454 1817 
858: 758 1933 
859: 3 1261 
860: 856 865 
861: 484 522 
862: 385 659 
863: 18 69 291 985 1432 
864: 347 1407 
865: 860 868 
866: 462 1238 1390 
867: 333 522 1677 1759 
868: 865 871 
869: 245 455 484 
870: 557 1150 1655 1705 
871: 868 879 
872: 585 629 1488 
873: 1811 1913 
874: 263 1002 
875: 1224 1375 
876: 256 1539 
877: 510 1463 
878: 1483 1705 1786 
879: 871 880 
880: 879 881 
881: 880 883 
882: 1146 1824 1851 1953 
883: 881 887 
884: 131 762 913 
885: 54 549 1187 1316 1411 
886: 691 1628 1870 
887: 883 889 
888: 616 1646 1906 
889: 887 892 
890: 66 1448 
891: 313 777 
892: 889 897 
893: 853 1373 1479 
894: 579 640 
895: 1167 1182 
896: 170 351 1791 
897: 892 899 
898: 836 1822 1994 
899: 897 901 
900: 186 276 1503 1754 
901: 899 902 
902: 901 904 
903: 155 157 314 1566 1587 
904: 902 905 
905: 904 906 
906: 905 907 
907: 906 910 
908: 570 1598 
909: 352 419 629 1571 1752 
910: 907 916 
911: 649 1052 1182 1558 
912: 761 794 1972 
913: 422 562 884 
914: 672 979 1886 
915: 1297 1915 
916: 910 921 
917: 303 1104 
918: 466 472 
919: 323 657 1957 
920: 24 1934 
921: 916 922 
922: 921 923 
923: 922 924 
924: 762 923 926 
925: 1206 1568 
926: 924 928 
927: 312 993 
928: 926 929 
929: 928 930 
930: 929 932 
931: 798 1068 1177 1536 1869 
932: 930 933 
933: 932 937 
934: 491 1104 
935: 293 1128 
936: 274 487 
937: 933 938 
938: 937 939 
939: 938 940 
940: 939 941 
941: 940 942 
942: 941 945 
943: 367 1565 1767 
944: 523 1949 
945: 942 946 
946: 945 947 
947: 946 948 
948: 947 951 
949: 429 1571 
950: 1059 1086 1655 
951: 948 952 
952: 550 951 956 
953: 1198 1679 
954: 1591 1874 
955: 722 830 
956: 952 957 
957: 956 959 
958: 1361 1985 
959: 957 961 
960: 524 600 1547 1626 
961: 959 962 
962: 961 963 
963: 962 967 
964: 279 983 1328 1572 1574 
965: 182 731 
966: 1540 1591 1769 
967: 963 969 
968: 178 206 339 1205 1249 
969: 967 970 
970: 969 973 
971: 340 779 
972: 232 1011 
973: 970 974 
974: 973 977 
975: 757 1206 1438 1663 1676 
976: 222 1151 1804 
977: 974 978 
978: 977 980 
979: 314 914 
980: 978 984 
981: 43 297 
982: 634 1666 
983: 750 964 1479 
984: 980 986 
985: 720 863 1470 
986: 984 987 
987: 986 989 
988: 392 1470 1771 
989: 987 994 
990: 73 1960 
991: 202 1179 1698 
992: 3 1959 
993: 509 927 1927 
994: 989 997 
995: 575 1231 1355 
996: 550 839 1204 
997: 994 998 
998: 997 999 
999: 998 1000 
1000: 999 1003 
1001: 189 852 
1002: 519 874 
1003: 1000 1004 
1004: 1003 1006 
1005: 438 630 
1006: 1004 1012 
1007: 1157 1500 
1008: 247 1327 1407 
1009: 1289 1606 
1010: 1228 1458 1520 
1011: 177 972 1351 
1012: 1006 1013 
1013: 1012 1016 
1014: 16 1788 
1015: 146 393 853 1447 
1016: 1013 1017 
1017: 1016 1019 
1018: 831 1436 1660 1812 
1019: 1017 1021 
1020: 108 245 1444 
1021: 1019 1022 
1022: 1021 1023 
1023: 1022 1026 
1024: 231 570 1836 
1025: 186 1265 
1026: 1023 1030 1438 
1027: 1045 1597 
1028: 92 111 824 
1029: 137 209 308 380 
1030: 1026 1033 
1031: 102 1052 1701 
1032: 20 509 1835 
1033: 1030 1035 
1034: 165 1142 1305 
1035: 1033 1036 
1036: 1035 1037 
1037: 1036 1039 
1038: 228 798 1874 
1039: 1037 1041 
1040: 1412 1551 
1041: 1039 1042 
1042: 1041 1048 
1043: 658 1577 
1044: 187 1324 1884 
1045: 240 1027 
1046: 695 1526 1569 1691 
1047: 1234 1361 1616 1802 
1048: 1042 1049 
1049: 1048 1051 1604 
1050: 1817 1905 
1051: 1049 1053 
1052: 911 1031 
1053: 1051 1054 
1054: 1053 1055 
1055: 1054 1057 
1056: 1290 1367 1642 
1057: 1055 1058 
1058: 1057 1060 
1059: 283 950 
1060: 1058 1061 
1061: 1060 1063 1167 
1062: 1123 1886 
1063: 1061 1064 
1064: 1063 1065 
1065: 1064 1067 
1066: 1438 1689 1714 
1067: 1065 1071 
1068: 931 1852 
1069: 25 1975 
1070: 53 1266 1416 1676 
1071: 1067 1072 
1072: 1071 1073 
1073: 1072 1075 
1074: 95 672 1091 
1075: 1073 1078 
1076: 691 697 1358 
1077: 277 1436 1941 
1078: 1075 1079 
1079: 1078 1080 
1080: 1079 1081 
1081: 1080 1082 
1082: 1081 1084 
1083: 405 1763 
1084: 1082 1085 
1085: 1084 1087 
1086: 525 839 950 1985 
1087: 1085 1088 
1088: 1087 1089 
1089: 1088 1090 
1090: 1089 1093 
1091: 176 666 1074 1641 
1092: 414 827 
1093: 1090 1094 
1094: 1093 1096 
1095: 138 649 
1096: 1094 1097 
1097: 1096 1098 
1098: 1097 1101 
1099: 169 367 
1100: 387 1987 
1101: 1098 1103 
1102: 1212 1822 
1103: 1101 1105 
1104: 917 934 1768 
1105: 1103 1110 
1106: 430 1135 
1107: 779 1242 
1108: 1195 1518 1528 
1109: 407 1340 1628 1769 
1110: 1105 1113 
1111: 107 1356 
1112: 1339 1825 
1113: 1110 1116 
1114: 1720 1886 
1115: 303 407 768 1398 
1116: 1113 1117 
1117: 1116 1118 
1118: 1117 1119 
1119: 1118 1120 
1120: 1119 1121 
1121: 1120 1125 
1122: 9 354 717 1327 
1123: 1062 1306 1340 
1124: 36 763 
1125: 1121 1127 
1126: 178 1554 1835 
1127: 1125 1130 
1128: 566 935 1839 
1129: 2 316 1328 1391 1659 
1130: 1127 1132 
1131: 1154 1243 
1132: 1130 1134 
1133: 265 1148 1150 
1134: 1132 1136 
1135: 411 1106 1356 1493 1512 
1136: 1134 1138 
1137: 1400 1986 
1138: 1136 1140 
1139: 1286 1358 1449 1768 
1140: 1138 1141 
1141: 1140 1144 
1142: 301 1034 
1143: 1243 1330 1683 
1144: 1141 1152 
1145: 771 1569 1615 
1146: 276 356 432 882 
1147: 1560 1914 
1148: 236 747 1133 
1149: 406 1435 
1150: 870 1133 
1151: 352 976 
1152: 1144 1153 
1153: 1152 1155 
1154: 423 1131 1743 1896 
1155: 1153 1156 
1156: 1155 1159 
1157: 90 592 1007 1762 
1158: 1465 1671 
1159: 1156 1161 
1160: 1319 1819 
1161: 1159 1164 
1162: 754 774 1732 
1163: 0 292 674 1485 
1164: 1161 1165 
1165: 1164 1166 
1166: 1165 1169 
1167: 819 895 1061 
1168: 191 1214 1780 
1169: 1166 1172 
1170: 9 294 1257 1964 
1171: 289 1603 
1172: 1169 1173 
1173: 1172 1176 
1174: 154 236 1699 
1175: 363 1626 
1176: 1173 1180 
1177: 931 1337 1936 
1178: 66 93 1373 
1179: 991 1856 
1180: 1176 1181 
1181: 1180 1183 
1182: 17 895 911 1765 
1183: 1181 1184 
1184: 1183 1185 
1185: 1184 1191 
1186: 72 357 657 1816 
1187: 885 1300 
1188: 178 1797 
1189: 321 1416 1515 1598 
1190: 1349 1447 1748 
1191: 1185 1192 
1192: 1191 1193 
1193: 1192 1197 
1194: 840 1968 
1195: 1108 1230 
1196: 472 1206 1453 1637 1818 
1197: 1193 1200 
1198: 953 1441 
1199: 550 1905 
1200: 1197 1202 
1201: 355 579 1671 
1202: 1200 1203 
1203: 1202 1207 
1204: 378 855 996 1552 
1205: 409 752 968 1551 
1206: 925 975 1196 1572 
1207: 1203 1208 
1208: 1207 1210 
1209: 39 1380 1545 
1210: 1208 1211 
1211: 1210 1214 
1212: 270 1102 
1213: 95 1405 1711 
1214: 1168 1211 1218 
1215: 500 1890 
1216: 23 91 
1217: 421 1636 
1218: 1214 1219 
1219: 1218 1220 
1220: 1219 1222 
1221: 1328 1329 
1222: 1220 1223 
1223: 1222 1226 
1224: 875 1352 1579 
1225: 1445 1560 1710 
1226: 1223 1227 
1227: 1226 1229 
1228: 355 358 1010 1352 
1229: 1227 1232 
1230: 611 727 1195 
1231: 14 995 1608 
1232: 1229 1235 
1233: 205 1358 1642 
1234: 35 1047 
1235: 1232 1236 
1236: 1235 1237 
1237: 1236 1239 
1238: 866 1702 1768 1807 
1239: 1237 1240 
1240: 1239 1241 
1241: 1240 1245 
1242: 144 1107 
1243: 1131 1143 
1244: 409 1322 
1245: 1241 1246 
1246: 1245 1247 
1247: 1246 1248 
1248: 1247 1250 
1249: 830 968 1623 
1250: 1248 1252 
1251: 460 737 
1252: 1250 1253 
1253: 1252 1254 
1254: 1253 1255 
1255: 1254 1256 
1256: 1255 1259 
1257: 537 828 1170 1904 
1258: 387 1279 
1259: 1256 1262 
1260: 139 1475 
1261: 859 1469 1895 
1262: 1259 1263 
1263: 1262 1264 
1264: 1263 1267 
1265: 646 1025 
1266: 266 1070 
1267: 1264 1268 
1268: 1267 1269 
1269: 762 1268 1270 
1270: 1269 1273 
1271: 704 1330 1447 
1272: 79 1869 1930 
1273: 1270 1274 
1274: 1273 1275 
1275: 1274 1276 
1276: 1275 1277 
1277: 1276 1278 
1278: 1277 1280 
1279: 699 1258 
1280: 1278 1282 
1281: 67 264 535 
1282: 1280 1284 
1283: 118 494 1799 
1284: 1282 1287 
1285: 89 390 419 1683 
1286: 634 1139 1300 1414 
1287: 1284 1288 
1288: 1287 1292 
1289: 414 503 1009 
1290: 333 1056 
1291: 588 1630 
1292: 1288 1293 
1293: 1292 1295 
1294: 566 1781 
1295: 1293 1296 
1296: 1295 1301 
1297: 110 915 
1298: 24 811 
1299: 283 1547 1964 
1300: 1187 1286 1936 
1301: 1296 1304 
1302: 343 1316 1355 1574 
1303: 176 1581 1741 1820 1983 
1304: 1301 1307 
1305: 153 308 724 1034 
1306: 753 785 1123 1617 1972 
1307: 1304 1309 
1308: 212 604 
1309: 1307 1310 
1310: 1309 1311 
1311: 1310 1312 
1312: 1311 1313 
1313: 1312 1317 
1314: 365 1993 
1315: 611 1425 1960 
1316: 885 1302 1666 1841 
1317: 1313 1318 
1318: 746 1317 1320 
1319: 2 785 1160 1398 
1320: 1318 1321 
1321: 1320 1323 
1322: 289 1244 1934 
1323: 1321 1325 
1324: 666 688 1044 
1325: 1323 1326 
1326: 1325 1331 1957 
1327: 829 1008 1122 1449 
1328: 964 1129 1221 1665 1951 
1329: 1221 1461 1559 
1330: 1143 1271 1560 1661 
1331: 1326 1332 
1332: 1331 1334 
1333: 299 389 390 1580 
1334: 1332 1338 1710 
1335: 627 1617 1985 
1336: 1513 1848 1910 
1337: 373 1177 
1338: 1334 1341 
1339: 750 1112 1489 
1340: 1109 1123 1820 1861 
1341: 1338 1342 
1342: 1341 1343 
1343: 1342 1344 
1344: 1343 1347 
1345: 17 1655 
1346: 14 341 790 
1347: 1344 1354 
1348: 107 183 830 
1349: 720 1190 1677 
1350: 322 1765 
1351: 611 803 1011 
1352: 23 175 1224 1228 
1353: 248 1908 
1354: 1347 1359 
1355: 995 1302 1598 1807 1894 
1356: 1111 1135 
1357: 465 1612 
1358: 110 630 1076 1139 1233 
1359: 1354 1360 
1360: 1359 1362 
1361: 81 958 1047 1786 
1362: 1360 1363 
1363: 1362 1364 
1364: 1363 1365 
1365: 1364 1366 
1366: 1365 1368 
1367: 745 1056 1592 1956 
1368: 1366 1369 
1369: 1368 1370 
1370: 1369 1371 
1371: 1370 1372 
1372: 1371 1374 1974 
1373: 893 1178 
1374: 1372 1376 
1375: 875 1844 
1376: 1374 1378 
1377: 660 744 1433 1781 
1378: 1376 1379 
1379: 1378 1382 
1380: 363 753 1209 1532 
1381: 79 80 
1382: 1379 1383 
1383: 1382 1384 1975 
1384: 1383 1385 
1385: 1384 1387 
1386: 303 322 651 1435 1896 
1387: 1385 1388 
1388: 1387 1389 
1389: 1388 1392 
1390: 866 1602 
1391: 1129 1438 1995 
1392: 1389 1394 
1393: 206 458 832 1698 
1394: 1392 1396 
1395: 832 1445 1626 
1396: 1394 1399 
1397: 204 300 
1398: 430 691 1115 1319 
1399: 1396 1401 
1400: 35 1137 
1401: 1399 1402 
1402: 1401 1404 
1403: 165 1490 1836 1986 
1404: 1402 1406 
1405: 660 1213 
1406: 1404 1408 
1407: 20 864 1008 
1408: 1406 1410 
1409: 294 526 623 
1410: 1408 1415 
1411: 774 885 1820 
1412: 1040 1495 
1413: 347 730 
1414: 709 1286 1964 
1415: 1410 1417 
1416: 438 1070 1189 1698 1955 
1417: 1415 1419 
1418: 78 1646 
1419: 1417 1421 
1420: 67 441 678 1591 
1421: 1419 1422 
1422: 1421 1423 
1423: 1422 1424 
1424: 1423 1426 
1425: 1315 1780 
1426: 1424 1429 
1427: 198 746 1886 
1428: 467 652 1644 
1429: 1426 1430 
1430: 1429 1431 
1431: 1430 1437 
1432: 863 1851 
1433: 671 1377 1752 1824 
1434: 22 850 1964 1974 
1435: 37 827 1149 1386 1442 
1436: 372 1018 1077 1841 
1437: 1431 1439 
1438: 499 975 1026 1066 1391 
1439: 1437 1440 
1440: 1439 1450 
1441: 565 621 1198 
1442: 604 1435 1953 
1443: 171 1754 
1444: 1020 1811 1927 
1445: 238 1225 1395 
1446: 498 1754 1951 
1447: 1015 1190 1271 
1448: 36 276 570 890 
1449: 169 822 1139 1327 1578 
1450: 1440 1451 
1451: 1450 1452 
1452: 1451 1454 
1453: 549 1196 1890 
1454: 1452 1455 
1455: 1454 1456 
1456: 1455 1457 
1457: 1456 1459 
1458: 230 764 1010 
1459: 1457 1460 
1460: 1459 1464 
1461: 498 1329 1602 1883 
1462: 1664 1692 
1463: 877 1581 1786 
1464: 1460 1466 
1465: 1158 1894 
1466: 1464 1467 
1467: 1466 1468 
1468: 1467 1471 
1469: 562 1261 
1470: 985 988 1551 1843 
1471: 1468 1472 
1472: 1471 1473 
1473: 1472 1474 
1474: 1473 1476 
1475: 1260 1578 
1476: 1474 1480 
1477: 1773 1816 
1478: 1837 1951 
1479: 264 893 983 1701 1972 
1480: 1476 1484 
1481: 735 1565 1783 1822 
1482: 232 1655 1839 
1483: 432 878 
1484: 1480 1486 
1485: 12 340 1163 
1486: 1484 1487 
1487: 1486 1494 
1488: 372 872 
1489: 687 1339 
1490: 787 1403 1691 
1491: 66 104 592 1540 
1492: 90 522 835 847 1520 
1493: 547 600 1135 1836 
1494: 1487 1496 
1495: 1412 1745 
1496: 1494 1497 
1497: 1496 1498 
1498: 1497 1499 
1499: 1498 1502 
1500: 427 1007 
1501: 61 734 1978 
1502: 1499 1504 
1503: 170 823 900 
1504: 1502 1505 
1505: 1504 1506 
1506: 1505 1507 
1507: 1506 1508 
1508: 1507 1509 
1509: 1508 1510 
1510: 1509 1511 
1511: 1510 1514 
1512: 132 1135 1579 
1513: 380 452 1336 1938 
1514: 1511 1516 
1515: 679 1189 
1516: 1514 1521 
1517: 95 332 
1518: 500 1108 1998 
1519: 211 540 
1520: 165 1010 1492 1786 1822 
1521: 1516 1522 
1522: 1521 1523 
1523: 1522 1524 
1524: 1523 1525 
1525: 1524 1527 
1526: 764 1046 
1527: 1525 1529 
1528: 1108 1898 
1529: 1527 1531 
1530: 345 510 
1531: 1529 1533 
1532: 205 1380 1698 
1533: 1531 1534 
1534: 1533 1535 
1535: 1534 1536 
1536: 931 1535 1537 
1537: 1536 1538 
1538: 1537 1541 
1539: 363 876 1672 
1540: 71 380 966 1491 
1541: 1538 1542 
1542: 1541 1543 
1543: 1542 1546 
1544: 1753 1770 
1545: 267 1209 
1546: 1543 1548 
1547: 570 960 1299 
1548: 1546 1549 
1549: 1548 1553 
1550: 248 1556 
1551: 1040 1205 1470 1556 
1552: 1204 1571 1752 
1553: 1549 1555 
1554: 230 390 1126 1826 1954 
1555: 1553 1557 
1556: 401 1550 1551 1987 
1557: 1555 1561 
1558: 911 1661 1884 
1559: 494 740 1329 
1560: 1147 1225 1330 
1561: 1557 1562 
1562: 1561 1564 
1563: 332 565 
1564: 1562 1567 
1565: 943 1481 1714 
1566: 266 903 1950 
1567: 1564 1573 
1568: 230 622 925 1793 
1569: 630 1046 1145 
1570: 110 139 811 
1571: 466 909 949 1552 
1572: 506 964 1206 1606 1640 
1573: 1567 1575 
1574: 436 964 1302 1812 
1575: 1573 1576 
1576: 1575 1582 
1577: 414 1043 1741 
1578: 1449 1475 
1579: 335 1224 1512 
1580: 52 623 654 1333 
1581: 707 1303 1463 
1582: 1576 1584 
1583: 542 1987 
1584: 1582 1585 
1585: 1584 1586 
1586: 1585 1588 
1587: 537 903 
1588: 1586 1589 
1589: 1588 1590 
1590: 1589 1594 
1591: 954 966 1420 
1592: 575 604 1367 
1593: 39 122 220 
1594: 1590 1595 
1595: 1594 1596 
1596: 1595 1599 
1597: 557 647 1027 
1598: 493 908 1189 1355 1934 
1599: 1596 1600 
1600: 1599 1601 
1601: 1600 1605 
1602: 1390 1461 1957 
1603: 105 1171 1905 
1604: 209 1049 1989 
1605: 1601 1607 
1606: 24 293 852 1009 1572 
1607: 1605 1611 
1608: 774 1231 
1609: 228 378 1617 
1610: 1699 1766 
1611: 1607 1613 
1612: 229 1357 
1613: 1611 1614 
1614: 1613 1619 
1615: 218 1145 
1616: 1047 1757 
1617: 149 543 1306 1335 1609 
1618: 803 847 
1619: 1614 1620 
1620: 1619 1622 
1621: 687 1793 
1622: 1620 1624 
1623: 18 345 597 824 1249 
1624: 1622 1625 1705 
1625: 1624 1627 
1626: 758 960 1175 1395 1933 
1627: 1625 1629 
1628: 886 1109 1837 
1629: 1627 1631 
1630: 1291 1901 
1631: 1629 1632 
1632: 1631 1638 
1633: 405 1670 
1634: 117 270 819 
1635: 582 740 
1636: 245 1217 1813 
1637: 453 1196 1953 
1638: 1632 1643 
1639: 1671 1683 
1640: 73 452 833 1572 1894 
1641: 1091 1978 
1642: 89 1056 1233 
1643: 1638 1645 
1644: 1428 1672 1895 
1645: 1643 1647 
1646: 70 888 1418 
1647: 1645 1648 
1648: 1647 1649 
1649: 1648 1650 
1650: 1649 1651 
1651: 1650 1652 
1652: 1651 1653 
1653: 1652 1654 
1654: 1653 1656 
1655: 870 950 1345 1482 
1656: 1654 1657 
1657: 1656 1662 
1658: 135 479 
1659: 573 827 1129 
1660: 1018 1937 
1661: 407 1330 1558 1913 
1662: 1657 1667 
1663: 102 975 
1664: 195 1462 1959 
1665: 72 236 1328 
1666: 982 1316 
1667: 1662 1668 
1668: 1667 1673 
1669: 809 1690 1915 
1670: 634 1633 
1671: 1158 1201 1639 
1672: 1539 1644 1890 1949 
1673: 1668 1674 
1674: 1673 1678 
1675: 611 812 
1676: 69 575 975 1070 
1677: 843 867 1349 
1678: 1674 1680 
1679: 953 1768 
1680: 1678 1681 
1681: 1680 1684 
1682: 189 583 
1683: 1143 1285 1639 
1684: 1681 1685 
1685: 1684 1686 
1686: 1685 1687 
1687: 1686 1688 
1688: 1687 1693 
1689: 277 1066 
1690: 139 678 1669 
1691: 623 1046 1490 
1692: 88 853 1462 1959 
1693: 1688 1694 
1694: 1693 1696 
1695: 709 789 849 1884 
1696: 1694 1697 
1697: 1696 1700 
1698: 670 991 1393 1416 1532 
1699: 600 1174 1610 1856 
1700: 1697 1703 
1701: 1031 1479 1771 
1702: 4 184 1238 
1703: 1700 1704 
1704: 1703 1707 
1705: 543 870 878 1624 
1706: 92 175 1813 
1707: 1704 1709 
1708: 157 1852 
1709: 1707 1713 
1710: 92 768 1225 1334 
1711: 204 1213 
1712: 89 722 
1713: 1709 1715 
1714: 155 1066 1565 
1715: 1713 1716 
1716: 1715 1717 
1717: 1716 1718 
1718: 1717 1721 
1719: 270 423 1884 
1720: 171 1114 1941 
1721: 1718 1722 
1722: 1721 1723 
1723: 1722 1724 
1724: 1723 1725 
1725: 1724 1726 
1726: 1725 1728 
1727: 278 758 1839 
1728: 1726 1729 
1729: 1728 1731 
1730: 84 1946 1968 
1731: 1729 1733 
1732: 407 1162 
1733: 1731 1734 
1734: 1733 1736 
1735: 53 207 604 
1736: 1734 1737 
1737: 1736 1738 
1738: 1737 1739 
1739: 1738 1740 
1740: 1739 1742 
1741: 529 1303 1577 
1742: 1740 1744 
1743: 241 1154 
1744: 1742 1747 
1745: 427 1495 1980 
1746: 455 824 
1747: 66 1744 1749 
1748: 623 1190 1936 
1749: 1747 1750 
1750: 1749 1751 
1751: 1750 1756 
1752: 909 1433 1552 1916 
1753: 657 707 1544 
1754: 805 900 1443 1446 
1755: 118 702 1927 
1756: 1751 1758 
1757: 53 299 493 852 1616 
1758: 1756 1760 
1759: 493 867 
1760: 1758 1764 
1761: 78 318 515 849 
1762: 234 681 1157 
1763: 743 1083 
1764: 1760 1772 
1765: 358 1182 1350 
1766: 232 659 1610 
1767: 322 497 943 
1768: 1104 1139 1238 1679 1998 
1769: 836 966 1109 
1770: 393 529 1544 
1771: 381 988 1701 
1772: 1764 1774 
1773: 306 1477 
1774: 1772 1775 
1775: 1774 1776 
1776: 1775 1777 
1777: 1776 1778 
1778: 219 1777 1782 
1779: 184 504 
1780: 1168 1425 
1781: 606 689 1294 1377 
1782: 1778 1784 
1783: 1481 1900 
1784: 1782 1785 
1785: 1784 1787 
1786: 878 1361 1463 1520 
1787: 1785 1789 
1788: 36 836 1014 
1789: 1787 1790 
1790: 1789 1795 
1791: 198 617 896 
1792: 158 490 
1793: 380 1568 1621 
1794: 420 553 
1795: 1790 1796 
1796: 1795 1801 
1797: 792 1188 
1798: 105 504 1819 
1799: 318 1283 
1800: 225 1938 
1801: 1796 1809 
1802: 152 1047 
1803: 241 736 1955 
1804: 122 976 
1805: 290 637 790 
1806: 134 1848 
1807: 1238 1355 1993 
1808: 80 798 
1809: 1801 1810 
1810: 1809 1814 
1811: 873 1444 
1812: 254 1018 1574 
1813: 105 1636 1706 
1814: 1810 1815 
1815: 1814 1823 
1816: 1186 1477 
1817: 857 1050 
1818: 512 794 1196 
1819: 1160 1798 
1820: 20 141 1303 1340 1411 
1821: 16 206 
1822: 219 898 1102 1481 1520 
1823: 1815 1827 
1824: 404 642 882 1433 
1825: 176 258 1112 
1826: 608 1554 
1827: 1823 1828 
1828: 1827 1829 
1829: 1828 1830 
1830: 1829 1832 
1831: 444 565 687 855 
1832: 1830 1833 
1833: 1832 1834 
1834: 1833 1840 
1835: 1032 1126 
1836: 207 1024 1403 1493 
1837: 1478 1628 1989 
1838: 423 534 573 
1839: 1128 1482 1727 
1840: 1834 1842 
1841: 238 519 835 1316 1436 
1842: 1840 1845 
1843: 265 1470 
1844: 86 750 1375 
1845: 1842 1846 
1846: 1845 1847 
1847: 1846 1850 
1848: 1336 1806 
1849: 681 1995 
1850: 1847 1854 
1851: 882 1432 
1852: 1068 1708 
1853: 322 355 747 
1854: 1850 1855 
1855: 1854 1857 
1856: 1179 1699 
1857: 1855 1859 
1858: 293 674 697 
1859: 1857 1860 
1860: 1859 1862 
1861: 790 1340 
1862: 1860 1864 
1863: 138 356 592 616 
1864: 1862 1865 
1865: 1864 1866 
1866: 1865 1867 
1867: 1866 1868 
1868: 1867 1871 
1869: 931 1272 
1870: 635 886 
1871: 1868 1872 
1872: 1871 1873 
1873: 1872 1876 
1874: 954 1038 
1875: 17 642 829 1905 1937 
1876: 1873 1877 
1877: 1876 1878 
1878: 1877 1880 
1879: 267 318 713 762 
1880: 1878 1882 
1881: 323 709 1967 
1882: 1880 1885 
1883: 131 702 1461 
1884: 1044 1558 1695 1719 
1885: 1882 1887 
1886: 914 1062 1114 1427 
1887: 1885 1888 
1888: 1887 1889 
1889: 1888 1892 
1890: 465 735 1215 1453 1672 
1891: 25 387 1989 
1892: 1889 1893 
1893: 1892 1897 
1894: 468 1355 1465 1640 
1895: 90 240 1261 1644 
1896: 274 1154 1386 
1897: 1893 1899 
1898: 82 571 1528 
1899: 1897 1902 
1900: 343 1783 
1901: 411 441 1630 
1902: 1899 1903 
1903: 1902 1907 
1904: 373 404 575 1257 
1905: 1050 1199 1603 1875 
1906: 519 785 888 
1907: 1903 1911 
1908: 1353 1969 
1909: 497 1954 
1910: 771 1336 
1911: 1907 1912 
1912: 1911 1917 
1913: 590 873 1661 
1914: 155 1147 
1915: 487 800 915 1669 
1916: 414 735 1752 
1917: 1912 1918 
1918: 1917 1919 
1919: 1918 1920 
1920: 1919 1921 
1921: 1920 1922 
1922: 1921 1923 
1923: 1922 1925 
1924: 587 809 827 
1925: 1923 1926 
1926: 1925 1928 
1927: 993 1444 1755 
1928: 1926 1929 
1929: 1928 1930 
1930: 1272 1929 1931 
1931: 1930 1932 
1932: 1931 1935 
1933: 854 858 1626 
1934: 920 1322 1598 
1935: 1932 1939 
1936: 54 1177 1300 1748 
1937: 178 1660 1875 
1938: 1513 1800 
1939: 1935 1940 
1940: 1939 1943 
1941: 455 638 697 1077 1720 
1942: 301 462 
1943: 1940 1944 
1944: 1943 1947 
1945: 386 777 
1946: 600 1730 
1947: 1944 1948 
1948: 111 1947 1952 
1949: 944 1672 
1950: 760 1566 
1951: 1328 1446 1478 
1952: 1948 1958 
1953: 78 169 882 1442 1637 
1954: 477 854 1554 1909 
1955: 490 553 1416 1803 
1956: 127 465 1367 
1957: 919 1326 1602 
1958: 1952 1961 
1959: 992 1664 1692 
1960: 990 1315 
1961: 1958 1962 
1962: 1961 1963 
1963: 1962 1965 
1964: 69 1170 1299 1414 1434 
1965: 1963 1966 
1966: 1965 1971 
1967: 522 543 1881 
1968: 419 1194 1730 
1969: 760 1908 
1970: 73 221 
1971: 1966 1973 
1972: 912 1306 1479 
1973: 1971 1976 
1974: 209 254 1372 1434 
1975: 832 1069 1383 
1976: 1973 1977 
1977: 1976 1979 
1978: 1501 1641 
1979: 1977 1981 
1980: 321 1745 
1981: 1979 1982 
1982: 1981 1984 
1983: 499 714 855 1303 
1984: 794 1982 1988 
1985: 958 1086 1335 
1986: 409 1137 1403 
1987: 1100 1556 1583 
1988: 1984 1990 
1989: 1604 1837 1891 
1990: 1988 1991 
1991: 1990 1992 
1992: 1991 1996 
1993: 770 1314 1807 
1994: 313 898 
1995: 1391 1849 
1996: 1992 1997 
1997: 1996 1999 
1998: 467 1518 1768 
1999: 702 1997 
44