0: 1 
1: 0 5 
2: 10 1361 1783 
3: 334 810 
4: 113 128 942 
5: 1 7 1537 
6: 285 1104 
7: 5 9 
8: 426 797 1111 
9: 7 16 
10: 2 98 1363 
11: 906 1743 
12: 598 1877 1975 
13: 289 403 
14: 333 1370 
15: 215 1150 
16: 9 18 
17: 1070 1116 1291 1778 
18: 16 19 
19: 18 20 
20: 19 21 
21: 20 22 
22: 21 23 
23: 22 25 
24: 437 548 
25: 23 29 
26: 308 842 1841 
27: 76 1760 
28: 217 565 701 1957 
29: 25 33 
30: 578 1974 
31: 543 1449 
32: 984 1832 
33: 29 35 
34: 143 455 1715 
35: 33 39 
36: 219 1854 1936 
37: 981 1631 1760 
38: 1598 1613 
39: 35 43 
40: 980 1504 1961 
41: 290 469 614 1339 
42: 93 758 1206 1235 1802 
43: 39 44 
44: 43 50 908 
45: 1086 1303 
46: 136 276 953 1475 1926 
47: 171 1075 1194 1503 
48: 455 912 1727 
49: 567 1087 
50: 44 52 
51: 206 680 1166 
52: 50 54 
53: 744 892 1622 
54: 52 55 
55: 54 57 
56: 588 634 
57: 55 58 
58: 57 59 
59: 58 60 
60: 59 63 
61: 198 1800 
62: 150 1448 1588 
63: 60 64 
64: 63 65 
65: 64 67 
66: 734 1220 
67: 65 71 
68: 1041 1170 
69: 483 1879 
70: 405 917 1765 
71: 67 72 
72: 71 74 
73: 466 1347 
74: 72 77 
75: 1350 1405 
76: 27 774 
77: 74 78 
78: 77 79 
79: 78 80 
80: 79 82 
81: 134 410 1832 
82: 80 84 
83: 116 1123 
84: 82 89 
85: 392 802 1840 
86: 194 429 511 1625 
87: 244 268 
88: 141 751 1983 
89: 84 91 
90: 771 1154 
91: 89 93 
92: 1432 1680 
93: 42 91 94 
94: 93 95 
95: 94 96 
96: 95 99 
97: 730 1203 1426 
98: 10 1258 1457 
99: 96 100 
100: 99 102 
101: 1405 1454 1970 
102: 100 103 
103: 102 109 
104: 1332 1473 1565 1765 
105: 1143 1300 1873 
106: 633 1511 1952 
107: 1270 1432 
108: 898 1088 
109: 103 111 
110: 296 1239 
111: 109 114 
112: 880 1622 1879 
113: 4 306 
114: 111 118 
115: 797 970 
116: 83 1945 
117: 612 647 1904 
118: 114 119 
119: 118 121 
120: 413 688 1473 
121: 119 126 
122: 620 1958 
123: 816 853 1400 
124: 1572 1836 
125: 604 757 962 
126: 121 133 
127: 567 1298 
128: 4 535 
129: 1827 1980 
130: 1268 1380 
131: 460 695 1516 
132: 372 548 788 912 
133: 126 135 
134: 81 1978 
135: 133 137 
136: 46 219 1766 
137: 135 138 
138: 137 140 
139: 960 1774 
140: 138 142 
141: 88 171 1893 
142: 140 144 
143: 34 501 610 
144: 142 145 
145: 144 146 
146: 145 147 
147: 146 149 
148: 737 806 1743 
149: 147 151 
150: 62 544 
151: 149 156 
152: 1008 1291 
153: 388 1626 
154: 1424 1592 1597 
155: 1460 1978 
156: 151 157 
157: 156 158 
158: 157 159 
159: 158 162 
160: 445 1216 
161: 431 482 626 
162: 159 163 
163: 162 164 
164: 163 167 
165: 697 1869 
166: 1236 1864 
167: 164 168 
168: 167 169 
169: 168 170 
170: 169 173 
171: 47 141 
172: 210 545 1781 
173: 170 174 
174: 173 177 
175: 191 1729 1922 
176: 543 813 
177: 174 181 550 
178: 1332 1800 
179: 563 1914 
180: 214 604 1355 
181: 177 183 
182: 784 842 1114 
183: 181 184 
184: 183 186 
185: 290 1013 
186: 184 187 
187: 186 188 
188: 187 189 
189: 188 190 
190: 189 192 
191: 175 405 411 1013 
192: 190 193 
193: 192 195 
194: 86 756 1419 1806 
195: 193 197 
196: 1104 1559 1805 
197: 195 199 
198: 61 967 
199: 197 201 
200: 707 1746 
201: 199 204 
202: 217 1173 1862 
203: 326 1093 1286 
204: 201 209 
205: 340 1302 1419 
206: 51 602 
207: 224 274 
208: 565 642 770 
209: 204 211 
210: 172 258 825 
211: 209 212 
212: 211 216 
213: 1658 1904 1912 
214: 180 262 
215: 15 842 
216: 212 221 
217: 28 202 859 
218: 226 266 921 
219: 36 136 
220: 446 498 851 887 
221: 216 228 
222: 683 686 
223: 1216 1730 
224: 207 1262 
225: 753 1508 
226: 218 1843 
227: 263 958 
228: 221 231 
229: 279 898 1282 
230: 555 797 809 995 
231: 228 236 
232: 270 509 647 1355 1827 
233: 378 638 
234: 942 1026 
235: 1239 1584 
236: 231 238 
237: 274 296 
238: 236 239 
239: 238 240 
240: 239 245 
241: 892 1779 
242: 407 485 1252 
243: 263 387 1740 
244: 87 256 343 1730 
245: 240 246 460 
246: 245 247 
247: 246 249 
248: 829 1167 1175 1571 
249: 247 251 
250: 468 1634 1705 
251: 249 252 
252: 251 253 
253: 252 255 
254: 1197 1408 1703 
255: 253 257 
256: 244 476 709 1516 1860 
257: 255 259 
258: 210 340 707 1299 
259: 257 261 
260: 925 1811 1829 1851 
261: 259 264 
262: 214 396 563 
263: 227 243 380 1246 1727 
264: 261 265 
265: 264 267 
266: 218 547 
267: 265 272 1259 
268: 87 1091 1231 
269: 922 1035 
270: 232 1677 1717 
271: 316 360 1110 
272: 267 273 
273: 272 277 
274: 207 237 
275: 1140 1926 
276: 46 1896 
277: 273 282 
278: 1102 1382 
279: 229 1636 
280: 1810 1950 
281: 740 765 
282: 277 284 
283: 344 698 
284: 282 286 
285: 6 437 482 1027 1729 
286: 284 287 
287: 286 288 868 
288: 287 291 
289: 13 865 1042 1484 1597 
290: 41 185 1142 
291: 288 293 
292: 801 977 1186 
293: 291 294 
294: 293 295 
295: 294 297 
296: 110 237 
297: 295 299 
298: 1631 1827 
299: 297 300 
300: 299 301 
301: 300 304 
302: 651 1000 1863 
303: 478 1234 
304: 301 305 
305: 304 310 
306: 113 1404 
307: 685 1391 
308: 26 1265 
309: 590 814 924 970 1130 
310: 305 313 
311: 1432 1546 1548 
312: 1448 1503 1956 
313: 310 314 
314: 313 315 
315: 314 317 
316: 271 1005 1828 
317: 315 321 
318: 1247 1535 
319: 360 770 1670 
320: 750 780 1230 
321: 317 322 
322: 321 323 
323: 322 325 
324: 467 927 1525 
325: 323 327 
326: 203 703 1089 
327: 325 328 
328: 327 329 
329: 328 330 
330: 329 335 
331: 862 1133 1545 
332: 523 1612 
333: 14 1168 1342 
334: 3 1199 
335: 330 339 
336: 1160 1548 
337: 1057 1219 
338: 1019 1347 1664 1820 
339: 335 345 
340: 205 258 1392 
341: 1239 1324 1634 1811 
342: 758 810 
343: 244 500 820 1321 1525 
344: 283 1086 1370 
345: 339 348 
346: 852 1062 
347: 1359 1998 
348: 345 351 
349: 1598 1911 
350: 773 914 
351: 348 353 
352: 530 1341 1851 
353: 351 355 
354: 1205 1403 
355: 353 356 
356: 355 357 
357: 356 358 
358: 357 359 
359: 358 362 
360: 271 319 1871 1899 
361: 450 782 1690 
362: 359 363 
363: 362 366 
364: 1046 1475 1868 
365: 844 1476 
366: 363 368 
367: 555 1183 1319 1705 
368: 366 369 
369: 368 370 
370: 369 371 
371: 370 374 
372: 132 1590 
373: 1676 1983 
374: 371 375 
375: 374 377 
376: 404 912 
377: 375 379 
378: 233 1319 
379: 377 381 
380: 263 647 1344 1717 
381: 379 384 
382: 1477 1705 
383: 661 762 1186 1540 
384: 381 385 
385: 384 391 
386: 1304 1305 1664 
387: 243 1300 1657 
388: 153 754 
389: 967 1110 1614 
390: 478 1493 
391: 385 394 
392: 85 1001 1230 1922 
393: 428 1067 
394: 391 395 
395: 394 398 
396: 262 1496 1853 
397: 460 1652 
398: 395 399 
399: 398 402 
400: 502 954 1177 1523 
401: 555 1725 
402: 399 406 
403: 13 1540 
404: 376 652 
405: 70 191 657 731 1566 
406: 402 408 
407: 242 1505 
408: 406 412 
409: 547 919 
410: 81 733 
411: 191 585 
412: 408 414 
413: 120 443 581 1602 
414: 412 415 
415: 414 417 
416: 941 1440 1703 
417: 415 418 
418: 417 419 
419: 418 420 
420: 419 421 
421: 420 422 
422: 421 424 
423: 670 1150 
424: 422 425 
425: 424 430 
426: 8 1119 1320 
427: 689 1891 
428: 393 632 
429: 86 1143 1961 
430: 425 432 
431: 161 590 
432: 430 433 
433: 432 436 
434: 1353 1748 1902 
435: 937 1182 
436: 433 439 
437: 24 285 
438: 1420 1493 1588 
439: 436 441 
440: 523 652 1350 1400 
441: 439 447 
442: 827 1774 1895 
443: 413 1237 1375 
444: 446 634 1843 
445: 160 1357 
446: 220 444 683 1020 
447: 441 448 
448: 447 453 
449: 817 859 1571 
450: 361 1507 
451: 529 913 
452: 862 942 1622 
453: 448 456 
454: 498 934 
455: 34 48 626 
456: 453 458 
457: 532 1928 
458: 456 459 
459: 458 461 
460: 131 245 397 1205 
461: 459 463 
462: 535 1316 1912 
463: 461 464 
464: 463 465 
465: 464 470 
466: 73 590 
467: 324 1450 
468: 250 716 774 1234 
469: 41 837 1198 1556 
470: 465 471 
471: 470 472 
472: 471 475 
473: 912 914 1776 
474: 554 1359 1731 
475: 472 477 
476: 256 630 708 1140 1393 
477: 475 480 
478: 303 390 
479: 1005 1912 
480: 477 484 
481: 1259 1459 
482: 161 285 743 1046 1833 
483: 69 766 
484: 480 486 
485: 242 1221 
486: 484 487 
487: 486 488 
488: 487 489 
489: 488 490 
490: 489 491 
491: 490 492 
492: 491 493 
493: 492 494 
494: 493 495 
495: 494 496 
496: 495 503 
497: 1661 1667 
498: 220 454 
499: 699 799 
500: 343 545 1221 1568 
501: 143 823 
502: 400 1426 
503: 496 505 
504: 741 1620 
505: 503 507 
506: 620 1114 
507: 505 508 
508: 507 510 
509: 232 678 1190 
510: 508 512 
511: 86 904 937 1534 
512: 510 513 
513: 512 514 
514: 513 515 
515: 514 517 
516: 578 1235 1459 1537 
517: 515 519 
518: 913 935 1813 
519: 517 522 
520: 607 806 1375 
521: 962 1392 
522: 519 524 
523: 332 440 1384 
524: 522 525 
525: 524 526 855 1070 1664 
526: 525 527 
527: 526 533 
528: 925 1688 
529: 451 743 
530: 352 560 786 1188 
531: 803 1947 
532: 457 1093 1231 
533: 527 534 1155 
534: 533 536 
535: 128 462 
536: 534 537 
537: 536 539 
538: 541 1396 1715 
539: 537 540 
540: 539 546 
541: 538 1083 1505 
542: 1183 1717 1950 
543: 31 176 647 
544: 150 1391 
545: 172 500 1044 1797 
546: 540 549 
547: 266 409 
548: 24 132 
549: 546 551 
550: 177 680 1408 1838 
551: 549 552 
552: 551 556 
553: 855 898 930 1218 
554: 474 717 1170 
555: 230 367 401 991 
556: 552 557 
557: 556 558 
558: 557 559 
559: 558 562 
560: 530 988 1166 1223 1751 
561: 1643 1805 1961 
562: 559 564 
563: 179 262 1063 1715 
564: 562 568 
565: 28 208 1404 
566: 865 1341 
567: 49 127 689 
568: 564 570 
569: 1265 1961 
570: 568 571 
571: 570 573 
572: 929 1417 
573: 571 574 
574: 573 575 
575: 574 576 
576: 575 577 
577: 576 579 
578: 30 516 756 1393 1717 
579: 577 583 
580: 592 1651 
581: 413 746 1357 
582: 920 1347 
583: 579 584 
584: 583 586 
585: 411 1962 
586: 584 589 
587: 922 1750 
588: 56 1951 
589: 586 591 
590: 309 431 466 683 772 
591: 589 594 
592: 580 693 1503 
593: 898 1026 1934 
594: 591 597 
595: 651 686 
596: 959 1276 1408 
597: 594 599 
598: 12 1207 
599: 597 600 
600: 599 601 
601: 600 608 
602: 206 1483 
603: 1545 1740 
604: 125 180 713 
605: 924 1372 1501 1990 
606: 663 910 
607: 520 1758 
608: 601 609 
609: 608 611 
610: 143 758 
611: 609 613 
612: 117 1067 1523 
613: 611 615 
614: 41 1042 1100 
615: 613 616 
616: 615 617 
617: 616 618 
618: 617 622 1111 
619: 661 816 1119 1658 
620: 122 506 
621: 1113 1508 
622: 618 623 
623: 622 624 
624: 623 625 
625: 624 627 
626: 161 455 730 1102 1978 
627: 625 629 
628: 1495 1901 
629: 627 635 
630: 476 819 1046 1729 
631: 1126 1380 
632: 428 1838 
633: 106 844 958 1299 1964 
634: 56 444 872 1241 
635: 629 636 
636: 635 639 
637: 783 1631 1814 
638: 233 1514 
639: 636 640 
640: 639 643 
641: 1091 1784 
642: 208 1203 
643: 640 644 
644: 643 648 
645: 1223 1286 
646: 1144 1657 
647: 117 232 380 543 1173 
648: 644 650 
649: 953 1435 
650: 648 653 
651: 302 595 
652: 404 440 1733 1967 
653: 650 655 
654: 718 1657 
655: 653 658 
656: 1750 1814 
657: 405 1158 1291 
658: 655 659 
659: 658 660 
660: 659 664 1657 
661: 383 619 1448 
662: 868 1195 1506 
663: 606 1058 1418 1848 
664: 660 665 
665: 664 666 
666: 665 668 
667: 731 1491 1863 1980 
668: 666 669 
669: 668 671 
670: 423 1916 
671: 669 673 
672: 1498 1939 
673: 671 676 
674: 731 1285 1705 1709 
675: 1589 1826 
676: 673 677 
677: 676 681 
678: 509 743 1044 1902 
679: 981 1378 
680: 51 550 1973 
681: 677 682 
682: 681 684 
683: 222 446 590 1729 
684: 682 690 
685: 307 1529 
686: 222 595 922 
687: 753 1246 1408 
688: 120 1686 
689: 427 567 833 
690: 684 691 
691: 690 692 
692: 691 694 
693: 592 1107 1743 
694: 692 696 
695: 131 1126 1710 
696: 694 700 
697: 165 893 
698: 283 1013 1035 1221 1377 
699: 499 1382 
700: 696 703 
701: 28 1506 1525 1802 
702: 1225 1902 
703: 326 700 704 
704: 703 705 
705: 704 706 
706: 705 710 
707: 200 258 
708: 476 727 1634 
709: 256 1476 
710: 706 711 
711: 710 712 
712: 711 715 
713: 604 1020 1405 1499 
714: 1198 1847 
715: 712 719 
716: 468 893 1204 
717: 554 838 
718: 654 1558 
719: 715 720 
720: 719 722 
721: 998 1332 
722: 720 724 1347 
723: 1217 1438 1690 
724: 722 725 
725: 724 726 
726: 725 729 
727: 708 1552 
728: 762 799 932 1005 
729: 726 732 
730: 97 626 1087 1680 
731: 405 667 674 1375 
732: 729 735 
733: 410 1792 
734: 66 1669 
735: 732 736 
736: 735 738 
737: 148 776 1541 
738: 736 739 
739: 738 747 
740: 281 1644 1932 
741: 504 1144 1372 
742: 1108 1112 1686 
743: 482 529 678 
744: 53 1061 1372 
745: 754 1958 
746: 581 1783 
747: 739 748 
748: 747 752 
749: 892 1096 
750: 320 791 
751: 88 1913 
752: 748 755 
753: 225 687 1434 
754: 388 745 
755: 752 760 
756: 194 578 1012 1405 1536 
757: 125 1286 
758: 42 342 610 
759: 1537 1689 
760: 755 763 
761: 1019 1279 1339 1853 
762: 383 728 1501 
763: 760 767 
764: 1625 1813 
765: 281 1721 
766: 483 1396 1779 1860 
767: 763 768 
768: 767 775 
769: 1167 1500 
770: 208 319 
771: 90 1210 
772: 590 972 1483 1956 
773: 350 876 
774: 76 468 820 1497 
775: 768 777 
776: 737 1212 
777: 775 778 
778: 777 779 
779: 778 780 
780: 320 779 781 
781: 780 785 
782: 361 981 
783: 637 911 
784: 182 1894 1923 
785: 781 787 
786: 530 1532 
787: 785 790 
788: 132 824 1115 
789: 827 1574 1588 
790: 787 792 
791: 750 1033 
792: 790 793 
793: 792 795 1758 
794: 876 1899 
795: 793 796 
796: 795 798 
797: 8 115 230 
798: 796 800 
799: 499 728 991 
800: 798 804 
801: 292 911 1978 
802: 85 825 
803: 531 1948 
804: 800 805 
805: 804 807 
806: 148 520 
807: 805 808 
808: 807 811 
809: 230 866 
810: 3 342 1988 
811: 808 812 
812: 811 815 
813: 176 943 
814: 309 983 1841 
815: 812 821 
816: 123 619 
817: 449 1511 
818: 1271 1802 
819: 630 1982 
820: 343 774 1158 1784 
821: 815 822 
822: 821 826 
823: 501 927 986 
824: 788 1393 1705 
825: 210 802 
826: 822 828 
827: 442 789 1353 
828: 826 830 
829: 248 1058 1923 
830: 828 831 
831: 830 836 
832: 908 1236 
833: 689 834 1668 
834: 833 846 
835: 841 1510 
836: 831 839 
837: 469 1455 1460 
838: 717 1367 
839: 836 840 
840: 839 845 
841: 835 1643 
842: 26 182 215 1926 
843: 1008 1208 
844: 365 633 1101 
845: 840 847 
846: 834 1058 
847: 845 850 
848: 1200 1678 
849: 1495 1621 1864 
850: 847 857 
851: 220 941 1080 1175 1715 
852: 346 853 
853: 123 852 
854: 1591 1879 
855: 525 553 1565 
856: 1523 1652 
857: 850 858 
858: 857 860 
859: 217 449 1466 
860: 858 864 
861: 1088 1625 
862: 331 452 
863: 1090 1185 1556 1729 
864: 860 867 
865: 289 566 1132 1367 
866: 809 930 
867: 864 869 
868: 287 662 1154 
869: 867 870 
870: 869 871 
871: 870 873 
872: 634 1271 1381 
873: 871 874 
874: 873 875 
875: 874 877 
876: 773 794 
877: 875 878 
878: 877 879 
879: 878 881 
880: 112 973 1650 1698 
881: 879 882 
882: 881 883 
883: 882 884 
884: 883 885 
885: 884 886 
886: 885 888 
887: 220 1063 
888: 886 889 
889: 888 890 
890: 889 891 
891: 890 894 
892: 53 241 749 
893: 697 716 
894: 891 895 
895: 894 896 
896: 895 900 
897: 1205 1667 
898: 108 229 553 593 1361 
899: 1303 1975 
900: 896 901 
901: 900 902 
902: 901 903 
903: 902 905 
904: 511 1840 
905: 903 907 
906: 11 1157 
907: 905 909 
908: 44 832 1020 1053 1221 
909: 907 915 
910: 606 1568 
911: 783 801 
912: 48 132 376 473 
913: 451 518 1630 1806 
914: 350 473 966 
915: 909 916 
916: 915 918 
917: 70 1429 
918: 916 923 
919: 409 1936 
920: 582 1535 
921: 218 1670 1967 
922: 269 587 686 
923: 918 926 1793 
924: 309 605 1536 
925: 260 528 1372 
926: 923 931 
927: 324 823 953 
928: 1362 1709 
929: 572 1124 1967 
930: 553 866 1051 1080 
931: 926 933 
932: 728 1085 1351 1511 1863 
933: 931 936 
934: 454 1124 1270 
935: 518 1733 
936: 933 938 
937: 435 511 1751 
938: 936 940 
939: 1484 1797 
940: 938 944 
941: 416 851 1142 
942: 4 234 452 1513 
943: 813 1002 
944: 940 946 
945: 960 1934 
946: 944 947 
947: 946 948 
948: 947 949 
949: 948 950 
950: 949 951 
951: 950 952 
952: 951 955 
953: 46 649 927 1133 
954: 400 1558 
955: 952 956 
956: 955 957 
957: 956 961 
958: 227 633 1187 
959: 596 984 
960: 139 945 
961: 957 963 
962: 125 521 
963: 961 964 
964: 963 965 
965: 964 968 
966: 914 1290 1302 
967: 198 389 
968: 965 975 
969: 1217 1503 1943 
970: 115 309 
971: 1287 1658 
972: 772 1472 1851 
973: 880 1528 1926 
974: 1579 1834 
975: 968 976 
976: 975 978 
977: 292 1692 1847 
978: 976 979 
979: 978 982 
980: 40 1311 
981: 37 679 782 1012 
982: 979 985 
983: 814 1166 
984: 32 959 
985: 982 986 
986: 823 985 987 
987: 986 989 
988: 560 1319 
989: 987 990 
990: 989 992 
991: 555 799 1675 
992: 990 993 
993: 992 994 
994: 993 996 
995: 230 1572 
996: 994 997 
997: 996 999 
998: 721 1107 1934 
999: 997 1003 
1000: 302 1669 
1001: 392 1761 
1002: 943 1630 
1003: 999 1004 
1004: 1003 1009 
1005: 316 479 728 
1006: 1361 1626 
1007: 1534 1936 
1008: 152 843 
1009: 1004 1010 
1010: 1009 1011 
1011: 1010 1015 
1012: 756 981 1574 1668 
1013: 185 191 698 
1014: 1914 1916 1962 
1015: 1011 1016 
1016: 1015 1017 
1017: 1016 1018 
1018: 1017 1021 
1019: 338 761 1173 1767 
1020: 446 713 908 1363 
1021: 1018 1022 
1022: 1021 1023 
1023: 1022 1024 
1024: 1023 1025 
1025: 1024 1028 
1026: 234 593 1363 
1027: 285 1419 1871 
1028: 1025 1029 
1029: 1028 1030 
1030: 1029 1031 
1031: 1030 1032 
1032: 1031 1034 
1033: 791 1988 
1034: 1032 1037 
1035: 269 698 1520 1899 
1036: 1054 1496 
1037: 1034 1038 
1038: 1037 1039 
1039: 1038 1040 
1040: 1039 1043 
1041: 68 1190 1877 
1042: 289 614 1265 1689 
1043: 1040 1045 
1044: 545 678 
1045: 1043 1047 
1046: 364 482 630 1070 1568 
1047: 1045 1048 
1048: 1047 1049 
1049: 1048 1050 
1050: 1049 1052 
1051: 930 1090 1779 
1052: 1050 1055 
1053: 908 1092 1982 
1054: 1036 1528 
1055: 1052 1056 
1056: 1055 1060 
1057: 337 1198 
1058: 663 829 846 1519 
1059: 1483 1826 1988 
1060: 1056 1064 
1061: 744 1116 1690 1912 
1062: 346 1909 
1063: 563 887 
1064: 1060 1065 
1065: 1064 1068 
1066: 1321 1517 
1067: 393 612 1901 1936 
1068: 1065 1069 
1069: 1068 1071 
1070: 17 525 1046 
1071: 1069 1072 
1072: 1071 1073 
1073: 1072 1074 
1074: 1073 1076 
1075: 47 1079 1436 
1076: 1074 1077 
1077: 1076 1078 
1078: 1077 1081 
1079: 1075 1806 
1080: 851 930 1396 
1081: 1078 1094 
1082: 1507 1761 
1083: 541 1122 1995 
1084: 1279 1513 
1085: 932 1199 1305 1517 
1086: 45 344 
1087: 49 730 1096 
1088: 108 861 1270 
1089: 326 1137 1214 1655 
1090: 863 1051 
1091: 268 641 1840 1851 
1092: 1053 1487 
1093: 203 532 1365 
1094: 1081 1095 
1095: 1094 1098 
1096: 749 1087 
1097: 1103 1664 1678 
1098: 1095 1099 
1099: 1098 1103 
1100: 614 1774 
1101: 844 1528 1589 
1102: 278 626 
1103: 1097 1099 1105 
1104: 6 196 1285 1588 
1105: 1103 1106 
1106: 1105 1109 
1107: 693 998 
1108: 742 1775 
1109: 1106 1112 
1110: 271 389 1365 
1111: 8 618 1519 
1112: 742 1109 1117 
1113: 621 1659 
1114: 182 506 
1115: 788 1342 
1116: 17 1061 
1117: 1112 1118 
1118: 1117 1120 
1119: 426 619 1122 
1120: 1118 1121 
1121: 1120 1125 
1122: 1083 1119 1370 1424 
1123: 83 1311 
1124: 929 934 
1125: 1121 1127 
1126: 631 695 
1127: 1125 1128 
1128: 1127 1129 
1129: 1128 1131 
1130: 309 1246 1384 
1131: 1129 1134 
1132: 865 1835 1871 
1133: 331 953 1268 
1134: 1131 1135 
1135: 1134 1136 
1136: 1135 1138 
1137: 1089 1276 1302 1659 
1138: 1136 1139 
1139: 1138 1141 
1140: 275 476 
1141: 1139 1145 
1142: 290 941 
1143: 105 429 1841 
1144: 646 741 1980 
1145: 1141 1146 
1146: 1145 1147 
1147: 1146 1148 
1148: 1147 1151 
1149: 1491 1793 
1150: 15 423 1357 
1151: 1148 1152 
1152: 1151 1153 
1153: 1152 1156 
1154: 90 868 
1155: 533 1259 1841 
1156: 1153 1159 
1157: 906 1592 
1158: 657 820 1418 
1159: 1156 1161 
1160: 336 1400 
1161: 1159 1162 
1162: 1161 1164 
1163: 1194 1778 1976 
1164: 1162 1165 
1165: 1164 1169 
1166: 51 560 983 1820 
1167: 248 769 
1168: 333 1767 1980 
1169: 1165 1171 
1170: 68 554 
1171: 1169 1172 
1172: 1171 1174 
1173: 202 647 1019 1319 1392 
1174: 1172 1178 
1175: 248 851 1404 1651 1881 
1176: 1563 1822 
1177: 400 1472 1836 
1178: 1174 1179 
1179: 1178 1180 
1180: 1179 1181 
1181: 1180 1184 
1182: 435 1725 
1183: 367 542 1262 
1184: 1181 1189 
1185: 863 1440 
1186: 292 383 1362 1429 
1187: 958 1449 
1188: 530 1591 
1189: 1184 1191 
1190: 509 1041 1514 1815 
1191: 1189 1192 
1192: 1191 1193 
1193: 1192 1196 
1194: 47 1163 1806 1948 
1195: 662 1546 
1196: 1193 1201 
1197: 254 1891 
1198: 469 714 1057 
1199: 334 1085 
1200: 848 1563 
1201: 1196 1202 
1202: 1201 1209 
1203: 97 642 
1204: 716 1298 1367 
1205: 354 460 897 
1206: 42 1898 
1207: 598 1862 
1208: 843 1454 
1209: 1202 1211 
1210: 771 1928 
1211: 1209 1213 
1212: 776 1612 1922 
1213: 1211 1214 
1214: 1089 1213 1215 
1215: 1214 1222 
1216: 160 223 1487 
1217: 723 969 1497 
1218: 553 1832 1896 
1219: 337 1578 1936 
1220: 66 1799 
1221: 485 500 698 908 
1222: 1215 1224 
1223: 560 645 
1224: 1222 1226 
1225: 702 1656 
1226: 1224 1227 
1227: 1226 1228 
1228: 1227 1229 
1229: 1228 1232 
1230: 320 392 1339 1460 1756 
1231: 268 532 1799 
1232: 1229 1233 
1233: 1232 1235 
1234: 303 468 1556 
1235: 42 516 1233 1238 
1236: 166 832 
1237: 443 1473 
1238: 1235 1240 
1239: 110 235 341 1285 
1240: 1238 1243 
1241: 634 1252 
1242: 1634 1883 
1243: 1240 1244 
1244: 1243 1245 
1245: 1244 1249 
1246: 263 687 1130 
1247: 318 1864 
1248: 1542 1640 
1249: 1245 1250 
1250: 1249 1251 
1251: 1250 1253 
1252: 242 1241 1571 1898 
1253: 1251 1254 
1254: 1253 1255 
1255: 1254 1257 
1256: 1517 1650 
1257: 1255 1260 
1258: 98 1424 
1259: 267 481 1155 1268 
1260: 1257 1261 
1261: 1260 1263 
1262: 224 1183 
1263: 1261 1264 
1264: 1263 1266 
1265: 308 569 1042 1530 
1266: 1264 1267 
1267: 1266 1269 
1268: 130 1133 1259 1506 
1269: 1267 1272 
1270: 107 934 1088 1613 
1271: 818 872 
1272: 1269 1273 
1273: 1272 1274 
1274: 1273 1275 
1275: 1274 1277 
1276: 596 1137 1552 
1277: 1275 1278 
1278: 1277 1280 
1279: 761 1084 
1280: 1278 1281 
1281: 1280 1283 
1282: 229 1873 
1283: 1281 1284 
1284: 1283 1288 
1285: 674 1104 1239 
1286: 203 645 757 1496 
1287: 971 1675 
1288: 1284 1289 
1289: 1288 1292 
1290: 966 1834 
1291: 17 152 657 
1292: 1289 1293 
1293: 1292 1294 
1294: 1293 1296 
1295: 1868 1995 
1296: 1294 1297 
1297: 1296 1301 
1298: 127 1204 1743 
1299: 258 633 
1300: 105 387 
1301: 1297 1306 
1302: 205 966 1137 
1303: 45 899 
1304: 386 1566 
1305: 386 1085 
1306: 1301 1307 
1307: 1306 1308 
1308: 1307 1309 
1309: 1308 1310 
1310: 1309 1312 
1311: 980 1123 
1312: 1310 1313 
1313: 1312 1314 
1314: 1313 1315 
1315: 1314 1317 
1316: 462 1317 1670 1809 1895 
1317: 1315 1316 1318 
1318: 1317 1322 
1319: 367 378 988 1173 
1320: 426 1778 
1321: 343 1066 1956 
1322: 1318 1323 
1323: 1322 1325 
1324: 341 1477 1529 1659 
1325: 1323 1326 
1326: 1325 1327 
1327: 1326 1328 
1328: 1327 1329 
1329: 1328 1330 
1330: 1329 1331 
1331: 1330 1333 
1332: 104 178 721 1448 
1333: 1331 1334 
1334: 1333 1335 
1335: 1334 1337 
1336: 1343 1640 
1337: 1335 1338 
1338: 1337 1340 
1339: 41 761 1230 
1340: 1338 1345 
1341: 352 566 
1342: 333 1115 
1343: 1336 1578 1686 
1344: 380 1655 1898 
1345: 1340 1346 
1346: 1345 1348 
1347: 73 338 582 722 
1348: 1346 1349 
1349: 1348 1352 
1350: 75 440 
1351: 932 1498 
1352: 1349 1354 
1353: 434 827 1644 
1354: 1352 1356 
1355: 180 232 1522 1947 
1356: 1354 1358 
1357: 445 581 1150 1706 
1358: 1356 1360 
1359: 347 474 
1360: 1358 1364 
1361: 2 898 1006 
1362: 928 1186 1869 
1363: 10 1020 1026 
1364: 1360 1366 
1365: 1093 1110 1853 
1366: 1364 1368 
1367: 838 865 1204 1698 
1368: 1366 1369 
1369: 1368 1371 
1370: 14 344 1122 
1371: 1369 1373 
1372: 605 741 744 925 
1373: 1371 1374 
1374: 1373 1376 
1375: 443 520 731 1756 
1376: 1374 1379 
1377: 698 1457 1856 
1378: 679 1597 
1379: 1376 1383 
1380: 130 631 
1381: 872 1472 
1382: 278 699 
1383: 1379 1385 
1384: 523 1130 
1385: 1383 1386 
1386: 1385 1387 
1387: 1386 1388 
1388: 1387 1389 
1389: 1388 1390 
1390: 1389 1394 
1391: 307 544 
1392: 340 521 1173 
1393: 476 578 824 
1394: 1390 1395 
1395: 1394 1397 
1396: 538 766 1080 
1397: 1395 1398 
1398: 1397 1399 
1399: 1398 1401 
1400: 123 440 1160 
1401: 1399 1402 
1402: 1401 1406 
1403: 354 1692 
1404: 306 565 1175 1947 
1405: 75 101 713 756 
1406: 1402 1407 
1407: 1406 1409 
1408: 254 550 596 687 
1409: 1407 1410 
1410: 1409 1411 
1411: 1410 1412 
1412: 1411 1413 
1413: 1412 1414 
1414: 1413 1415 
1415: 1414 1416 
1416: 1415 1422 
1417: 572 1856 
1418: 663 1158 1746 1758 
1419: 194 205 1027 
1420: 438 1487 
1421: 1475 1976 
1422: 1416 1423 
1423: 1422 1425 
1424: 154 1122 1258 1640 
1425: 1423 1430 
1426: 97 502 1990 
1427: 1484 1756 
1428: 1436 1939 
1429: 917 1186 
1430: 1425 1431 
1431: 1430 1433 
1432: 92 107 311 
1433: 1431 1437 
1434: 753 1584 
1435: 649 1656 
1436: 1075 1428 
1437: 1433 1438 
1438: 723 1437 1439 
1439: 1438 1441 
1440: 416 1185 
1441: 1439 1442 
1442: 1441 1443 
1443: 1442 1444 
1444: 1443 1445 
1445: 1444 1446 
1446: 1445 1447 
1447: 1446 1451 
1448: 62 312 661 1332 
1449: 31 1187 1909 
1450: 467 1513 
1451: 1447 1452 
1452: 1451 1453 
1453: 1452 1455 
1454: 101 1208 
1455: 837 1453 1456 
1456: 1455 1458 
1457: 98 1377 1602 
1458: 1456 1461 
1459: 481 516 
1460: 155 837 1230 
1461: 1458 1462 1626 
1462: 1461 1463 
1463: 1462 1464 
1464: 1463 1465 
1465: 1464 1466 
1466: 859 1465 1467 
1467: 1466 1468 
1468: 1467 1469 
1469: 1468 1470 
1470: 1469 1471 
1471: 1470 1474 
1472: 972 1177 1381 
1473: 104 120 1237 
1474: 1471 1478 
1475: 46 364 1421 1626 
1476: 365 709 1670 
1477: 382 1324 1893 
1478: 1474 1480 
1479: 1668 1815 
1480: 1478 1481 
1481: 1480 1482 
1482: 1481 1485 
1483: 602 772 1059 1584 
1484: 289 939 1427 
1485: 1482 1486 
1486: 1485 1488 
1487: 1092 1216 1420 
1488: 1486 1489 
1489: 1488 1490 
1490: 1489 1492 
1491: 667 1149 
1492: 1490 1494 
1493: 390 438 
1494: 1492 1502 
1495: 628 849 
1496: 396 1036 1286 1651 1843 
1497: 774 1217 1778 
1498: 672 1351 
1499: 713 1522 
1500: 769 1895 
1501: 605 762 1608 
1502: 1494 1509 
1503: 47 312 592 969 
1504: 40 1522 
1505: 407 541 1510 1584 
1506: 662 701 1268 1731 1948 
1507: 450 1082 
1508: 225 621 
1509: 1502 1512 
1510: 835 1505 1883 1988 
1511: 106 817 932 
1512: 1509 1515 
1513: 942 1084 1450 
1514: 638 1190 
1515: 1512 1518 
1516: 131 256 1772 1873 
1517: 1066 1085 1256 
1518: 1515 1521 
1519: 1058 1111 1934 
1520: 1035 1943 
1521: 1518 1524 
1522: 1355 1499 1504 1980 
1523: 400 612 856 1725 1781 
1524: 1521 1526 
1525: 324 343 701 1792 
1526: 1524 1527 
1527: 1526 1530 
1528: 973 1054 1101 
1529: 685 1324 
1530: 1265 1527 1531 
1531: 1530 1533 
1532: 786 1612 
1533: 1531 1538 
1534: 511 1007 1603 
1535: 318 920 
1536: 756 924 1809 
1537: 5 516 759 
1538: 1533 1539 
1539: 1538 1543 
1540: 383 403 1793 
1541: 737 1668 
1542: 1248 1710 
1543: 1539 1544 
1544: 1543 1547 
1545: 331 603 1998 
1546: 311 1195 
1547: 1544 1549 
1548: 311 336 
1549: 1547 1550 
1550: 1549 1551 
1551: 1550 1553 
1552: 727 1276 
1553: 1551 1554 
1554: 1553 1555 
1555: 1554 1557 
1556: 469 863 1234 
1557: 1555 1560 
1558: 718 954 
1559: 196 1974 
1560: 1557 1561 
1561: 1560 1562 
1562: 1561 1564 
1563: 1176 1200 
1564: 1562 1567 
1565: 104 855 
1566: 405 1304 
1567: 1564 1569 
1568: 500 910 1046 1822 
1569: 1567 1570 
1570: 1569 1573 
1571: 248 449 1252 1828 
1572: 124 995 1956 
1573: 1570 1575 
1574: 789 1012 1673 
1575: 1573 1576 
1576: 1575 1577 
1577: 1576 1580 
1578: 1219 1343 1664 
1579: 974 1626 1731 
1580: 1577 1581 
1581: 1580 1582 
1582: 1581 1583 
1583: 1582 1585 
1584: 235 1434 1483 1505 1694 
1585: 1583 1586 
1586: 1585 1587 
1587: 1586 1593 
1588: 62 438 789 1104 
1589: 675 1101 
1590: 372 1871 
1591: 854 1188 
1592: 154 1157 1956 
1593: 1587 1594 
1594: 1593 1595 
1595: 1594 1596 
1596: 1595 1599 
1597: 154 289 1378 
1598: 38 349 
1599: 1596 1600 
1600: 1599 1601 
1601: 1600 1604 
1602: 413 1457 
1603: 1534 1781 
1604: 1601 1605 
1605: 1604 1606 
1606: 1605 1607 
1607: 1606 1609 
1608: 1501 1730 
1609: 1607 1610 
1610: 1609 1611 
1611: 1610 1615 
1612: 332 1212 1532 
1613: 38 1270 
1614: 389 1676 1775 
1615: 1611 1616 
1616: 1615 1617 
1617: 1616 1618 
1618: 1617 1623 
1619: 1643 1743 1854 1945 
1620: 504 1973 
1621: 849 1790 1797 
1622: 53 112 452 
1623: 1618 1624 
1624: 1623 1627 
1625: 86 764 861 
1626: 153 1006 1461 1475 1579 
1627: 1624 1628 
1628: 1627 1629 
1629: 1628 1632 
1630: 913 1002 
1631: 37 298 637 
1632: 1629 1633 
1633: 1632 1635 
1634: 250 341 708 1242 1916 
1635: 1633 1637 
1636: 279 1776 
1637: 1635 1638 
1638: 1637 1639 1834 
1639: 1638 1641 
1640: 1248 1336 1424 
1641: 1639 1642 
1642: 1641 1645 
1643: 561 841 1619 
1644: 740 1353 
1645: 1642 1646 
1646: 1645 1647 
1647: 1646 1648 
1648: 1647 1649 
1649: 1648 1653 
1650: 880 1256 
1651: 580 1175 1496 
1652: 397 856 
1653: 1649 1654 
1654: 1653 1660 
1655: 1089 1344 
1656: 1225 1435 
1657: 387 646 654 660 1779 
1658: 213 619 971 
1659: 1113 1137 1324 
1660: 1654 1662 
1661: 497 1766 
1662: 1660 1663 
1663: 1662 1665 
1664: 338 386 525 1097 1578 
1665: 1663 1666 
1666: 1665 1671 
1667: 497 897 
1668: 833 1012 1479 1541 
1669: 734 1000 
1670: 319 921 1316 1476 1826 
1671: 1666 1672 
1672: 1671 1674 
1673: 1574 1677 
1674: 1672 1679 
1675: 991 1287 
1676: 373 1614 
1677: 270 1673 1877 1977 
1678: 848 1097 
1679: 1674 1681 
1680: 92 730 1774 
1681: 1679 1682 
1682: 1681 1683 
1683: 1682 1684 
1684: 1683 1685 
1685: 1684 1687 
1686: 688 742 1343 
1687: 1685 1691 
1688: 528 1909 
1689: 759 1042 
1690: 361 723 1061 
1691: 1687 1693 
1692: 977 1403 
1693: 1691 1695 
1694: 1584 1805 1810 1951 
1695: 1693 1696 
1696: 1695 1697 
1697: 1696 1699 
1698: 880 1367 1983 
1699: 1697 1700 
1700: 1699 1701 
1701: 1700 1702 
1702: 1701 1704 
1703: 254 416 
1704: 1702 1706 
1705: 250 367 382 674 824 
1706: 1357 1704 1707 
1707: 1706 1708 
1708: 1707 1711 
1709: 674 928 1779 
1710: 695 1542 1914 
1711: 1708 1712 
1712: 1711 1713 
1713: 1712 1714 
1714: 1713 1716 
1715: 34 538 563 851 
1716: 1714 1718 
1717: 270 380 542 578 
1718: 1716 1719 
1719: 1718 1720 
1720: 1719 1723 
1721: 765 1722 
1722: 1721 1797 
1723: 1720 1724 
1724: 1723 1726 
1725: 401 1182 1523 
1726: 1724 1728 
1727: 48 263 
1728: 1726 1732 1781 
1729: 175 285 630 683 863 
1730: 223 244 1608 
1731: 474 1506 1579 
1732: 1728 1734 
1733: 652 935 1911 
1734: 1732 1735 
1735: 1734 1736 
1736: 1735 1737 
1737: 1736 1738 
1738: 1737 1739 
1739: 1738 1741 
1740: 243 603 
1741: 1739 1742 
1742: 1741 1744 
1743: 11 148 693 1298 1619 
1744: 1742 1745 
1745: 1744 1747 
1746: 200 1418 
1747: 1745 1748 
1748: 434 1747 1749 
1749: 1748 1752 
1750: 587 656 
1751: 560 937 1848 
1752: 1749 1753 
1753: 1752 1754 
1754: 1753 1755 
1755: 1754 1757 
1756: 1230 1375 1427 
1757: 1755 1759 
1758: 607 793 1418 
1759: 1757 1762 
1760: 27 37 
1761: 1001 1082 
1762: 1759 1763 
1763: 1762 1764 
1764: 1763 1768 
1765: 70 104 
1766: 136 1661 
1767: 1019 1168 
1768: 1764 1769 
1769: 1768 1770 
1770: 1769 1771 
1771: 1770 1773 
1772: 1516 1883 
1773: 1771 1777 
1774: 139 442 1100 1680 
1775: 1108 1614 
1776: 473 1636 
1777: 1773 1780 
1778: 17 1163 1320 1497 
1779: 241 766 1051 1657 1709 
1780: 1777 1782 
1781: 172 1523 1603 1728 
1782: 1780 1785 
1783: 2 746 1853 1967 
1784: 641 820 
1785: 1782 1786 
1786: 1785 1787 
1787: 1786 1788 
1788: 1787 1789 
1789: 1788 1791 
1790: 1621 1975 
1791: 1789 1794 
1792: 733 1525 1913 
1793: 923 1149 1540 
1794: 1791 1795 
1795: 1794 1796 
1796: 1795 1798 
1797: 545 939 1621 1722 1988 
1798: 1796 1801 
1799: 1220 1231 
1800: 61 178 
1801: 1798 1803 
1802: 42 701 818 
1803: 1801 1804 
1804: 1803 1807 
1805: 196 561 1694 
1806: 194 913 1079 1194 
1807: 1804 1808 
1808: 1807 1812 
1809: 1316 1536 
1810: 280 1694 
1811: 260 341 
1812: 1808 1816 
1813: 518 764 
1814: 637 656 1860 
1815: 1190 1479 
1816: 1812 1817 
1817: 1816 1818 
1818: 1817 1819 
1819: 1818 1821 
1820: 338 1166 
1821: 1819 1823 
1822: 1176 1568 
1823: 1821 1824 
1824: 1823 1825 
1825: 1824 1830 
1826: 675 1059 1670 
1827: 129 232 298 
1828: 316 1571 
1829: 260 1847 
1830: 1825 1831 
1831: 1830 1833 
1832: 32 81 1218 
1833: 482 1831 1837 
1834: 974 1290 1638 
1835: 1132 1957 
1836: 124 1177 
1837: 1833 1839 
1838: 550 632 1869 
1839: 1837 1842 
1840: 85 904 1091 
1841: 26 814 1143 1155 
1842: 1839 1844 
1843: 226 444 1496 
1844: 1842 1845 
1845: 1844 1846 
1846: 1845 1849 
1847: 714 977 1829 
1848: 663 1751 
1849: 1846 1850 
1850: 1849 1852 
1851: 260 352 972 1091 
1852: 1850 1855 
1853: 396 761 1365 1783 
1854: 36 1619 
1855: 1852 1857 
1856: 1377 1417 
1857: 1855 1858 
1858: 1857 1859 
1859: 1858 1861 
1860: 256 766 1814 
1861: 1859 1865 
1862: 202 1207 
1863: 302 667 932 
1864: 166 849 1247 1912 
1865: 1861 1866 
1866: 1865 1867 
1867: 1866 1870 
1868: 364 1295 
1869: 165 1362 1838 
1870: 1867 1872 
1871: 360 1027 1132 1590 
1872: 1870 1874 
1873: 105 1282 1516 
1874: 1872 1875 
1875: 1874 1876 
1876: 1875 1878 
1877: 12 1041 1677 
1878: 1876 1880 
1879: 69 112 854 
1880: 1878 1882 
1881: 1175 1952 
1882: 1880 1884 
1883: 1242 1510 1772 
1884: 1882 1885 
1885: 1884 1886 
1886: 1885 1887 
1887: 1886 1888 
1888: 1887 1889 
1889: 1888 1890 
1890: 1889 1892 
1891: 427 1197 
1892: 1890 1894 
1893: 141 1477 1964 
1894: 784 1892 1897 
1895: 442 1316 1500 
1896: 276 1218 1975 1978 
1897: 1894 1900 
1898: 1206 1252 1344 
1899: 360 794 1035 
1900: 1897 1903 
1901: 628 1067 
1902: 434 678 702 
1903: 1900 1905 
1904: 117 213 1935 
1905: 1903 1906 
1906: 1905 1907 
1907: 1906 1908 
1908: 1907 1910 
1909: 1062 1449 1688 
1910: 1908 1915 
1911: 349 1733 
1912: 213 462 479 1061 1864 
1913: 751 1792 
1914: 179 1014 1710 
1915: 1910 1917 
1916: 670 1014 1634 
1917: 1915 1918 
1918: 1917 1919 
1919: 1918 1920 
1920: 1919 1921 
1921: 1920 1924 
1922: 175 392 1212 
1923: 784 829 
1924: 1921 1925 
1925: 1924 1927 
1926: 46 275 842 973 
1927: 1925 1929 
1928: 457 1210 
1929: 1927 1930 
1930: 1929 1931 
1931: 1930 1932 
1932: 740 1931 1933 
1933: 1932 1935 
1934: 593 945 998 1519 
1935: 1904 1933 1937 
1936: 36 919 1007 1067 1219 
1937: 1935 1938 
1938: 1937 1940 
1939: 672 1428 
1940: 1938 1941 
1941: 1940 1942 
1942: 1941 1944 
1943: 969 1520 
1944: 1942 1946 
1945: 116 1619 1962 
1946: 1944 1949 
1947: 531 1355 1404 
1948: 803 1194 1506 
1949: 1946 1953 
1950: 280 542 
1951: 588 1694 
1952: 106 1881 
1953: 1949 1954 
1954: 1953 1955 
1955: 1954 1959 
1956: 312 772 1321 1572 1592 
1957: 28 1835 
1958: 122 745 
1959: 1955 1960 
1960: 1959 1963 
1961: 40 429 561 569 
1962: 585 1014 1945 
1963: 1960 1965 
1964: 633 1893 
1965: 1963 1966 
1966: 1965 1968 
1967: 652 921 929 1783 
1968: 1966 1969 
1969: 1968 1970 
1970: 101 1969 1971 
1971: 1970 1972 
1972: 1971 1977 
1973: 680 1620 
1974: 30 1559 
1975: 12 899 1790 1896 
1976: 1163 1421 
1977: 1677 1972 1979 
1978: 134 155 626 801 1896 
1979: 1977 1981 
1980: 129 667 1144 1168 1522 
1981: 1979 1984 
1982: 819 1053 
1983: 88 373 1698 
1984: 1981 1985 
1985: 1984 1986 
1986: 1985 1987 
1987: 1986 1989 
1988: 810 1033 1059 1510 1797 
1989: 1987 1991 
1990: 605 1426 
1991: 1989 1992 
1992: 1991 1993 
1993: 1992 1994 
1994: 1993 1996 
1995: 1083 1295 
1996: 1994 1997 
1997: 1996 1999 
1998: 347 1545 
1999: 1997 
40