0: 364 1273 1800 1938 
1: 682 1511 
2: 5 
3: 1133 1141 1161 
4: 1209 1362 
5: 2 7 
6: 568 742 836 1783 1966 
7: 5 8 
8: 7 12 
9: 341 675 765 
10: 552 869 
11: 289 1999 
12: 8 13 
13: 12 14 
14: 13 15 
15: 14 16 
16: 15 17 
17: 16 19 
18: 104 114 533 779 
19: 17 28 
20: 96 283 382 1817 1829 
21: 292 1091 1271 1562 
22: 213 1137 1544 
23: 1522 1860 
24: 159 1110 1324 1507 
25: 1118 1662 1719 
26: 119 978 1916 
27: 323 836 974 985 1936 
28: 19 29 
29: 28 32 
30: 78 1113 1477 1874 
31: 952 1116 1705 1915 
32: 29 33 
33: 32 35 
34: 970 1464 1724 
35: 33 36 
36: 35 38 
37: 736 762 1203 1668 
38: 36 39 289 
39: 38 41 
40: 881 1920 
41: 39 47 
42: 974 1863 
43: 258 1807 
44: 512 594 851 1316 
45: 172 949 
46: 1518 1546 
47: 41 51 
48: 422 427 729 1640 
49: 424 774 
50: 579 1137 
51: 47 52 
52: 51 53 
53: 52 58 
54: 700 864 
55: 491 683 1826 1840 
56: 956 1000 1230 
57: 1365 1837 1935 
58: 53 59 
59: 58 60 
60: 59 61 1517 
61: 60 63 
62: 582 1630 
63: 61 67 
64: 983 1568 
65: 573 1928 
66: 150 352 
67: 63 68 
68: 67 69 
69: 68 70 
70: 69 71 
71: 70 74 
72: 818 1796 
73: 1727 1981 
74: 71 75 
75: 74 76 
76: 75 77 1131 1751 
77: 76 79 
78: 30 889 906 
79: 77 80 
80: 79 81 
81: 80 82 
82: 81 88 
83: 474 1068 1558 
84: 97 393 609 1391 
85: 395 1381 
86: 208 563 
87: 523 1542 1921 
88: 82 91 
89: 492 1318 
90: 765 967 1345 
91: 88 94 
92: 403 1162 1292 1747 
93: 1075 1991 
94: 91 95 
95: 94 99 
96: 20 222 640 1105 
97: 84 739 1536 
98: 354 369 1293 1972 
99: 95 100 
100: 99 101 
101: 100 102 
102: 101 103 
103: 102 105 
104: 18 829 1394 
105: 103 106 
106: 105 109 
107: 182 1256 
108: 340 920 1099 1209 
109: 106 112 
110: 385 470 792 1613 
111: 439 1469 1486 1852 1974 
112: 109 113 
113: 112 115 
114: 18 1687 1866 
115: 113 117 
116: 226 829 
117: 115 118 
118: 117 120 
119: 26 1538 
120: 118 121 
121: 120 122 
122: 121 125 
123: 558 710 1192 1762 
124: 201 348 531 1990 
125: 122 126 
126: 125 127 
127: 126 128 
128: 127 131 
129: 1015 1841 
130: 390 489 1112 1234 
131: 128 137 
132: 361 1481 
133: 424 1004 1269 
134: 673 1461 1614 
135: 591 1589 
136: 966 1924 
137: 131 138 
138: 137 139 
139: 138 141 
140: 844 1174 1396 1509 
141: 139 143 
142: 683 856 1863 
143: 141 145 
144: 1033 1159 1496 
145: 143 147 
146: 295 1882 
147: 145 148 
148: 147 149 
149: 148 153 
150: 66 1304 1328 
151: 517 756 952 
152: 283 381 1071 1445 1483 
153: 149 154 
154: 153 160 
155: 587 1879 
156: 215 1163 1449 
157: 924 1537 1617 
158: 425 441 985 
159: 24 1208 1396 1944 
160: 154 162 
161: 1067 1393 1460 
162: 160 166 
163: 286 345 1111 
164: 740 1686 
165: 615 1762 
166: 162 167 
167: 166 168 
168: 167 169 
169: 168 170 
170: 169 174 
171: 361 641 744 1119 1538 
172: 45 1307 1595 
173: 1268 1506 1939 
174: 170 175 
175: 174 176 
176: 175 177 
177: 176 180 
178: 286 1426 1503 1791 
179: 208 1143 1461 1903 
180: 177 183 
181: 1361 1805 
182: 107 549 1795 
183: 180 185 920 
184: 643 1070 1909 
185: 183 186 
186: 185 188 
187: 388 1358 
188: 186 190 
189: 441 557 624 1521 
190: 188 191 
191: 190 195 
192: 792 1595 
193: 1047 1726 
194: 607 992 
195: 191 196 
196: 195 197 
197: 196 200 
198: 617 849 1341 
199: 253 760 1976 
200: 197 202 
201: 124 851 1958 
202: 200 203 
203: 202 205 
204: 617 645 1018 
205: 203 206 
206: 205 209 
207: 468 559 1308 1445 
208: 86 179 
209: 206 211 
210: 400 756 990 1287 1928 
211: 209 212 
212: 211 214 
213: 22 256 993 
214: 212 216 
215: 156 606 744 1381 
216: 214 217 
217: 216 219 
218: 468 816 
219: 217 221 
220: 1173 1288 1406 
221: 219 223 
222: 96 1657 1658 
223: 221 224 
224: 223 225 
225: 224 227 
226: 116 435 1859 
227: 225 229 
228: 816 1112 1783 
229: 227 230 
230: 229 231 
231: 230 232 
232: 231 233 
233: 232 234 
234: 233 237 
235: 1126 1657 1745 
236: 565 893 1652 
237: 234 240 
238: 889 1436 
239: 1148 1666 
240: 237 244 
241: 630 1140 
242: 470 664 1062 
243: 1481 1946 
244: 240 248 
245: 1351 1970 
246: 964 1436 
247: 579 1286 
248: 244 250 
249: 875 1527 
250: 248 252 
251: 521 537 1486 
252: 250 254 
253: 199 1288 1792 
254: 252 255 
255: 254 260 
256: 213 1075 1115 1328 
257: 420 569 806 
258: 43 839 1918 
259: 829 1067 1867 
260: 255 261 
261: 260 262 
262: 261 263 
263: 262 266 
264: 310 722 
265: 480 906 924 1241 
266: 263 267 
267: 266 269 523 
268: 707 787 874 1669 
269: 267 271 
270: 1840 1910 
271: 269 272 
272: 271 273 
273: 272 275 
274: 756 1009 1156 1234 
275: 273 276 
276: 275 277 
277: 276 279 
278: 396 495 
279: 277 281 
280: 581 945 1099 1667 1715 
281: 279 282 
282: 281 284 
283: 20 152 655 1605 
284: 282 287 
285: 388 862 1726 1927 
286: 163 178 408 655 
287: 284 288 
288: 287 294 
289: 11 38 1162 1383 
290: 957 967 1408 1681 
291: 1147 1294 1529 1948 
292: 21 471 480 
293: 963 1157 1179 
294: 288 296 
295: 146 1370 1908 
296: 294 301 
297: 488 1244 
298: 1025 1423 1851 
299: 504 614 1373 
300: 326 1742 1870 
301: 296 302 
302: 301 305 
303: 892 1180 
304: 480 763 1190 1957 
305: 302 306 
306: 305 309 
307: 435 1307 1863 
308: 371 1637 
309: 306 313 
310: 264 542 
311: 1248 1818 
312: 777 1118 1559 
313: 309 314 
314: 313 315 
315: 314 316 
316: 315 317 
317: 316 321 
318: 552 627 
319: 501 559 1520 
320: 369 1058 
321: 317 324 
322: 1601 1923 
323: 27 357 1687 
324: 321 325 
325: 324 327 
326: 300 1541 1594 
327: 325 328 
328: 327 329 
329: 328 333 
330: 433 1126 1271 1377 
331: 1234 1537 1805 
332: 391 722 1281 1913 
333: 329 336 
334: 730 1134 1860 
335: 344 536 1956 
336: 333 337 
337: 336 338 1131 
338: 337 339 
339: 338 342 
340: 108 369 710 872 
341: 9 1397 
342: 339 346 
343: 1846 1877 
344: 335 1517 1921 
345: 163 1663 
346: 342 347 
347: 346 349 
348: 124 762 
349: 347 350 
350: 349 355 
351: 1255 1423 1588 1861 
352: 66 477 569 624 1106 
353: 1000 1291 1529 
354: 98 1242 1444 
355: 350 356 
356: 355 358 
357: 323 1978 
358: 356 359 
359: 358 360 
360: 359 362 
361: 132 171 1488 1637 1651 
362: 360 363 
363: 362 365 
364: 0 1630 
365: 363 366 
366: 365 367 
367: 366 368 
368: 367 370 
369: 98 320 340 1029 1868 
370: 368 372 
371: 308 1648 
372: 370 373 
373: 372 374 
374: 373 377 
375: 892 1527 1724 
376: 583 906 1910 
377: 374 379 
378: 986 1896 
379: 377 382 
380: 672 1392 
381: 152 422 
382: 20 379 383 
383: 382 386 
384: 1438 1868 
385: 110 1104 1719 1928 
386: 383 387 
387: 386 389 
388: 187 285 832 
389: 387 394 
390: 130 438 974 1490 
391: 332 569 1423 1921 
392: 446 700 1341 
393: 84 1640 1801 
394: 389 397 1826 
395: 85 675 1287 1494 
396: 278 1545 
397: 394 398 
398: 397 399 
399: 398 401 
400: 210 901 993 
401: 399 402 
402: 401 403 
403: 92 402 405 
404: 978 1805 
405: 403 406 
406: 405 407 
407: 406 409 
408: 286 654 1666 1978 
409: 407 411 
410: 1715 1719 1968 
411: 409 414 866 
412: 1668 1870 
413: 969 1408 
414: 411 416 
415: 602 1744 
416: 414 417 
417: 416 421 
418: 670 729 1923 
419: 1046 1450 
420: 257 930 
421: 417 428 
422: 48 381 550 
423: 786 805 1111 1907 
424: 49 133 995 1758 
425: 158 876 
426: 504 752 795 
427: 48 888 1227 
428: 421 430 
429: 1109 1370 
430: 428 432 
431: 1139 1735 1795 
432: 430 436 
433: 330 1106 1509 
434: 1648 1662 
435: 226 307 894 1079 1762 
436: 432 442 594 
437: 763 785 967 
438: 390 439 629 1128 1560 
439: 111 438 834 1725 1989 
440: 1117 1310 
441: 158 189 714 1631 
442: 436 444 
443: 498 911 1237 
444: 442 445 
445: 444 448 
446: 392 708 1301 1806 
447: 452 1518 
448: 445 449 
449: 448 450 
450: 449 451 
451: 450 453 
452: 447 1523 
453: 451 455 
454: 685 921 1978 
455: 453 456 
456: 455 457 
457: 456 459 
458: 1244 1513 
459: 457 460 
460: 459 461 
461: 460 462 
462: 461 463 
463: 462 464 
464: 463 465 
465: 464 467 
466: 714 949 1019 
467: 465 472 
468: 207 218 1105 
469: 677 728 1806 1968 
470: 110 242 840 1031 
471: 292 482 1069 1792 
472: 467 473 
473: 472 475 
474: 83 832 
475: 473 476 
476: 475 479 
477: 352 1451 1837 
478: 1120 1185 1993 
479: 476 481 
480: 265 292 304 1452 
481: 479 485 565 
482: 471 652 949 1358 
483: 917 1757 
484: 930 1279 
485: 481 486 893 
486: 485 490 
487: 687 705 1407 
488: 297 756 810 1800 
489: 130 613 1176 1920 
490: 486 494 
491: 55 549 
492: 89 703 
493: 1390 1882 
494: 490 499 
495: 278 598 
496: 685 1436 1659 1814 
497: 513 605 
498: 443 1235 1250 
499: 494 500 
500: 499 502 
501: 319 1544 
502: 500 503 
503: 502 505 
504: 299 426 826 929 1389 
505: 503 506 
506: 505 507 
507: 506 509 
508: 776 1417 1423 
509: 507 510 
510: 509 511 
511: 510 516 
512: 44 1494 
513: 497 1761 
514: 671 776 1374 
515: 1060 1133 1935 
516: 511 518 
517: 151 927 
518: 516 519 
519: 518 520 
520: 519 522 
521: 251 1055 1113 1388 1417 
522: 520 525 
523: 87 267 685 1940 
524: 1230 1676 1774 
525: 522 526 
526: 525 527 
527: 526 528 
528: 527 529 
529: 528 530 
530: 529 532 
531: 124 1962 
532: 530 534 
533: 18 1020 1573 
534: 532 535 
535: 534 538 
536: 335 1287 
537: 251 1314 
538: 535 539 
539: 538 541 795 
540: 867 879 1417 1781 
541: 539 543 
542: 310 604 
543: 541 545 
544: 676 1645 
545: 543 547 
546: 548 875 1333 1668 1961 
547: 545 553 
548: 546 859 1122 1242 1870 
549: 182 491 821 1922 
550: 422 1139 
551: 771 1504 1971 
552: 10 318 
553: 547 554 
554: 553 555 
555: 554 556 
556: 555 561 1384 
557: 189 1079 1596 1635 
558: 123 1646 1864 1940 
559: 207 319 986 1686 
560: 1468 1667 
561: 556 562 
562: 561 566 
563: 86 1284 
564: 673 1901 
565: 236 481 1667 1849 
566: 562 570 
567: 1097 1452 1751 1915 
568: 6 921 1824 
569: 257 352 391 1868 
570: 566 571 
571: 570 572 
572: 571 574 
573: 65 980 1905 
574: 572 575 
575: 574 577 
576: 901 1566 
577: 575 578 
578: 577 580 
579: 50 247 778 1328 
580: 578 584 
581: 280 1301 1397 
582: 62 1601 1803 
583: 376 1406 1734 
584: 580 585 
585: 584 588 
586: 933 1278 1948 
587: 155 1203 1640 
588: 585 589 
589: 588 590 
590: 589 593 
591: 135 685 830 
592: 1004 1416 
593: 590 595 
594: 44 436 1050 1306 1406 
595: 593 596 
596: 595 599 
597: 789 1042 1394 
598: 495 655 
599: 596 600 
600: 599 601 
601: 600 608 
602: 415 1934 
603: 1675 1862 
604: 542 1548 
605: 497 981 1111 
606: 215 613 627 1264 1545 
607: 194 1081 1270 
608: 601 610 
609: 84 952 1456 
610: 608 611 
611: 610 616 
612: 646 1952 1976 
613: 489 606 
614: 299 672 980 1910 
615: 165 1814 
616: 611 618 
617: 198 204 1214 
618: 616 619 
619: 618 620 
620: 619 621 
621: 620 622 
622: 621 623 
623: 622 625 
624: 189 352 1235 
625: 623 626 
626: 625 628 
627: 318 606 1613 
628: 626 631 
629: 438 1001 1069 1871 1974 
630: 241 801 1345 1742 
631: 628 632 
632: 631 633 
633: 632 634 
634: 633 635 
635: 634 636 
636: 635 637 
637: 636 638 
638: 637 639 
639: 638 642 
640: 96 1104 1469 
641: 171 840 988 
642: 639 644 
643: 184 963 1901 
644: 642 647 
645: 204 1813 
646: 612 924 1083 
647: 644 648 
648: 647 649 
649: 648 650 
650: 649 651 
651: 650 653 1124 
652: 482 905 1070 1343 
653: 651 657 
654: 408 1250 1643 
655: 283 286 598 
656: 663 1035 1626 
657: 653 659 
658: 964 1584 
659: 657 660 
660: 659 661 
661: 660 665 
662: 861 1333 
663: 656 1097 
664: 242 1397 
665: 661 667 
666: 870 1153 1203 
667: 665 668 
668: 667 674 
669: 1390 1979 
670: 418 1826 
671: 514 1156 1208 1595 
672: 380 614 1033 1640 
673: 134 564 753 
674: 668 678 
675: 9 395 1607 
676: 544 1091 1965 
677: 469 894 
678: 674 680 1840 
679: 739 1560 
680: 678 681 
681: 680 684 
682: 1 1140 
683: 55 142 835 1137 
684: 681 688 
685: 454 496 523 591 
686: 974 1713 1920 
687: 487 1011 
688: 684 689 
689: 688 691 
690: 869 1824 1991 
691: 689 692 
692: 691 693 
693: 692 694 
694: 693 695 
695: 694 697 
696: 1050 1332 
697: 695 698 
698: 697 701 
699: 866 1009 1217 
700: 54 392 956 
701: 698 702 
702: 701 706 
703: 492 1589 
704: 736 966 1936 
705: 487 1439 
706: 702 709 
707: 268 904 1340 
708: 446 930 1843 
709: 706 711 
710: 123 340 1180 1817 1860 
711: 709 715 
712: 1588 1735 
713: 1221 1925 
714: 441 466 1758 
715: 711 717 
716: 1389 1735 
717: 715 718 
718: 717 721 
719: 744 1572 1993 
720: 1197 1434 
721: 718 723 
722: 264 332 830 
723: 721 724 
724: 723 725 
725: 724 726 
726: 725 733 
727: 999 1133 
728: 469 844 
729: 48 418 1344 1978 
730: 334 1195 1244 
731: 751 1025 1071 
732: 890 1231 1307 1760 1781 
733: 726 734 
734: 733 735 
735: 734 738 
736: 37 704 1944 
737: 830 1388 
738: 735 741 
739: 97 679 902 1177 1460 
740: 164 995 
741: 738 743 
742: 6 807 1955 
743: 741 745 
744: 171 215 719 1179 1783 
745: 743 747 
746: 892 1812 
747: 745 748 
748: 747 749 
749: 748 752 
750: 1148 1916 
751: 731 1418 
752: 426 749 754 
753: 673 1264 
754: 752 755 
755: 754 757 
756: 151 210 274 488 
757: 755 759 
758: 906 1322 
759: 757 761 
760: 199 1287 1408 
761: 759 764 
762: 37 348 
763: 304 437 1777 1922 
764: 761 766 
765: 9 90 784 
766: 764 767 
767: 766 768 
768: 767 769 
769: 768 772 
770: 1140 1333 1771 
771: 551 1177 1954 
772: 769 773 
773: 772 775 
774: 49 981 1891 
775: 773 780 
776: 508 514 1041 
777: 312 1385 
778: 579 1563 1688 1713 
779: 18 938 
780: 775 783 
781: 917 1193 1779 
782: 792 838 1011 1344 
783: 780 788 
784: 765 904 
785: 437 1644 
786: 423 1546 
787: 268 1410 
788: 783 790 
789: 597 988 
790: 788 791 
791: 790 793 
792: 110 192 782 1663 
793: 791 794 
794: 793 796 
795: 426 539 938 
796: 794 797 
797: 796 798 
798: 797 799 
799: 798 800 
800: 799 802 
801: 630 810 
802: 800 803 
803: 802 804 
804: 803 805 
805: 423 804 806 
806: 257 805 808 
807: 742 922 
808: 806 809 
809: 808 811 
810: 488 801 1250 
811: 809 813 
812: 876 992 1103 
813: 811 814 
814: 813 815 
815: 814 817 
816: 218 228 
817: 815 819 
818: 72 895 
819: 817 820 
820: 819 822 
821: 549 1385 1788 1975 
822: 820 823 
823: 822 824 
824: 823 825 
825: 824 828 
826: 504 1719 1998 
827: 862 1860 
828: 825 831 
829: 104 116 259 1957 
830: 591 722 737 1176 
831: 828 833 
832: 388 474 863 
833: 831 841 
834: 439 1722 1934 
835: 683 1157 1250 
836: 6 27 1974 
837: 1377 1861 
838: 782 1341 
839: 258 1009 1891 
840: 470 641 1182 1975 
841: 833 842 
842: 841 843 
843: 842 845 
844: 140 728 1358 
845: 843 846 
846: 845 847 
847: 846 848 
848: 847 852 
849: 198 1864 
850: 1047 1586 
851: 44 201 1976 
852: 848 853 
853: 852 854 
854: 853 855 
855: 854 857 
856: 142 1279 1373 
857: 855 858 
858: 857 860 
859: 548 1025 1344 1862 
860: 858 865 
861: 662 1871 
862: 285 827 864 1972 
863: 832 1079 1633 
864: 54 862 
865: 860 868 
866: 411 699 1171 
867: 540 1418 1738 
868: 865 871 
869: 10 690 
870: 666 907 1069 1119 
871: 868 873 
872: 340 1081 1705 
873: 871 877 
874: 268 1260 1692 
875: 249 546 1606 1916 
876: 425 812 1292 
877: 873 878 
878: 877 880 
879: 540 1237 1590 
880: 878 882 
881: 40 1563 
882: 880 883 
883: 882 884 
884: 883 885 
885: 884 887 
886: 1410 1440 1922 
887: 885 891 
888: 427 934 
889: 78 238 1021 
890: 732 1742 
891: 887 898 
892: 303 375 746 1154 1689 
893: 236 485 1316 
894: 435 677 
895: 818 1440 
896: 1210 1866 
897: 943 1185 1361 
898: 891 899 
899: 898 900 
900: 899 903 
901: 400 576 976 
902: 739 956 993 
903: 900 908 
904: 707 784 1481 
905: 652 1646 1912 1928 1935 
906: 78 265 376 758 1836 
907: 870 1177 1320 
908: 903 909 1901 
909: 908 910 
910: 909 912 
911: 443 952 1617 1741 1846 
912: 910 913 
913: 912 914 
914: 913 916 
915: 1420 1477 
916: 914 918 
917: 483 781 
918: 916 919 
919: 918 923 
920: 108 183 1843 1965 
921: 454 568 1055 
922: 807 1308 
923: 919 925 
924: 157 265 646 1506 1715 
925: 923 926 
926: 925 928 
927: 517 1110 1188 1572 
928: 926 929 
929: 504 928 931 
930: 420 484 708 1506 
931: 929 933 
932: 943 1739 
933: 586 931 935 
934: 888 1564 
935: 933 936 
936: 935 937 
937: 936 939 
938: 779 795 1537 1791 
939: 937 940 
940: 939 941 
941: 940 942 1193 
942: 941 944 
943: 897 932 1393 
944: 942 946 
945: 280 1316 1800 
946: 944 947 
947: 946 951 
948: 1332 1529 
949: 45 466 482 1336 
950: 1585 1791 
951: 947 953 
952: 31 151 609 911 
953: 951 954 
954: 953 955 
955: 954 958 
956: 56 700 902 1565 
957: 290 1766 
958: 955 960 
959: 1156 1435 
960: 958 961 
961: 960 962 
962: 961 965 
963: 293 643 1944 
964: 246 658 1486 
965: 962 968 
966: 136 704 
967: 90 290 437 1042 1666 
968: 965 971 
969: 413 1238 
970: 34 1386 
971: 968 972 
972: 971 973 
973: 972 975 
974: 27 42 390 686 
975: 973 977 
976: 901 1550 
977: 975 979 
978: 26 404 1242 
979: 977 982 
980: 573 614 1759 
981: 605 774 1110 1588 
982: 979 984 
983: 64 1159 1271 
984: 982 987 
985: 27 158 1852 
986: 378 559 1047 1780 
987: 984 989 
988: 641 789 
989: 987 994 
990: 210 1040 1488 
991: 1323 1892 
992: 194 812 
993: 213 400 902 
994: 989 996 
995: 424 740 
996: 994 997 
997: 996 998 
998: 997 1002 
999: 727 1976 
1000: 56 353 1608 
1001: 629 1770 
1002: 998 1003 
1003: 1002 1005 
1004: 133 592 
1005: 1003 1006 
1006: 1005 1007 1415 
1007: 1006 1008 
1008: 1007 1010 
1009: 274 699 839 
1010: 1008 1013 
1011: 687 782 1655 
1012: 1230 1658 
1013: 1010 1014 
1014: 1013 1016 
1015: 129 1565 
1016: 1014 1017 
1017: 1016 1022 
1018: 204 1256 
1019: 466 1273 
1020: 533 1564 
1021: 889 1195 1973 1979 
1022: 1017 1024 1784 
1023: 1538 1710 1786 
1024: 1022 1026 
1025: 298 731 859 
1026: 1024 1027 
1027: 1026 1028 
1028: 1027 1030 
1029: 369 1221 1751 
1030: 1028 1034 
1031: 470 1397 1894 
1032: 1084 1097 1131 
1033: 144 672 1438 1717 
1034: 1030 1036 
1035: 656 1248 1745 
1036: 1034 1037 
1037: 1036 1039 
1038: 1605 1626 1792 1976 
1039: 1037 1043 
1040: 990 1351 
1041: 776 1260 
1042: 597 967 1403 1409 
1043: 1039 1044 
1044: 1043 1045 
1045: 1044 1048 
1046: 419 1473 
1047: 193 850 986 
1048: 1045 1049 
1049: 1048 1054 
1050: 594 696 1863 
1051: 1145 1990 
1052: 1209 1518 1774 
1053: 1210 1562 
1054: 1049 1059 
1055: 521 921 1267 1771 
1056: 1522 1542 1934 
1057: 1155 1283 1714 
1058: 320 1467 
1059: 1054 1060 
1060: 515 1059 1061 
1061: 1060 1063 
1062: 242 1922 1957 
1063: 1061 1064 1288 
1064: 1063 1065 
1065: 1064 1072 
1066: 1897 1974 
1067: 161 259 
1068: 83 1377 
1069: 471 629 870 1273 
1070: 184 652 1434 1913 
1071: 152 731 1814 
1072: 1065 1073 
1073: 1072 1074 
1074: 1073 1076 
1075: 93 256 1829 
1076: 1074 1077 
1077: 1076 1078 
1078: 1077 1080 
1079: 435 557 863 1632 1882 
1080: 1078 1082 
1081: 607 872 1314 
1082: 1080 1086 
1083: 646 1880 
1084: 1032 1217 
1085: 1859 1972 
1086: 1082 1087 
1087: 1086 1089 
1088: 1488 1791 
1089: 1087 1090 
1090: 1089 1092 
1091: 21 676 1544 
1092: 1090 1093 
1093: 1092 1094 
1094: 1093 1095 
1095: 1094 1096 
1096: 1095 1098 
1097: 567 663 1032 
1098: 1096 1100 
1099: 108 280 1228 
1100: 1098 1101 
1101: 1100 1102 
1102: 1101 1108 
1103: 812 1154 
1104: 385 640 
1105: 96 468 
1106: 352 433 1861 
1107: 1203 1294 1647 1762 
1108: 1102 1114 
1109: 429 1365 
1110: 24 927 981 1252 
1111: 163 423 605 
1112: 130 228 1294 
1113: 30 521 1731 
1114: 1108 1116 
1115: 256 1241 
1116: 31 1114 1125 
1117: 440 1445 
1118: 25 312 1255 
1119: 171 870 1699 
1120: 478 1606 1867 
1121: 1585 1647 
1122: 548 1263 1361 1869 
1123: 1365 1635 
1124: 651 1339 1374 
1125: 1116 1127 
1126: 235 330 1264 
1127: 1125 1128 
1128: 438 1127 1129 
1129: 1128 1130 
1130: 1129 1132 
1131: 76 337 1032 1905 
1132: 1130 1135 
1133: 3 515 727 
1134: 334 1294 
1135: 1132 1136 
1136: 1135 1138 
1137: 22 50 683 1901 
1138: 1136 1142 
1139: 431 550 
1140: 241 682 770 1568 1659 
1141: 3 1193 
1142: 1138 1144 
1143: 179 1452 
1144: 1142 1146 
1145: 1051 1293 
1146: 1144 1149 
1147: 291 1590 
1148: 239 750 1796 
1149: 1146 1150 
1150: 1149 1151 
1151: 1150 1152 
1152: 1151 1158 
1153: 666 1830 
1154: 892 1103 1877 
1155: 1057 1971 
1156: 274 671 959 
1157: 293 835 1607 
1158: 1152 1160 
1159: 144 983 1176 
1160: 1158 1164 
1161: 3 1192 
1162: 92 289 1909 
1163: 156 1415 1830 
1164: 1160 1165 
1165: 1164 1166 
1166: 1165 1167 
1167: 1166 1168 
1168: 1167 1170 
1169: 1324 1831 
1170: 1168 1172 
1171: 866 1577 
1172: 1170 1178 
1173: 220 1235 
1174: 140 1210 1742 1894 
1175: 1249 1389 
1176: 489 830 1159 1826 1836 
1177: 739 771 907 
1178: 1172 1181 
1179: 293 744 1502 
1180: 303 710 
1181: 1178 1183 
1182: 840 1252 1705 
1183: 1181 1184 
1184: 1183 1186 
1185: 478 897 1460 
1186: 1184 1187 
1187: 1186 1189 
1188: 927 1751 
1189: 1187 1191 
1190: 304 1503 1664 1757 1998 
1191: 1189 1194 
1192: 123 1161 
1193: 781 941 1141 1536 
1194: 1191 1196 
1195: 730 1021 1340 
1196: 1194 1198 
1197: 720 1415 1593 
1198: 1196 1199 
1199: 1198 1200 
1200: 1199 1201 
1201: 1200 1202 
1202: 1201 1204 
1203: 37 587 666 1107 
1204: 1202 1205 
1205: 1204 1206 
1206: 1205 1207 
1207: 1206 1211 
1208: 159 671 
1209: 4 108 1052 
1210: 896 1053 1174 
1211: 1207 1212 
1212: 1211 1213 
1213: 1212 1215 
1214: 617 1664 
1215: 1213 1216 
1216: 1215 1218 
1217: 699 1084 1645 
1218: 1216 1219 
1219: 1218 1220 
1220: 1219 1222 
1221: 713 1029 
1222: 1220 1223 
1223: 1222 1224 
1224: 1223 1225 
1225: 1224 1226 
1226: 1225 1227 
1227: 427 1226 1229 
1228: 1099 1728 
1229: 1227 1231 
1230: 56 524 1012 
1231: 732 1229 1232 
1232: 1231 1233 
1233: 1232 1236 
1234: 130 274 331 
1235: 498 624 1173 
1236: 1233 1239 
1237: 443 879 1892 
1238: 969 1851 
1239: 1236 1240 
1240: 1239 1243 
1241: 265 1115 1849 1967 
1242: 354 548 978 1464 1807 
1243: 1240 1245 
1244: 297 458 730 
1245: 1243 1246 
1246: 1245 1247 
1247: 1246 1253 
1248: 311 1035 
1249: 1175 
1250: 498 654 810 835 
1251: 1307 1397 1813 
1252: 1110 1182 1970 1972 
1253: 1247 1254 
1254: 1253 1257 
1255: 351 1118 1282 
1256: 107 1018 
1257: 1254 1258 
1258: 1257 1259 
1259: 1258 1261 
1260: 874 1041 1684 
1261: 1259 1262 
1262: 1261 1265 
1263: 1122 1460 
1264: 606 753 1126 
1265: 1262 1266 
1266: 1265 1272 
1267: 1055 1456 
1268: 173 1396 1451 
1269: 133 1392 
1270: 607 1880 
1271: 21 330 983 1784 
1272: 1266 1274 
1273: 0 1019 1069 1504 
1274: 1272 1276 
1275: 1869 1969 
1276: 1274 1277 
1277: 1276 1280 
1278: 586 1550 1686 
1279: 484 856 1741 
1280: 1277 1285 
1281: 332 1731 1742 1913 
1282: 1255 1681 
1283: 1057 1407 1831 
1284: 563 1301 1798 
1285: 1280 1289 
1286: 247 1486 
1287: 210 395 536 760 1307 
1288: 220 253 1063 1924 
1289: 1285 1290 
1290: 1289 1295 
1291: 353 1449 1699 
1292: 92 876 
1293: 98 1145 
1294: 291 1107 1112 1134 
1295: 1290 1296 
1296: 1295 1297 
1297: 1296 1298 
1298: 1297 1299 
1299: 1298 1300 
1300: 1299 1302 
1301: 446 581 1284 1624 
1302: 1300 1303 
1303: 1302 1305 
1304: 150 1614 
1305: 1303 1309 
1306: 594 1783 
1307: 172 307 732 1251 1287 
1308: 207 922 1648 
1309: 1305 1311 
1310: 440 1985 
1311: 1309 1312 
1312: 1311 1313 
1313: 1312 1315 
1314: 537 1081 1408 
1315: 1313 1317 
1316: 44 893 945 
1317: 1315 1319 
1318: 89 1622 
1319: 1317 1321 
1320: 907 1784 
1321: 1319 1325 
1322: 758 1601 1904 
1323: 991 1876 
1324: 24 1169 1527 1922 
1325: 1321 1326 
1326: 1325 1327 
1327: 1326 1329 
1328: 150 256 579 1496 1624 
1329: 1327 1330 
1330: 1329 1331 
1331: 1330 1334 
1332: 696 948 
1333: 546 662 770 
1334: 1331 1335 
1335: 1334 1337 
1336: 949 1622 
1337: 1335 1338 
1338: 1337 1342 
1339: 1124 1932 
1340: 707 1195 
1341: 198 392 838 
1342: 1338 1346 
1343: 652 1864 1961 1975 
1344: 729 782 859 1381 1882 
1345: 90 630 1445 1897 
1346: 1342 1347 
1347: 1346 1348 
1348: 1347 1349 
1349: 1348 1350 
1350: 1349 1352 
1351: 245 1040 
1352: 1350 1353 
1353: 1352 1355 
1354: 1477 1669 
1355: 1353 1356 
1356: 1355 1357 
1357: 1356 1360 
1358: 187 482 844 
1359: 1407 1940 
1360: 1357 1363 
1361: 181 897 1122 
1362: 4 1869 1874 
1363: 1360 1366 
1364: 1559 1737 
1365: 57 1109 1123 1406 
1366: 1363 1367 
1367: 1366 1368 
1368: 1367 1369 
1369: 1368 1371 
1370: 295 429 1823 
1371: 1369 1372 
1372: 1371 1375 
1373: 299 856 1490 
1374: 514 1124 
1375: 1372 1376 
1376: 1375 1378 
1377: 330 837 1068 
1378: 1376 1379 
1379: 1378 1380 
1380: 1379 1382 
1381: 85 215 1344 
1382: 1380 1387 
1383: 289 1786 
1384: 556 1798 1936 
1385: 777 821 
1386: 970 1407 1972 
1387: 1382 1395 
1388: 521 737 
1389: 504 716 1175 
1390: 493 669 
1391: 84 1494 1866 1935 
1392: 380 1269 
1393: 161 943 1918 
1394: 104 597 
1395: 1387 1398 
1396: 140 159 1268 
1397: 341 581 664 1031 1251 
1398: 1395 1399 
1399: 1398 1400 
1400: 1399 1401 
1401: 1400 1402 
1402: 1401 1404 
1403: 1042 1499 1588 
1404: 1402 1405 
1405: 1404 1411 
1406: 220 583 594 1365 1461 
1407: 487 1283 1359 1386 
1408: 290 413 760 1314 
1409: 1042 1879 
1410: 787 886 
1411: 1405 1412 
1412: 1411 1413 
1413: 1412 1414 
1414: 1413 1419 
1415: 1006 1163 1197 1724 
1416: 592 1664 
1417: 508 521 540 
1418: 751 867 
1419: 1414 1421 
1420: 915 1923 
1421: 1419 1422 
1422: 1421 1424 
1423: 298 351 391 508 
1424: 1422 1425 
1425: 1424 1426 
1426: 178 1425 1427 
1427: 1426 1428 
1428: 1427 1429 
1429: 1428 1430 
1430: 1429 1431 
1431: 1430 1432 
1432: 1431 1433 
1433: 1432 1437 
1434: 720 1070 1870 
1435: 959 1600 1659 
1436: 238 246 496 
1437: 1433 1441 
1438: 384 1033 1912 
1439: 705 1871 
1440: 886 895 
1441: 1437 1442 
1442: 1441 1443 
1443: 1442 1446 
1444: 354 1526 
1445: 152 207 1117 1345 
1446: 1443 1447 
1447: 1446 1448 
1448: 1447 1453 
1449: 156 1291 
1450: 419 1464 1494 1688 
1451: 477 1268 1531 
1452: 480 567 1143 
1453: 1448 1454 
1454: 1453 1455 
1455: 1454 1457 
1456: 609 1267 
1457: 1455 1458 
1458: 1457 1459 
1459: 1458 1462 
1460: 161 739 1185 1263 1464 
1461: 134 179 1406 
1462: 1459 1463 
1463: 1462 1470 
1464: 34 1242 1450 1460 1967 
1465: 1578 1741 
1466: 1479 1608 1735 
1467: 1058 1600 
1468: 560 1801 
1469: 111 640 
1470: 1463 1471 
1471: 1470 1472 
1472: 1471 1475 
1473: 1046 1717 1770 1800 1905 
1474: 1559 1941 
1475: 1472 1476 
1476: 1475 1480 1600 
1477: 30 915 1354 
1478: 1695 1759 
1479: 1466 1651 
1480: 1476 1482 
1481: 132 243 904 1829 
1482: 1480 1483 
1483: 152 1482 1484 
1484: 1483 1485 
1485: 1484 1487 
1486: 111 251 964 1286 
1487: 1485 1491 
1488: 361 990 1088 
1489: 1734 1999 
1490: 390 1373 1520 
1491: 1487 1492 
1492: 1491 1493 
1493: 1492 1495 
1494: 395 512 1391 1450 
1495: 1493 1497 
1496: 144 1328 
1497: 1495 1498 
1498: 1497 1500 
1499: 1403 1511 
1500: 1498 1501 
1501: 1500 1505 
1502: 1179 1578 
1503: 178 1190 1766 1928 
1504: 551 1273 
1505: 1501 1508 
1506: 173 924 930 1907 
1507: 24 1966 
1508: 1505 1510 
1509: 140 433 
1510: 1508 1512 
1511: 1 1499 
1512: 1510 1514 
1513: 458 1722 1924 
1514: 1512 1515 
1515: 1514 1516 
1516: 1515 1519 
1517: 60 344 1728 1973 
1518: 46 447 1052 1644 1766 
1519: 1516 1524 
1520: 319 1490 
1521: 189 1584 
1522: 23 1056 
1523: 452 1586 
1524: 1519 1525 
1525: 1524 1528 
1526: 1444 1970 
1527: 249 375 1324 
1528: 1525 1530 
1529: 291 353 948 
1530: 1528 1531 
1531: 1451 1530 1532 
1532: 1531 1533 
1533: 1532 1534 
1534: 1533 1535 
1535: 1534 1539 
1536: 97 1193 
1537: 157 331 938 1952 
1538: 119 171 1023 1925 
1539: 1535 1540 
1540: 1539 1543 
1541: 326 1692 
1542: 87 1056 1681 
1543: 1540 1547 
1544: 22 501 1091 
1545: 396 606 
1546: 46 786 
1547: 1543 1549 
1548: 604 1777 
1549: 1547 1551 
1550: 976 1278 1818 
1551: 1549 1552 
1552: 1551 1553 
1553: 1552 1554 1624 
1554: 1553 1555 
1555: 1554 1556 
1556: 1555 1557 
1557: 1556 1561 
1558: 83 1803 1981 
1559: 312 1364 1474 
1560: 438 679 
1561: 1557 1567 
1562: 21 1053 
1563: 778 881 
1564: 934 1020 
1565: 956 1015 
1566: 576 1807 
1567: 1561 1569 
1568: 64 1140 1846 
1569: 1567 1570 
1570: 1569 1571 
1571: 1570 1574 
1572: 719 927 1941 1985 
1573: 533 1989 
1574: 1571 1575 
1575: 1574 1576 
1576: 1575 1579 
1577: 1171 1965 
1578: 1465 1502 
1579: 1576 1580 
1580: 1579 1581 
1581: 1580 1582 
1582: 1581 1583 
1583: 1582 1587 
1584: 658 1521 
1585: 950 1121 
1586: 850 1523 
1587: 1583 1591 
1588: 351 712 981 1403 
1589: 135 703 
1590: 879 1147 
1591: 1587 1592 
1592: 1591 1593 
1593: 1197 1592 1596 
1594: 326 1811 1823 
1595: 172 192 671 
1596: 557 1593 1597 
1597: 1596 1598 
1598: 1597 1599 
1599: 1598 1602 
1600: 1435 1467 1476 1879 
1601: 322 582 1322 1907 
1602: 1599 1603 
1603: 1602 1604 
1604: 1603 1609 
1605: 283 1038 
1606: 875 1120 1791 
1607: 675 1157 
1608: 1000 1466 1823 
1609: 1604 1610 
1610: 1609 1611 
1611: 1610 1612 
1612: 1611 1615 
1613: 110 627 
1614: 134 1304 
1615: 1612 1616 
1616: 1615 1618 
1617: 157 911 
1618: 1616 1619 
1619: 1618 1620 
1620: 1619 1621 
1621: 1620 1623 
1622: 1318 1336 
1623: 1621 1625 
1624: 1301 1328 1553 1867 
1625: 1623 1627 
1626: 656 1038 1997 
1627: 1625 1628 
1628: 1627 1629 
1629: 1628 1632 
1630: 62 364 
1631: 441 1990 
1632: 1079 1629 1634 
1633: 863 1724 1908 
1634: 1632 1636 
1635: 557 1123 1861 1999 
1636: 1634 1638 
1637: 308 361 
1638: 1636 1639 
1639: 1638 1641 
1640: 48 393 587 672 
1641: 1639 1642 
1642: 1641 1649 
1643: 654 1954 
1644: 785 1518 1989 
1645: 544 1217 
1646: 558 905 1663 1724 
1647: 1107 1121 
1648: 371 434 1308 
1649: 1642 1650 
1650: 1649 1653 
1651: 361 1479 1891 
1652: 236 1696 
1653: 1650 1654 
1654: 1653 1656 
1655: 1011 1722 
1656: 1654 1660 
1657: 222 235 
1658: 222 1012 1803 
1659: 496 1140 1435 1717 
1660: 1656 1661 
1661: 1660 1665 
1662: 25 434 1924 
1663: 345 792 1646 
1664: 1190 1214 1416 1952 
1665: 1661 1670 
1666: 239 408 967 
1667: 280 560 565 
1668: 37 412 546 
1669: 268 1354 1904 
1670: 1665 1671 
1671: 1670 1672 
1672: 1671 1673 
1673: 1672 1674 
1674: 1673 1677 
1675: 603 1908 
1676: 524 1817 
1677: 1674 1678 
1678: 1677 1679 
1679: 1678 1680 
1680: 1679 1682 
1681: 290 1282 1542 
1682: 1680 1683 
1683: 1682 1685 
1684: 1260 1955 1966 
1685: 1683 1689 
1686: 164 559 1278 
1687: 114 323 
1688: 778 1450 
1689: 892 1685 1690 
1690: 1689 1691 
1691: 1690 1693 
1692: 874 1541 
1693: 1691 1694 
1694: 1693 1697 
1695: 1478 1734 1892 
1696: 1652 1997 
1697: 1694 1698 
1698: 1697 1700 
1699: 1119 1291 
1700: 1698 1702 
1701: 1815 1962 
1702: 1700 1703 
1703: 1702 1704 
1704: 1703 1706 
1705: 31 872 1182 
1706: 1704 1707 
1707: 1706 1708 
1708: 1707 1709 
1709: 1708 1711 
1710: 1023 1942 
1711: 1709 1712 
1712: 1711 1716 
1713: 686 778 1770 
1714: 1057 1788 1837 
1715: 280 410 924 
1716: 1712 1718 
1717: 1033 1473 1659 1952 
1718: 1716 1720 
1719: 25 385 410 826 1738 
1720: 1718 1721 
1721: 1720 1729 
1722: 834 1513 1655 1908 
1723: 1727 1766 1941 
1724: 34 375 1415 1633 1646 
1725: 439 1737 1760 
1726: 193 285 
1727: 73 1723 
1728: 1228 1517 1747 1813 
1729: 1721 1730 
1730: 1729 1732 
1731: 1113 1281 1876 1946 
1732: 1730 1733 
1733: 1732 1736 
1734: 583 1489 1695 
1735: 431 712 716 1466 
1736: 1733 1740 
1737: 1364 1725 1882 1942 
1738: 867 1719 
1739: 932 1811 
1740: 1736 1743 
1741: 911 1279 1465 
1742: 300 630 890 1174 1281 
1743: 1740 1746 
1744: 415 1761 
1745: 235 1035 
1746: 1743 1748 
1747: 92 1728 1938 
1748: 1746 1749 
1749: 1748 1750 
1750: 1749 1752 
1751: 76 567 1029 1188 
1752: 1750 1753 
1753: 1752 1754 
1754: 1753 1755 
1755: 1754 1756 
1756: 1755 1763 
1757: 483 1190 
1758: 424 714 1817 
1759: 980 1478 
1760: 732 1725 1812 
1761: 513 1744 
1762: 123 165 435 1107 
1763: 1756 1764 
1764: 1763 1765 
1765: 1764 1767 
1766: 957 1503 1518 1723 
1767: 1765 1768 
1768: 1767 1769 
1769: 1768 1772 
1770: 1001 1473 1713 
1771: 770 1055 
1772: 1769 1773 
1773: 1772 1775 
1774: 524 1052 
1775: 1773 1776 
1776: 1775 1778 
1777: 763 1548 
1778: 1776 1782 
1779: 781 1840 
1780: 986 1958 1991 
1781: 540 732 
1782: 1778 1785 
1783: 6 228 744 1306 
1784: 1022 1271 1320 
1785: 1782 1787 
1786: 1023 1383 
1787: 1785 1789 
1788: 821 1714 
1789: 1787 1790 
1790: 1789 1793 
1791: 178 938 950 1088 1606 
1792: 253 471 1038 
1793: 1790 1794 
1794: 1793 1797 
1795: 182 431 
1796: 72 1148 1876 
1797: 1794 1799 
1798: 1284 1384 
1799: 1797 1802 
1800: 0 488 945 1473 1967 
1801: 393 1468 
1802: 1799 1804 
1803: 582 1558 1658 
1804: 1802 1808 
1805: 181 331 404 
1806: 446 469 1830 1955 
1807: 43 1242 1566 
1808: 1804 1809 
1809: 1808 1810 
1810: 1809 1816 
1811: 1594 1739 
1812: 746 1760 
1813: 645 1251 1728 
1814: 496 615 1071 
1815: 1701 1849 
1816: 1810 1819 
1817: 20 710 1676 1758 
1818: 311 1550 
1819: 1816 1820 
1820: 1819 1821 
1821: 1820 1822 
1822: 1821 1825 
1823: 1370 1594 1608 
1824: 568 690 
1825: 1822 1827 
1826: 55 394 670 1176 
1827: 1825 1828 
1828: 1827 1832 
1829: 20 1075 1481 
1830: 1153 1163 1806 
1831: 1169 1283 
1832: 1828 1833 
1833: 1832 1834 
1834: 1833 1835 
1835: 1834 1838 
1836: 906 1176 1968 
1837: 57 477 1714 
1838: 1835 1839 
1839: 1838 1842 
1840: 55 270 678 1779 
1841: 129 1843 1915 
1842: 1839 1844 
1843: 708 920 1841 
1844: 1842 1845 
1845: 1844 1847 
1846: 343 911 1568 
1847: 1845 1848 
1848: 1847 1850 
1849: 565 1241 1815 
1850: 1848 1853 
1851: 298 1238 
1852: 111 985 
1853: 1850 1854 
1854: 1853 1855 
1855: 1854 1856 
1856: 1855 1857 
1857: 1856 1858 
1858: 1857 1865 
1859: 226 1085 
1860: 23 334 710 827 
1861: 351 837 1106 1635 
1862: 603 859 1969 
1863: 42 142 307 1050 
1864: 558 849 1343 
1865: 1858 1872 
1866: 114 896 1391 1868 1939 
1867: 259 1120 1624 
1868: 369 384 569 1866 
1869: 1122 1275 1362 
1870: 300 412 548 1434 
1871: 629 861 1439 
1872: 1865 1873 
1873: 1872 1875 
1874: 30 1362 
1875: 1873 1878 
1876: 1323 1731 1796 
1877: 343 1154 
1878: 1875 1881 
1879: 155 1409 1600 
1880: 1083 1270 
1881: 1878 1883 
1882: 146 493 1079 1344 1737 
1883: 1881 1884 
1884: 1883 1885 
1885: 1884 1886 
1886: 1885 1887 
1887: 1886 1888 
1888: 1887 1889 
1889: 1888 1890 
1890: 1889 1893 
1891: 774 839 1651 
1892: 991 1237 1695 
1893: 1890 1895 
1894: 1031 1174 1912 
1895: 1893 1898 
1896: 378 1939 1961 
1897: 1066 1345 
1898: 1895 1899 
1899: 1898 1900 
1900: 1899 1902 
1901: 564 643 908 1137 
1902: 1900 1903 
1903: 179 1902 1906 
1904: 1322 1669 
1905: 573 1131 1473 
1906: 1903 1911 
1907: 423 1506 1601 
1908: 295 1633 1675 1722 
1909: 184 1162 
1910: 270 376 614 
1911: 1906 1914 
1912: 905 1438 1894 1965 
1913: 332 1070 1281 
1914: 1911 1917 
1915: 31 567 1841 1956 
1916: 26 750 875 
1917: 1914 1919 
1918: 258 1393 
1919: 1917 1926 
1920: 40 489 686 
1921: 87 344 391 
1922: 549 763 886 1062 1324 
1923: 322 418 1420 
1924: 136 1288 1513 1662 
1925: 713 1538 
1926: 1919 1927 
1927: 285 1926 1929 
1928: 65 210 385 905 1503 
1929: 1927 1930 
1930: 1929 1931 
1931: 1930 1933 
1932: 1339 1952 
1933: 1931 1937 
1934: 602 834 1056 
1935: 57 515 905 1391 
1936: 27 704 1384 
1937: 1933 1943 
1938: 0 1747 
1939: 173 1866 1896 
1940: 523 558 1359 
1941: 1474 1572 1723 
1942: 1710 1737 1955 
1943: 1937 1945 
1944: 159 736 963 
1945: 1943 1947 
1946: 243 1731 
1947: 1945 1949 
1948: 291 586 
1949: 1947 1950 
1950: 1949 1951 
1951: 1950 1953 
1952: 612 1537 1664 1717 1932 
1953: 1951 1959 
1954: 771 1643 
1955: 742 1684 1806 1942 
1956: 335 1915 
1957: 304 829 1062 
1958: 201 1780 
1959: 1953 1960 
1960: 1959 1963 
1961: 546 1343 1896 
1962: 531 1701 
1963: 1960 1964 
1964: 1963 1977 
1965: 676 920 1577 1912 
1966: 6 1507 1684 1999 
1967: 1241 1464 1800 
1968: 410 469 1836 
1969: 1275 1862 
1970: 245 1252 1526 
1971: 551 1155 
1972: 98 862 1085 1252 1386 
1973: 1021 1517 
1974: 111 629 836 1066 
1975: 821 840 1343 
1976: 199 612 851 999 1038 
1977: 1964 1980 
1978: 357 408 454 729 
1979: 669 1021 
1980: 1977 1982 
1981: 73 1558 
1982: 1980 1983 
1983: 1982 1984 
1984: 1983 1986 
1985: 1310 1572 
1986: 1984 1987 
1987: 1986 1988 
1988: 1987 1992 
1989: 439 1573 1644 
1990: 124 1051 1631 
1991: 93 690 1780 
1992: 1988 1994 
1993: 478 719 
1994: 1992 1995 
1995: 1994 1996 
1996: 1995 
1997: 1626 1696 
1998: 826 1190 
1999: 11 1489 1635 1966 
44