0: 2 
1: 375 837 1201 
2: 0 3 
3: 2 5 
4: 421 516 1080 1093 
5: 3 8 
6: 643 960 1689 
7: 862 948 1738 
8: 5 9 
9: 8 11 
10: 464 1763 1812 
11: 9 12 
12: 11 15 
13: 1518 1979 
14: 218 1823 
15: 12 16 
16: 15 19 
17: 1283 1802 1889 
18: 1443 1566 1765 
19: 16 21 
20: 281 932 1021 1117 
21: 19 22 
22: 21 23 
23: 22 25 
24: 518 962 1143 1615 1799 
25: 23 31 
26: 1803 1926 
27: 1446 1512 
28: 196 1162 
29: 1063 1317 
30: 73 601 1662 
31: 25 32 
32: 31 34 
33: 583 929 1176 
34: 32 35 
35: 34 38 
36: 175 1683 
37: 103 114 227 
38: 35 40 
39: 135 818 
40: 38 41 
41: 40 46 
42: 1144 1364 
43: 1103 1299 1631 
44: 665 1421 
45: 996 1184 1518 
46: 41 50 
47: 530 1476 1960 
48: 212 863 1779 
49: 240 612 1614 
50: 46 51 
51: 50 53 
52: 703 845 
53: 51 55 
54: 637 1979 
55: 53 57 
56: 539 578 1845 
57: 55 58 
58: 57 60 
59: 324 470 
60: 58 61 
61: 60 70 
62: 393 1835 
63: 1035 1132 1671 1707 1820 
64: 154 528 
65: 626 1107 1600 
66: 392 777 1859 
67: 720 970 979 1585 
68: 520 692 750 1026 1172 
69: 99 238 264 
70: 61 71 
71: 70 77 
72: 1083 1156 1230 1647 
73: 30 822 
74: 1827 1943 
75: 979 1584 1918 
76: 853 998 
77: 71 79 
78: 503 572 1098 1633 
79: 77 80 582 1725 
80: 79 81 
81: 80 83 
82: 977 1858 
83: 81 84 
84: 83 86 
85: 390 408 898 1702 
86: 84 87 
87: 86 89 
88: 91 1138 
89: 87 92 
90: 853 1798 
91: 88 230 1702 
92: 89 95 
93: 125 1252 1956 
94: 203 230 372 
95: 92 96 
96: 95 97 
97: 96 98 
98: 97 100 
99: 69 1027 
100: 98 102 
101: 946 994 
102: 100 104 
103: 37 997 
104: 102 107 
105: 129 646 1655 1718 
106: 446 1105 
107: 104 108 
108: 107 109 
109: 108 110 
110: 109 111 
111: 110 112 
112: 111 117 
113: 420 958 1694 
114: 37 1706 
115: 232 1588 1608 
116: 445 1206 1566 
117: 112 118 
118: 117 119 506 
119: 118 120 
120: 119 121 
121: 120 122 1631 
122: 121 123 
123: 122 124 
124: 123 126 
125: 93 352 
126: 124 128 
127: 1832 1847 
128: 126 133 
129: 105 382 1270 
130: 213 1716 
131: 365 386 426 1245 
132: 292 472 1551 
133: 128 134 
134: 133 137 
135: 39 635 
136: 1006 1531 
137: 134 140 
138: 319 378 498 851 1786 
139: 455 910 959 1647 
140: 137 141 
141: 140 143 
142: 635 1596 
143: 141 144 
144: 143 146 
145: 1586 1650 1831 
146: 144 148 
147: 495 595 1555 
148: 146 149 
149: 148 150 
150: 149 152 
151: 777 
152: 150 157 
153: 1692 1859 
154: 64 1011 1835 
155: 666 782 817 
156: 1389 1532 
157: 152 160 
158: 522 946 1739 
159: 193 1186 1856 
160: 157 161 
161: 160 162 
162: 161 163 
163: 162 164 
164: 163 166 
165: 577 1182 1503 1764 
166: 164 168 
167: 1700 1910 
168: 166 170 
169: 358 1408 1415 
170: 168 171 
171: 170 172 
172: 171 173 
173: 172 176 
174: 297 750 
175: 36 686 1448 
176: 173 177 
177: 176 181 
178: 1654 1974 
179: 791 1438 1453 
180: 185 804 
181: 177 182 
182: 181 183 
183: 182 184 
184: 183 186 
185: 180 307 716 
186: 184 187 
187: 186 188 
188: 187 190 
189: 480 626 1615 1940 
190: 188 191 
191: 190 195 
192: 518 1550 1987 
193: 159 339 1552 
194: 533 1952 
195: 191 198 
196: 28 1144 1259 
197: 943 1855 1946 
198: 195 199 
199: 198 200 
200: 199 201 
201: 200 202 
202: 201 205 
203: 94 453 758 874 1308 
204: 411 448 
205: 202 207 
206: 1707 1710 
207: 205 208 
208: 207 210 
209: 327 660 
210: 208 214 
211: 264 725 1064 
212: 48 524 
213: 130 226 
214: 210 215 
215: 214 216 
216: 215 217 
217: 216 220 
218: 14 1192 
219: 706 1727 
220: 217 222 
221: 484 1101 1976 
222: 220 228 
223: 460 1110 1508 
224: 325 1420 
225: 1278 1593 1656 
226: 213 1496 1985 
227: 37 641 686 
228: 222 231 
229: 393 574 
230: 91 94 828 1396 
231: 228 233 
232: 115 1051 
233: 231 236 
234: 542 1489 1501 1915 
235: 1179 1387 
236: 233 239 
237: 920 1841 1929 
238: 69 862 
239: 236 241 
240: 49 629 
241: 239 242 
242: 241 243 
243: 242 247 
244: 424 847 
245: 299 529 1898 
246: 1090 1480 
247: 243 248 
248: 247 249 
249: 248 251 
250: 453 582 1675 
251: 249 252 
252: 251 255 
253: 452 1273 
254: 1298 1633 
255: 252 257 
256: 1027 1528 
257: 255 258 
258: 257 259 
259: 258 260 
260: 259 261 
261: 260 262 
262: 261 263 542 
263: 262 266 
264: 69 211 1559 
265: 949 991 1756 
266: 263 267 
267: 266 269 
268: 566 967 1668 
269: 267 271 
270: 947 1559 
271: 269 272 
272: 271 273 
273: 272 275 
274: 391 555 
275: 273 276 
276: 275 277 
277: 276 278 
278: 277 279 
279: 278 280 
280: 279 282 
281: 20 1164 1290 
282: 280 284 
283: 926 1126 1697 
284: 282 285 
285: 284 287 
286: 674 845 1599 
287: 285 289 
288: 1631 1897 
289: 287 291 
290: 608 726 
291: 289 293 
292: 132 1403 
293: 291 294 
294: 293 295 
295: 294 296 
296: 295 300 
297: 174 472 1843 
298: 850 949 1544 
299: 245 1459 
300: 296 301 
301: 300 303 
302: 1422 1694 
303: 301 305 
304: 463 798 818 1121 1567 
305: 303 306 
306: 305 308 
307: 185 696 1430 1864 
308: 306 309 
309: 308 311 
310: 433 445 
311: 309 313 
312: 577 1230 
313: 311 314 
314: 313 318 
315: 1401 1628 
316: 1106 1542 
317: 386 420 660 
318: 314 328 
319: 138 635 969 
320: 381 462 1233 
321: 834 1523 
322: 536 1139 1238 
323: 646 864 1869 
324: 59 656 779 831 
325: 224 432 
326: 471 1473 1633 
327: 209 453 887 1625 
328: 318 329 
329: 328 331 
330: 883 1700 1914 
331: 329 333 
332: 768 1078 
333: 331 337 
334: 862 918 1155 1985 
335: 1413 1550 
336: 1162 1238 
337: 333 338 
338: 337 341 
339: 193 575 1304 1508 
340: 817 1487 1614 
341: 338 346 1359 
342: 443 736 1259 1331 1347 
343: 1120 1322 1761 
344: 1030 1836 
345: 1468 1667 1963 
346: 341 348 
347: 450 954 1388 1726 
348: 346 350 
349: 600 798 
350: 348 351 
351: 350 353 
352: 125 829 1020 
353: 351 354 
354: 353 355 
355: 354 359 
356: 834 1505 1911 
357: 370 1166 
358: 169 1216 
359: 355 360 
360: 359 361 
361: 360 362 
362: 361 363 
363: 362 366 
364: 440 1503 
365: 131 976 1396 1543 
366: 363 368 
367: 518 913 1860 1891 1926 
368: 366 369 
369: 368 373 
370: 357 628 1044 1756 
371: 578 737 
372: 94 628 1674 
373: 369 377 
374: 463 814 
375: 1 1021 1239 1650 
376: 492 1248 1793 
377: 373 379 
378: 138 1132 1333 1680 
379: 377 383 
380: 629 1677 1716 
381: 320 480 924 
382: 129 432 1531 
383: 379 384 
384: 383 385 
385: 384 388 
386: 131 317 1435 
387: 1075 1186 1915 1974 
388: 385 395 1798 
389: 774 1169 1764 
390: 85 1038 1607 
391: 274 1326 1751 
392: 66 967 1912 
393: 62 229 
394: 869 998 
395: 388 396 
396: 395 397 
397: 396 398 
398: 397 399 
399: 398 401 
400: 963 1771 
401: 399 402 
402: 401 405 
403: 920 1677 1793 
404: 1847 1978 
405: 402 406 
406: 405 407 
407: 406 414 
408: 85 592 1750 
409: 603 1492 
410: 509 974 1717 
411: 204 929 
412: 481 702 1888 
413: 1284 1529 1775 
414: 407 415 
415: 414 417 
416: 1621 1766 
417: 415 419 
418: 479 1180 1716 
419: 417 422 
420: 113 317 1456 
421: 4 839 1011 1065 
422: 419 423 
423: 422 427 
424: 244 1135 1616 
425: 514 765 1766 1908 
426: 131 777 1480 1689 1885 
427: 423 429 1421 
428: 482 1364 1718 
429: 427 430 
430: 429 431 
431: 430 435 
432: 325 382 1205 
433: 310 1459 
434: 597 797 1097 1230 1471 
435: 431 436 
436: 435 439 
437: 666 772 1701 
438: 500 1194 
439: 436 441 
440: 364 949 1856 
441: 439 442 
442: 441 447 
443: 342 601 952 1650 1739 
444: 505 536 1005 1578 
445: 116 310 1699 
446: 106 882 
447: 442 451 1487 
448: 204 1427 
449: 560 1103 1651 
450: 347 575 
451: 447 454 
452: 253 1126 1303 
453: 203 250 327 1503 1540 
454: 451 456 
455: 139 518 570 1270 
456: 454 458 
457: 962 1350 
458: 456 459 
459: 458 461 
460: 223 1650 
461: 459 465 
462: 320 765 
463: 304 374 1387 
464: 10 1986 
465: 461 466 
466: 465 468 1807 
467: 1398 1638 
468: 466 469 
469: 468 473 
470: 59 506 1734 1999 
471: 326 495 
472: 132 297 917 
473: 469 474 
474: 473 476 
475: 858 925 1182 
476: 474 477 
477: 476 478 
478: 477 483 
479: 418 1344 
480: 189 381 1076 1298 1800 
481: 412 585 
482: 428 1801 
483: 478 485 
484: 221 1387 
485: 483 486 
486: 485 487 
487: 486 488 
488: 487 489 
489: 488 490 
490: 489 494 
491: 779 1313 1610 
492: 376 1702 
493: 745 1739 
494: 490 496 
495: 147 471 
496: 494 497 
497: 496 499 
498: 138 564 572 
499: 497 501 
500: 438 1153 
501: 499 502 
502: 501 504 
503: 78 802 1035 1202 1462 
504: 502 507 
505: 444 612 
506: 118 470 1488 1978 
507: 504 508 
508: 507 510 
509: 410 1145 1540 1835 
510: 508 515 
511: 1154 1462 1976 
512: 971 1710 
513: 717 868 
514: 425 732 1829 
515: 510 517 
516: 4 925 1095 1221 1863 
517: 515 519 
518: 24 192 367 455 
519: 517 523 
520: 68 720 744 1963 
521: 1403 1812 
522: 158 780 1468 
523: 519 525 
524: 212 1153 1820 1880 
525: 523 526 
526: 525 527 
527: 526 529 
528: 64 1514 1886 
529: 245 527 531 
530: 47 1615 1799 
531: 529 532 
532: 531 535 
533: 194 1314 1557 1663 
534: 1126 1131 1834 
535: 532 537 
536: 322 444 1112 1509 
537: 535 538 
538: 537 540 
539: 56 643 657 917 1557 
540: 538 541 
541: 540 543 
542: 234 262 1836 1887 
543: 541 545 
544: 824 1991 
545: 543 547 
546: 1068 1410 
547: 545 548 
548: 547 549 
549: 548 552 
550: 916 1117 
551: 1290 1544 1906 
552: 549 554 
553: 658 772 776 1432 
554: 552 556 
555: 274 1535 
556: 554 557 1290 
557: 556 558 
558: 557 559 
559: 558 562 
560: 449 629 1773 
561: 880 882 1454 
562: 559 563 
563: 562 567 
564: 498 1548 
565: 779 1386 
566: 268 945 1458 
567: 563 568 
568: 567 569 
569: 568 576 
570: 455 1145 1299 
571: 595 1039 
572: 78 498 636 1596 
573: 619 1599 
574: 229 1751 
575: 339 450 793 1112 1697 
576: 569 579 
577: 165 312 868 
578: 56 371 
579: 576 580 
580: 579 581 
581: 580 584 
582: 79 250 970 1373 1606 
583: 33 1608 
584: 581 586 
585: 481 1287 1793 
586: 584 589 
587: 1143 1258 1783 
588: 799 1338 1427 
589: 586 590 
590: 589 591 
591: 590 593 
592: 408 1170 
593: 591 594 
594: 593 602 
595: 147 571 954 1239 
596: 897 1319 
597: 434 1999 
598: 977 1105 1299 1968 
599: 1494 1854 1862 1939 
600: 349 726 1793 1800 
601: 30 443 1552 
602: 594 604 
603: 409 1750 
604: 602 606 
605: 1017 1969 1972 
606: 604 607 
607: 606 609 
608: 290 1410 1751 
609: 607 611 
610: 829 1177 1247 1679 1748 
611: 609 613 
612: 49 505 1163 
613: 611 614 
614: 613 615 
615: 614 616 
616: 615 617 
617: 616 618 
618: 617 620 
619: 573 1760 
620: 618 621 
621: 620 623 
622: 656 754 1317 
623: 621 624 
624: 623 625 
625: 624 627 
626: 65 189 1359 
627: 625 630 
628: 370 372 636 1551 
629: 240 380 560 1456 
630: 627 631 
631: 630 632 
632: 631 633 
633: 632 634 
634: 633 638 
635: 135 142 319 
636: 572 628 674 1807 
637: 54 1025 1854 
638: 634 639 
639: 638 642 
640: 913 1770 
641: 227 1115 1324 1513 
642: 639 645 
643: 6 539 1195 
644: 1182 1512 1661 1711 
645: 642 647 
646: 105 323 746 1442 1898 
647: 645 648 
648: 647 649 
649: 648 650 
650: 649 652 
651: 690 1976 
652: 650 653 
653: 652 654 
654: 653 655 
655: 654 659 
656: 324 622 1500 1661 
657: 539 1525 
658: 553 725 1615 
659: 655 661 
660: 209 317 
661: 659 664 
662: 1524 1827 
663: 842 1712 1798 
664: 661 667 
665: 44 961 
666: 155 437 1101 
667: 664 668 
668: 667 669 
669: 668 670 
670: 669 671 
671: 670 673 
672: 674 696 
673: 671 675 
674: 286 636 672 
675: 673 676 
676: 675 677 
677: 676 678 
678: 677 681 
679: 877 1304 
680: 758 1128 1505 
681: 678 682 
682: 681 684 
683: 1259 1527 1885 
684: 682 685 
685: 684 689 
686: 175 227 
687: 718 916 
688: 715 887 1169 
689: 685 691 
690: 651 1171 1409 
691: 689 693 
692: 68 1754 
693: 691 694 
694: 693 695 
695: 694 697 
696: 307 672 1704 1929 
697: 695 699 
698: 1095 1177 
699: 697 700 
700: 699 701 
701: 700 705 
702: 412 856 
703: 52 1633 
704: 744 1226 
705: 701 708 
706: 219 863 1508 1841 
707: 1234 1466 
708: 705 709 
709: 708 710 
710: 709 712 
711: 752 1182 1598 1691 
712: 710 713 
713: 712 714 
714: 713 721 
715: 688 1166 
716: 185 1030 1897 
717: 513 1436 
718: 687 858 1311 1330 
719: 831 1052 1424 
720: 67 520 1303 1486 1555 
721: 714 723 
722: 1285 1443 1788 
723: 721 724 
724: 723 727 
725: 211 658 1523 
726: 290 600 1985 
727: 724 729 
728: 1201 1802 
729: 727 731 
730: 1583 1944 
731: 729 735 
732: 514 1389 1529 
733: 926 1835 
734: 1388 1903 
735: 731 736 
736: 342 735 738 
737: 371 1940 
738: 736 739 
739: 738 740 
740: 739 741 
741: 740 742 
742: 741 743 
743: 742 747 
744: 520 704 
745: 493 954 
746: 646 1501 
747: 743 748 
748: 747 749 754 
749: 748 751 
750: 68 174 867 
751: 749 755 
752: 711 790 
753: 1675 1729 1976 
754: 622 748 1961 
755: 751 757 
756: 1083 1766 1956 
757: 755 759 
758: 203 680 1610 1775 
759: 757 760 
760: 759 761 
761: 760 762 
762: 761 764 
763: 1094 1585 1726 
764: 762 766 
765: 425 462 1318 
766: 764 767 
767: 766 769 
768: 332 1128 
769: 767 771 
770: 1080 1395 
771: 769 773 
772: 437 553 
773: 771 781 
774: 389 1086 
775: 788 1221 
776: 553 954 1322 
777: 66 151 426 
778: 953 1134 1653 
779: 324 491 565 1107 
780: 522 1580 1973 
781: 773 783 
782: 155 1381 
783: 781 784 
784: 783 785 
785: 784 786 
786: 785 787 
787: 786 792 
788: 775 801 1576 
789: 1101 1114 1588 1607 1906 
790: 752 1156 
791: 179 1887 
792: 787 794 
793: 575 910 1181 
794: 792 795 
795: 794 800 
796: 1221 1751 1756 1960 
797: 434 1195 1319 1703 
798: 304 349 1740 
799: 588 1699 
800: 795 803 
801: 788 1270 1711 
802: 503 1112 
803: 800 806 
804: 180 1774 1952 
805: 962 1028 
806: 803 807 
807: 806 808 
808: 807 810 
809: 1109 1365 1494 1752 1834 
810: 808 812 
811: 1582 1630 1918 
812: 810 813 
813: 812 819 
814: 374 1518 1673 
815: 913 1132 1713 
816: 915 1906 
817: 155 340 1432 1906 
818: 39 304 1456 
819: 813 820 
820: 819 821 
821: 820 823 
822: 73 1625 1834 
823: 821 825 
824: 544 1153 
825: 823 826 
826: 825 827 
827: 826 828 
828: 230 827 830 
829: 352 610 1114 1219 
830: 828 832 
831: 324 719 
832: 830 833 
833: 832 836 
834: 321 356 
835: 839 1730 
836: 833 840 
837: 1 1284 1752 
838: 1163 1939 
839: 421 835 
840: 836 841 
841: 840 843 
842: 663 1496 
843: 841 844 
844: 843 849 1960 
845: 52 286 
846: 920 984 
847: 244 1593 1766 
848: 979 1586 
849: 844 852 
850: 298 1017 1745 1946 
851: 138 1216 1582 1994 
852: 849 854 
853: 76 90 
854: 852 855 
855: 854 857 
856: 702 1920 
857: 855 860 
858: 475 718 
859: 1320 1327 1504 
860: 857 861 
861: 860 865 
862: 7 238 334 904 
863: 48 706 1014 1165 1412 
864: 323 1074 1124 
865: 861 866 
866: 865 870 
867: 750 918 1143 1647 
868: 513 577 1257 1701 
869: 394 1631 1845 
870: 866 871 
871: 870 872 
872: 871 873 
873: 872 875 
874: 203 1943 
875: 873 879 
876: 878 1083 
877: 679 1741 
878: 876 1617 
879: 875 881 
880: 561 1388 1525 
881: 879 884 
882: 446 561 1723 1734 
883: 330 1245 
884: 881 885 
885: 884 886 
886: 885 888 
887: 327 688 1021 1410 
888: 886 892 
889: 1390 1624 
890: 1176 1513 1683 1756 
891: 1242 1573 1601 
892: 888 893 1775 
893: 892 895 1916 
894: 953 1540 1598 1731 
895: 893 896 
896: 895 899 
897: 596 1134 1973 
898: 85 1675 1734 1976 
899: 896 900 
900: 899 902 
901: 1062 1679 
902: 900 905 1978 
903: 943 1965 
904: 862 1386 1734 
905: 902 906 
906: 905 907 
907: 906 908 
908: 907 911 
909: 996 1327 
910: 139 793 
911: 908 912 
912: 911 914 
913: 367 640 815 
914: 912 919 
915: 816 1401 1841 
916: 550 687 
917: 472 539 1335 
918: 334 867 1555 1847 
919: 914 921 
920: 237 403 846 977 
921: 919 923 
922: 1556 1880 
923: 921 927 
924: 381 1074 
925: 475 516 
926: 283 733 1774 
927: 923 928 
928: 927 930 
929: 33 411 1063 
930: 928 931 
931: 930 933 
932: 20 950 
933: 931 934 
934: 933 937 
935: 1105 1864 
936: 1435 1576 1852 
937: 934 939 
938: 1274 1704 
939: 937 940 
940: 939 941 
941: 940 942 
942: 941 951 
943: 197 903 
944: 1028 1048 1234 
945: 566 1494 1628 
946: 101 158 1029 1569 
947: 270 1248 1788 
948: 7 1233 1468 
949: 265 298 440 1843 
950: 932 1616 
951: 942 955 
952: 443 1713 
953: 778 894 1717 1750 
954: 347 595 745 776 
955: 951 956 
956: 955 957 
957: 956 959 
958: 113 1718 
959: 139 957 964 
960: 6 1476 
961: 665 1609 
962: 24 457 805 1154 
963: 400 1403 1543 1573 
964: 959 965 
965: 964 968 
966: 1087 1110 1610 
967: 268 392 1532 
968: 965 972 
969: 319 1789 
970: 67 582 1869 
971: 512 1951 
972: 968 978 
973: 976 1801 
974: 410 1223 1699 
975: 976 1313 1942 
976: 365 973 975 
977: 82 598 920 
978: 972 981 
979: 67 75 848 
980: 1038 1390 1787 
981: 978 983 
982: 991 1825 
983: 981 986 
984: 846 1466 
985: 1183 1617 1703 
986: 983 988 
987: 1371 1578 1594 
988: 986 989 
989: 988 990 
990: 989 992 
991: 265 982 1233 
992: 990 993 
993: 992 995 
994: 101 1744 
995: 993 999 
996: 45 909 
997: 103 1311 
998: 76 394 
999: 995 1000 
1000: 999 1001 
1001: 1000 1002 
1002: 1001 1003 
1003: 1002 1004 
1004: 1003 1005 
1005: 444 1004 1007 
1006: 136 1617 1801 
1007: 1005 1008 
1008: 1007 1009 
1009: 1008 1010 
1010: 1009 1012 
1011: 154 421 1718 
1012: 1010 1013 
1013: 1012 1015 
1014: 863 1182 1969 
1015: 1013 1016 
1016: 1015 1018 
1017: 605 850 1436 1774 
1018: 1016 1019 
1019: 1018 1022 
1020: 352 1031 
1021: 20 375 887 
1022: 1019 1023 
1023: 1022 1024 
1024: 1023 1032 
1025: 637 1377 
1026: 68 1293 1799 
1027: 99 256 1668 
1028: 805 944 1572 
1029: 946 1104 1261 1775 
1030: 344 716 1226 
1031: 1020 1194 
1032: 1024 1033 
1033: 1032 1036 
1034: 1413 1891 
1035: 63 503 1986 
1036: 1033 1037 
1037: 1036 1040 
1038: 390 980 1799 1903 
1039: 571 1984 
1040: 1037 1041 
1041: 1040 1042 
1042: 1041 1043 
1043: 1042 1045 
1044: 370 1889 
1045: 1043 1046 
1046: 1045 1047 
1047: 1046 1049 
1048: 944 1087 1438 
1049: 1047 1050 
1050: 1049 1053 
1051: 232 1563 
1052: 719 1093 1588 
1053: 1050 1054 
1054: 1053 1055 
1055: 1054 1056 
1056: 1055 1057 
1057: 1056 1058 
1058: 1057 1059 
1059: 1058 1060 
1060: 1059 1067 
1061: 1246 1783 
1062: 901 1969 
1063: 29 929 1337 1668 
1064: 211 1460 
1065: 421 1407 
1066: 1427 1556 1628 1858 
1067: 1060 1069 
1068: 546 1274 
1069: 1067 1070 
1070: 1069 1071 
1071: 1070 1072 
1072: 1071 1073 
1073: 1072 1077 
1074: 864 924 
1075: 387 1460 1781 
1076: 480 1120 1680 1731 1831 
1077: 1073 1079 
1078: 332 1401 
1079: 1077 1082 
1080: 4 770 1984 
1081: 1473 1692 
1082: 1079 1084 
1083: 72 756 876 1632 1745 
1084: 1082 1085 
1085: 1084 1088 
1086: 774 1462 1807 
1087: 966 1048 1184 1242 
1088: 1085 1089 
1089: 1088 1091 
1090: 246 1438 
1091: 1089 1092 
1092: 1091 1096 
1093: 4 1052 
1094: 763 1288 
1095: 516 698 1227 1787 
1096: 1092 1099 
1097: 434 1830 
1098: 78 1324 
1099: 1096 1100 
1100: 1099 1102 
1101: 221 666 789 1130 
1102: 1100 1108 
1103: 43 449 
1104: 1029 1942 
1105: 106 598 935 
1106: 316 1287 1332 
1107: 65 779 1617 1832 
1108: 1102 1111 
1109: 809 1528 1786 
1110: 223 966 1743 
1111: 1108 1113 
1112: 536 575 802 1863 
1113: 1111 1118 
1114: 789 829 1792 1841 
1115: 641 1651 
1116: 1908 1929 
1117: 20 550 1202 1443 
1118: 1113 1119 
1119: 1118 1122 
1120: 343 1076 1276 
1121: 304 1407 1422 1572 1830 
1122: 1119 1123 
1123: 1122 1125 
1124: 864 1177 1239 
1125: 1123 1129 
1126: 283 452 534 1593 1741 
1127: 1412 1481 1854 
1128: 680 768 1584 
1129: 1125 1133 
1130: 1101 1144 1412 
1131: 534 1394 
1132: 63 378 815 1171 1400 
1133: 1129 1136 
1134: 778 897 
1135: 424 1183 1469 
1136: 1133 1137 
1137: 1136 1141 1304 
1138: 88 1972 
1139: 322 1444 
1140: 1408 1593 
1141: 1137 1142 
1142: 1141 1146 
1143: 24 587 867 1578 
1144: 42 196 1130 1360 1908 
1145: 509 570 1891 
1146: 1142 1148 
1147: 1589 1609 
1148: 1146 1149 
1149: 1148 1150 
1150: 1149 1151 
1151: 1150 1152 
1152: 1151 1157 
1153: 500 524 824 
1154: 511 962 1582 
1155: 334 1183 1914 
1156: 72 790 1825 
1157: 1152 1158 
1158: 1157 1159 
1159: 1158 1160 
1160: 1159 1161 
1161: 1160 1167 
1162: 28 336 1969 
1163: 612 838 1299 
1164: 281 1320 1347 1542 
1165: 863 1878 1965 1994 
1166: 357 715 
1167: 1161 1168 
1168: 1167 1173 
1169: 389 688 
1170: 592 1255 
1171: 690 1132 
1172: 68 1279 
1173: 1168 1174 
1174: 1173 1175 
1175: 1174 1178 
1176: 33 890 1744 
1177: 610 698 1124 1625 
1178: 1175 1185 
1179: 235 1376 
1180: 418 1807 
1181: 793 1324 
1182: 165 475 644 711 1014 
1183: 985 1135 1155 1692 1944 
1184: 45 1087 1216 
1185: 1178 1187 
1186: 159 387 
1187: 1185 1188 
1188: 1187 1189 
1189: 1188 1190 
1190: 1189 1191 
1191: 1190 1196 
1192: 218 1920 
1193: 1662 1776 
1194: 438 1031 
1195: 643 797 1303 1801 1961 
1196: 1191 1197 
1197: 1196 1198 
1198: 1197 1199 
1199: 1198 1200 
1200: 1199 1203 
1201: 1 728 1367 
1202: 503 1117 1352 1754 
1203: 1200 1204 
1204: 1203 1207 
1205: 432 1446 
1206: 116 1662 
1207: 1204 1208 
1208: 1207 1209 
1209: 1208 1210 
1210: 1209 1211 
1211: 1210 1212 
1212: 1211 1214 
1213: 1701 1808 1915 
1214: 1212 1215 
1215: 1214 1217 
1216: 358 851 1184 1704 1727 
1217: 1215 1220 
1218: 1487 1535 
1219: 829 1460 1743 1788 
1220: 1217 1222 
1221: 516 775 796 
1222: 1220 1224 
1223: 974 1360 1377 
1224: 1222 1225 
1225: 1224 1228 
1226: 704 1030 
1227: 1095 1763 
1228: 1225 1229 
1229: 1228 1231 
1230: 72 312 434 
1231: 1229 1232 
1232: 1231 1235 
1233: 320 948 991 1725 1743 
1234: 707 944 1600 
1235: 1232 1236 
1236: 1235 1237 
1237: 1236 1240 
1238: 322 336 
1239: 375 595 1124 
1240: 1237 1241 
1241: 1240 1243 1287 
1242: 891 1087 
1243: 1241 1244 
1244: 1243 1247 
1245: 131 883 1349 1616 
1246: 1061 1891 
1247: 610 1244 1249 
1248: 376 947 1723 
1249: 1247 1250 
1250: 1249 1253 
1251: 1601 1734 1951 
1252: 93 1388 1398 
1253: 1250 1254 
1254: 1253 1256 
1255: 1170 1915 
1256: 1254 1257 
1257: 868 1256 1260 
1258: 587 1444 
1259: 196 342 683 
1260: 1257 1262 
1261: 1029 1348 1912 
1262: 1260 1263 
1263: 1262 1264 
1264: 1263 1265 
1265: 1264 1266 
1266: 1265 1269 
1267: 1630 1829 
1268: 1350 1566 1691 
1269: 1266 1271 
1270: 129 455 801 1354 1469 
1271: 1269 1272 
1272: 1271 1275 
1273: 253 1367 1803 
1274: 938 1068 1350 
1275: 1272 1277 
1276: 1120 1286 
1277: 1275 1280 
1278: 225 1288 
1279: 1172 1907 
1280: 1277 1281 
1281: 1280 1282 
1282: 1281 1289 
1283: 17 1750 1843 
1284: 413 837 
1285: 722 1726 1833 
1286: 1276 1560 
1287: 585 1106 1241 
1288: 1094 1278 
1289: 1282 1291 
1290: 281 551 556 
1291: 1289 1292 
1292: 1291 1294 
1293: 1026 1344 
1294: 1292 1295 
1295: 1294 1296 
1296: 1295 1297 
1297: 1296 1300 
1298: 254 480 
1299: 43 570 598 1163 
1300: 1297 1301 
1301: 1300 1302 
1302: 1301 1305 
1303: 452 720 1195 1525 1963 
1304: 339 679 1137 1693 
1305: 1302 1306 
1306: 1305 1307 
1307: 1306 1308 
1308: 203 1307 1309 
1309: 1308 1310 
1310: 1309 1312 
1311: 718 997 1624 
1312: 1310 1314 
1313: 491 975 
1314: 533 1312 1315 
1315: 1314 1316 
1316: 1315 1321 
1317: 29 622 1727 
1318: 765 1961 
1319: 596 797 1409 
1320: 859 1164 1396 
1321: 1316 1323 
1322: 343 776 1946 
1323: 1321 1325 
1324: 641 1098 1181 
1325: 1323 1328 
1326: 391 1852 
1327: 859 909 
1328: 1325 1329 
1329: 1328 1330 
1330: 718 1329 1332 
1331: 342 1580 
1332: 1106 1330 1334 
1333: 378 1689 
1334: 1332 1338 
1335: 917 1467 1782 
1336: 1529 1564 
1337: 1063 1594 1885 
1338: 588 1334 1339 
1339: 1338 1340 
1340: 1339 1341 
1341: 1340 1342 
1342: 1341 1343 
1343: 1342 1345 
1344: 479 1293 
1345: 1343 1346 
1346: 1345 1351 
1347: 342 1164 1393 1706 
1348: 1261 1664 1972 
1349: 1245 1614 1953 
1350: 457 1268 1274 
1351: 1346 1352 
1352: 1202 1351 1353 
1353: 1352 1354 
1354: 1270 1353 1355 
1355: 1354 1356 
1356: 1355 1357 
1357: 1356 1358 
1358: 1357 1361 
1359: 341 626 1990 
1360: 1144 1223 1508 
1361: 1358 1362 
1362: 1361 1363 
1363: 1362 1366 
1364: 42 428 
1365: 809 1476 
1366: 1363 1368 
1367: 1201 1273 1527 
1368: 1366 1370 
1369: 1500 1913 
1370: 1368 1372 
1371: 987 1833 
1372: 1370 1374 
1373: 582 1701 1830 
1374: 1372 1375 
1375: 1374 1378 
1376: 1179 1898 
1377: 1025 1223 
1378: 1375 1379 
1379: 1378 1380 
1380: 1379 1382 
1381: 782 1916 
1382: 1380 1383 
1383: 1382 1384 
1384: 1383 1385 
1385: 1384 1391 
1386: 565 904 
1387: 235 463 484 
1388: 347 734 880 1252 1994 
1389: 156 732 1573 1642 
1390: 889 980 1883 
1391: 1385 1392 
1392: 1391 1397 
1393: 1347 1509 1551 1968 
1394: 1131 1668 
1395: 770 1761 
1396: 230 365 1320 
1397: 1392 1399 
1398: 467 1252 
1399: 1397 1402 
1400: 1132 1667 
1401: 315 915 1078 
1402: 1399 1404 
1403: 292 521 963 
1404: 1402 1405 
1405: 1404 1406 
1406: 1405 1411 
1407: 1065 1121 
1408: 169 1140 1501 
1409: 690 1319 1956 
1410: 546 608 887 
1411: 1406 1414 
1412: 863 1127 1130 1522 
1413: 335 1034 
1414: 1411 1416 
1415: 169 1533 1572 
1416: 1414 1417 
1417: 1416 1418 
1418: 1417 1419 
1419: 1418 1423 
1420: 224 1671 
1421: 44 427 1725 
1422: 302 1121 1642 
1423: 1419 1425 
1424: 719 1823 
1425: 1423 1426 
1426: 1425 1428 
1427: 448 588 1066 1831 
1428: 1426 1429 
1429: 1428 1431 
1430: 307 1492 1661 
1431: 1429 1433 
1432: 553 817 
1433: 1431 1434 
1434: 1433 1437 
1435: 386 936 1642 1653 
1436: 717 1017 
1437: 1434 1439 
1438: 179 1048 1090 
1439: 1437 1440 
1440: 1439 1441 
1441: 1440 1442 
1442: 646 1441 1445 
1443: 18 722 1117 1607 
1444: 1139 1258 
1445: 1442 1447 
1446: 27 1205 
1447: 1445 1449 1956 
1448: 175 1567 1583 
1449: 1447 1450 
1450: 1449 1451 
1451: 1450 1452 
1452: 1451 1455 
1453: 179 1878 
1454: 561 1679 1763 1889 1910 
1455: 1452 1457 
1456: 420 629 818 1883 
1457: 1455 1461 
1458: 566 1694 1908 1939 
1459: 299 433 
1460: 1064 1075 1219 
1461: 1457 1463 
1462: 503 511 1086 1765 
1463: 1461 1464 
1464: 1463 1470 1543 
1465: 1486 1837 
1466: 707 984 
1467: 1335 1792 
1468: 345 522 948 
1469: 1135 1270 1776 1836 
1470: 1464 1472 
1471: 434 1764 1771 
1472: 1470 1474 
1473: 326 1081 
1474: 1472 1475 
1475: 1474 1477 
1476: 47 960 1365 1593 
1477: 1475 1478 
1478: 1477 1479 
1479: 1478 1482 
1480: 246 426 1773 
1481: 1127 1820 1942 
1482: 1479 1484 
1483: 1673 1788 
1484: 1482 1485 
1485: 1484 1490 
1486: 720 1465 
1487: 340 447 1218 1965 
1488: 506 1787 
1489: 234 1731 
1490: 1485 1491 
1491: 1490 1493 
1492: 409 1430 
1493: 1491 1495 
1494: 599 809 945 
1495: 1493 1497 
1496: 226 842 
1497: 1495 1498 
1498: 1497 1499 
1499: 1498 1502 
1500: 656 1369 
1501: 234 746 1408 1675 
1502: 1499 1504 
1503: 165 364 453 1805 
1504: 859 1502 1506 
1505: 356 680 
1506: 1504 1507 
1507: 1506 1510 
1508: 223 339 706 1360 
1509: 536 1393 1598 
1510: 1507 1511 
1511: 1510 1515 
1512: 27 644 1558 
1513: 641 890 1522 1743 
1514: 528 1789 
1515: 1511 1516 1726 
1516: 1515 1517 
1517: 1516 1519 
1518: 13 45 814 1572 
1519: 1517 1521 
1520: 1693 1748 
1521: 1519 1526 
1522: 1412 1513 1664 
1523: 321 725 
1524: 662 1880 
1525: 657 880 1303 
1526: 1521 1530 
1527: 683 1367 1837 
1528: 256 1109 
1529: 413 732 1336 
1530: 1526 1533 
1531: 136 382 1550 
1532: 156 967 
1533: 1415 1530 1534 
1534: 1533 1536 
1535: 555 1218 
1536: 1534 1538 
1537: 1647 1660 1980 
1538: 1536 1539 
1539: 1538 1541 
1540: 453 509 894 1990 
1541: 1539 1545 
1542: 316 1164 1580 
1543: 365 963 1464 1763 
1544: 298 551 
1545: 1541 1546 
1546: 1545 1547 
1547: 1546 1549 
1548: 564 1984 
1549: 1547 1553 
1550: 192 335 1531 
1551: 132 628 1393 1803 1963 
1552: 193 601 
1553: 1549 1554 
1554: 1553 1561 
1555: 147 720 918 
1556: 922 1066 
1557: 533 539 
1558: 1512 1660 
1559: 264 270 
1560: 1286 1733 
1561: 1554 1562 
1562: 1561 1565 
1563: 1051 1674 1906 
1564: 1336 1667 
1565: 1562 1568 
1566: 18 116 1268 
1567: 304 1448 
1568: 1565 1570 
1569: 946 1730 
1570: 1568 1571 
1571: 1570 1574 
1572: 1028 1121 1415 1518 
1573: 891 963 1389 
1574: 1571 1575 
1575: 1574 1577 
1576: 788 936 
1577: 1575 1579 
1578: 444 987 1143 
1579: 1577 1581 
1580: 780 1331 1542 
1581: 1579 1587 
1582: 811 851 1154 
1583: 730 1448 1667 
1584: 75 1128 
1585: 67 763 1862 
1586: 145 848 1832 
1587: 1581 1590 
1588: 115 789 1052 1985 
1589: 1147 1642 1647 1691 
1590: 1587 1591 
1591: 1590 1592 
1592: 1591 1595 
1593: 225 847 1126 1140 1476 
1594: 987 1337 
1595: 1592 1597 
1596: 142 572 1939 
1597: 1595 1602 
1598: 711 894 1509 1656 
1599: 286 573 
1600: 65 1234 
1601: 891 1251 
1602: 1597 1603 
1603: 1602 1604 
1604: 1603 1605 
1605: 1604 1611 
1606: 582 1845 1949 
1607: 390 789 1443 
1608: 115 583 
1609: 961 1147 
1610: 491 758 966 
1611: 1605 1612 
1612: 1611 1613 
1613: 1612 1618 
1614: 49 340 1349 1915 
1615: 24 189 530 658 
1616: 424 950 1245 1913 
1617: 878 985 1006 1107 
1618: 1613 1619 
1619: 1618 1620 1655 
1620: 1619 1622 
1621: 416 1889 
1622: 1620 1623 
1623: 1622 1626 
1624: 889 1311 
1625: 327 822 1177 1973 
1626: 1623 1627 
1627: 1626 1629 
1628: 315 945 1066 
1629: 1627 1632 
1630: 811 1267 
1631: 43 121 288 869 
1632: 1083 1629 1634 
1633: 78 254 326 703 1897 
1634: 1632 1635 
1635: 1634 1636 
1636: 1635 1637 
1637: 1636 1639 
1638: 467 1683 
1639: 1637 1640 
1640: 1639 1641 
1641: 1640 1643 
1642: 1389 1422 1435 1589 
1643: 1641 1644 
1644: 1643 1645 
1645: 1644 1646 
1646: 1645 1649 
1647: 72 139 867 1537 1589 
1648: 1725 1733 
1649: 1646 1652 
1650: 145 375 443 460 
1651: 449 1115 
1652: 1649 1657 
1653: 778 1435 
1654: 178 1981 
1655: 105 1619 1707 
1656: 225 1598 
1657: 1652 1658 
1658: 1657 1659 
1659: 1658 1665 
1660: 1537 1558 1836 
1661: 644 656 1430 
1662: 30 1193 1206 
1663: 533 1712 1886 
1664: 1348 1522 1911 
1665: 1659 1666 
1666: 1665 1669 
1667: 345 1400 1564 1583 
1668: 268 1027 1063 1394 
1669: 1666 1670 
1670: 1669 1672 
1671: 63 1420 
1672: 1670 1676 
1673: 814 1483 
1674: 372 1563 
1675: 250 753 898 1501 1862 
1676: 1672 1678 
1677: 380 403 
1678: 1676 1681 
1679: 610 901 1454 
1680: 378 1076 
1681: 1678 1682 
1682: 1681 1684 
1683: 36 890 1638 
1684: 1682 1685 
1685: 1684 1686 
1686: 1685 1687 
1687: 1686 1688 
1688: 1687 1690 
1689: 6 426 1333 
1690: 1688 1695 
1691: 711 1268 1589 1808 
1692: 153 1081 1183 
1693: 1304 1520 
1694: 113 302 1458 
1695: 1690 1696 
1696: 1695 1698 
1697: 283 575 1731 
1698: 1696 1705 
1699: 445 799 974 
1700: 167 330 
1701: 437 868 1213 1373 
1702: 85 91 492 1730 
1703: 797 985 
1704: 696 938 1216 
1705: 1698 1708 
1706: 114 1347 
1707: 63 206 1655 
1708: 1705 1709 
1709: 1708 1714 
1710: 206 512 
1711: 644 801 
1712: 663 1663 
1713: 815 952 
1714: 1709 1715 
1715: 1714 1719 
1716: 130 380 418 
1717: 410 953 
1718: 105 428 958 1011 
1719: 1715 1720 
1720: 1719 1721 
1721: 1720 1722 
1722: 1721 1724 
1723: 882 1248 1738 
1724: 1722 1728 
1725: 79 1233 1421 1648 
1726: 347 763 1285 1515 
1727: 219 1216 1317 
1728: 1724 1732 
1729: 753 1981 
1730: 835 1569 1702 
1731: 894 1076 1489 1697 
1732: 1728 1735 
1733: 1560 1648 
1734: 470 882 898 904 1251 
1735: 1732 1736 
1736: 1735 1737 
1737: 1736 1742 
1738: 7 1723 
1739: 158 443 493 
1740: 798 1798 
1741: 877 1126 
1742: 1737 1746 
1743: 1110 1219 1233 1513 
1744: 994 1176 
1745: 850 1083 1837 
1746: 1742 1747 
1747: 1746 1749 
1748: 610 1520 
1749: 1747 1753 
1750: 408 603 953 1283 1980 
1751: 391 574 608 796 
1752: 809 837 1834 
1753: 1749 1755 
1754: 692 1202 
1755: 1753 1757 
1756: 265 370 796 890 
1757: 1755 1758 
1758: 1757 1759 
1759: 1758 1762 
1760: 619 1888 
1761: 343 1395 
1762: 1759 1767 
1763: 10 1227 1454 1543 
1764: 165 389 1471 1928 
1765: 18 1462 1860 
1766: 416 425 756 847 
1767: 1762 1768 
1768: 1767 1769 
1769: 1768 1772 
1770: 640 1863 
1771: 400 1471 
1772: 1769 1777 
1773: 560 1480 
1774: 804 926 1017 
1775: 413 758 892 1029 1823 
1776: 1193 1469 1838 
1777: 1772 1778 
1778: 1777 1780 
1779: 48 1855 
1780: 1778 1782 
1781: 1075 1858 
1782: 1335 1780 1784 
1783: 587 1061 
1784: 1782 1785 
1785: 1784 1790 
1786: 138 1109 
1787: 980 1095 1488 1883 
1788: 722 947 1219 1483 
1789: 969 1514 
1790: 1785 1791 
1791: 1790 1794 
1792: 1114 1467 
1793: 376 403 585 600 
1794: 1791 1795 
1795: 1794 1796 
1796: 1795 1797 
1797: 1796 1804 
1798: 90 388 663 1740 
1799: 24 530 1026 1038 
1800: 480 600 1914 
1801: 482 973 1006 1195 
1802: 17 728 
1803: 26 1273 1551 
1804: 1797 1806 
1805: 1503 1928 
1806: 1804 1809 
1807: 466 636 1086 1180 
1808: 1213 1691 
1809: 1806 1810 
1810: 1809 1811 
1811: 1810 1813 
1812: 10 521 
1813: 1811 1814 
1814: 1813 1815 
1815: 1814 1816 
1816: 1815 1817 
1817: 1816 1818 
1818: 1817 1819 
1819: 1818 1821 
1820: 63 524 1481 
1821: 1819 1822 
1822: 1821 1824 
1823: 14 1424 1775 
1824: 1822 1826 
1825: 982 1156 1883 
1826: 1824 1828 
1827: 74 662 
1828: 1826 1838 
1829: 514 1267 
1830: 1097 1121 1373 
1831: 145 1076 1427 
1832: 127 1107 1586 
1833: 1285 1371 1856 
1834: 534 809 822 1752 
1835: 62 154 509 733 
1836: 344 542 1469 1660 
1837: 1465 1527 1745 
1838: 1776 1828 1839 
1839: 1838 1840 
1840: 1839 1842 
1841: 237 706 915 1114 
1842: 1840 1844 
1843: 297 949 1283 
1844: 1842 1846 
1845: 56 869 1606 
1846: 1844 1848 
1847: 127 404 918 
1848: 1846 1849 
1849: 1848 1850 
1850: 1849 1851 
1851: 1850 1853 
1852: 936 1326 
1853: 1851 1857 
1854: 599 637 1127 
1855: 197 1779 
1856: 159 440 1833 
1857: 1853 1861 
1858: 82 1066 1781 
1859: 66 153 1878 
1860: 367 1765 
1861: 1857 1865 
1862: 599 1585 1675 
1863: 516 1112 1770 
1864: 307 935 1929 
1865: 1861 1866 
1866: 1865 1867 
1867: 1866 1868 
1868: 1867 1870 
1869: 323 970 1907 
1870: 1868 1871 
1871: 1870 1872 
1872: 1871 1873 
1873: 1872 1874 
1874: 1873 1875 
1875: 1874 1876 
1876: 1875 1877 
1877: 1876 1879 
1878: 1165 1453 1859 
1879: 1877 1881 
1880: 524 922 1524 
1881: 1879 1882 
1882: 1881 1884 
1883: 1390 1456 1787 1825 
1884: 1882 1890 
1885: 426 683 1337 1991 
1886: 528 1663 1987 
1887: 542 791 
1888: 412 1760 1916 
1889: 17 1044 1454 1621 
1890: 1884 1892 
1891: 367 1034 1145 1246 
1892: 1890 1893 
1893: 1892 1894 
1894: 1893 1895 
1895: 1894 1896 
1896: 1895 1899 
1897: 288 716 1633 
1898: 245 646 1376 
1899: 1896 1900 
1900: 1899 1901 
1901: 1900 1902 
1902: 1901 1904 
1903: 734 1038 1911 
1904: 1902 1905 
1905: 1904 1909 
1906: 551 789 816 817 1563 
1907: 1279 1869 
1908: 425 1116 1144 1458 
1909: 1905 1917 
1910: 167 1454 
1911: 356 1664 1903 
1912: 392 1261 
1913: 1369 1616 
1914: 330 1155 1800 
1915: 234 387 1213 1255 1614 
1916: 893 1381 1888 
1917: 1909 1919 
1918: 75 811 
1919: 1917 1921 
1920: 856 1192 1940 
1921: 1919 1922 
1922: 1921 1923 
1923: 1922 1924 
1924: 1923 1925 
1925: 1924 1927 
1926: 26 367 
1927: 1925 1930 
1928: 1764 1805 
1929: 237 696 1116 1864 
1930: 1927 1931 
1931: 1930 1932 
1932: 1931 1933 
1933: 1932 1934 
1934: 1933 1935 
1935: 1934 1936 
1936: 1935 1937 
1937: 1936 1938 
1938: 1937 1941 
1939: 599 838 1458 1596 
1940: 189 737 1920 
1941: 1938 1945 
1942: 975 1104 1481 
1943: 74 874 
1944: 730 1183 
1945: 1941 1947 
1946: 197 850 1322 
1947: 1945 1948 
1948: 1947 1949 
1949: 1606 1948 1950 
1950: 1949 1954 
1951: 971 1251 
1952: 194 804 
1953: 1349 1987 
1954: 1950 1955 
1955: 1954 1957 
1956: 93 756 1409 1447 
1957: 1955 1958 
1958: 1957 1959 
1959: 1958 1962 
1960: 47 796 844 
1961: 754 1195 1318 
1962: 1959 1964 
1963: 345 520 1303 1551 
1964: 1962 1966 
1965: 903 1165 1487 
1966: 1964 1967 
1967: 1966 1970 
1968: 598 1393 
1969: 605 1014 1062 1162 
1970: 1967 1971 
1971: 1970 1975 
1972: 605 1138 1348 
1973: 780 897 1625 
1974: 178 387 
1975: 1971 1977 
1976: 221 511 651 753 898 
1977: 1975 1982 
1978: 404 506 902 
1979: 13 54 
1980: 1537 1750 
1981: 1654 1729 
1982: 1977 1983 
1983: 1982 1988 
1984: 1039 1080 1548 
1985: 226 334 726 1588 
1986: 464 1035 
1987: 192 1886 1953 
1988: 1983 1989 
1989: 1988 1992 
1990: 1359 1540 
1991: 544 1885 
1992: 1989 1993 
1993: 1992 1995 
1994: 851 1165 1388 
1995: 1993 1996 
1996: 1995 1997 
1997: 1996 1998 
1998: 1997 
1999: 470 597 
43