0: 1 
1: 0 4 10 19 30 
2: 7 9 15 16 32 
3: 5 7 9 14 28 
4: 1 9 10 17 18 
5: 3 21 24 
6: 9 14 15 16 21 24 
7: 2 3 14 28 29 32 
8: 21 24 33 
9: 2 3 4 6 33 
10: 1 4 11 
11: 10 12 29 34 
12: 11 13 19 
13: 12 17 20 23 
14: 3 6 7 16 26 
15: 2 6 22 
16: 2 6 14 21 24 28 
17: 4 13 18 
18: 4 17 19 25 27 
19: 1 12 18 20 
20: 13 19 23 
21: 5 6 8 16 22 24 
22: 15 21 26 33 
23: 13 20 25 34 
24: 5 6 8 16 21 
25: 18 23 27 
26: 14 22 28 31 
27: 18 25 29 
28: 3 7 16 26 32 
29: 7 11 27 30 
30: 1 29 34 
31: 26 
32: 2 7 28 
33: 8 9 22 
34: 11 23 30 
2