0: 1 16 
1: 0 2 26 
2: 1 3 32 
3: 2 5 11 15 29 
4: 10 19 31 
5: 3 7 17 
6: 8 13 19 27 34 
7: 5 12 28 
8: 6 9 10 13 31 33 34 
9: 8 30 31 34 
10: 4 8 14 19 23 
11: 3 14 19 21 34 
12: 7 15 32 
13: 6 8 18 25 27 31 33 
14: 10 11 
15: 3 12 16 22 
16: 0 15 17 
17: 5 16 20 
18: 13 25 30 
19: 4 6 10 11 23 30 32 
20: 17 22 24 28 
21: 11 23 27 30 33 
22: 15 20 24 
23: 10 19 21 25 
24: 20 22 26 
25: 13 18 23 27 
26: 1 24 28 
27: 6 13 21 25 34 
28: 7 20 26 29 
29: 3 28 32 
30: 9 18 19 21 
31: 4 8 9 13 
32: 2 12 19 29 
33: 8 13 21 
34: 6 8 9 11 27 
2