0: 5 16 23 34 
1: 2 17 19 21 
2: 1 4 11 14 24 
3: 9 11 27 33 
4: 2 6 9 27 
5: 0 7 20 
6: 4 11 12 14 24 31 34 
7: 5 8 25 
8: 7 10 15 18 
9: 3 4 14 21 
10: 8 13 22 29 
11: 2 3 6 31 32 
12: 6 17 21 24 33 
13: 10 15 25 
14: 2 6 9 33 
15: 8 13 16 26 
16: 0 15 18 30 
17: 1 12 32 
18: 8 16 20 
19: 1 31 32 34 
20: 5 18 22 
21: 1 9 12 31 
22: 10 20 23 
23: 0 22 25 
24: 2 6 12 32 
25: 7 13 23 26 28 
26: 15 25 28 30 
27: 3 4 31 
28: 25 26 29 31 
29: 10 28 30 
30: 16 26 29 
31: 6 11 19 21 27 28 
32: 11 17 19 24 33 34 
33: 3 12 14 32 
34: 0 6 19 32 
2