0: 2 4 19 22 24 29 30 
1: 3 14 19 27 34 
2: 0 3 24 27 29 
3: 1 2 10 14 23 
4: 0 6 
5: 10 13 15 22 34 
6: 4 8 18 
7: 19 29 30 
8: 6 9 12 17 
9: 8 11 21 28 31 32 
10: 3 5 22 30 
11: 9 12 20 33 
12: 8 11 17 
13: 5 24 27 34 
14: 1 3 34 
15: 5 16 22 
16: 15 27 30 
17: 8 12 18 25 
18: 6 17 20 
19: 0 1 7 
20: 11 18 21 
21: 9 20 23 
22: 0 5 10 15 34 
23: 3 21 25 26 
24: 0 2 13 27 
25: 17 23 26 33 
26: 23 25 28 
27: 1 2 13 16 24 34 
28: 9 26 31 
29: 0 2 7 
30: 0 7 10 16 
31: 9 28 32 
32: 9 31 33 
33: 11 25 32 
34: 1 5 13 14 22 27 
2