0: 22 23 26 27 
1: 6 15 
2: 3 13 23 26 27 28 31 
3: 2 7 28 31 
4: 12 22 23 
5: 10 13 21 25 27 28 
6: 1 8 19 34 
7: 3 25 27 31 
8: 6 9 33 
9: 8 11 22 33 
10: 5 12 16 21 
11: 9 14 24 
12: 4 10 21 23 31 
13: 2 5 31 
14: 11 15 20 30 32 
15: 1 14 17 
16: 10 23 25 26 28 
17: 15 18 29 
18: 17 19 34 
19: 6 18 20 
20: 14 19 24 
21: 5 10 12 23 24 26 
22: 0 4 9 
23: 0 2 4 12 16 21 28 
24: 11 20 21 29 
25: 5 7 16 28 
26: 0 2 16 21 
27: 0 2 5 7 
28: 2 3 5 16 23 25 
29: 17 24 30 
30: 14 29 32 
31: 2 3 7 12 13 
32: 14 30 33 
33: 8 9 32 34 
34: 6 18 33 
2