0: 7 8 10 19 32 
1: 2 4 24 
2: 1 3 22 30 
3: 2 4 13 34 
4: 1 3 5 16 34 
5: 4 9 18 25 29 
6: 19 24 28 31 
7: 0 12 15 21 24 28 31 
8: 0 10 12 14 32 
9: 5 13 25 
10: 0 8 15 19 
11: 12 24 27 28 
12: 7 8 11 14 15 19 24 
13: 3 9 16 
14: 8 12 20 31 
15: 7 10 12 27 33 
16: 4 13 17 
17: 16 18 25 
18: 5 17 21 
19: 0 6 10 12 23 32 
20: 14 24 27 32 
21: 7 18 22 26 
22: 2 21 25 
23: 19 27 28 
24: 1 6 7 11 12 20 32 
25: 5 9 17 22 26 
26: 21 25 29 
27: 11 15 20 23 33 
28: 6 7 11 23 31 
29: 5 26 30 
30: 2 29 34 
31: 6 7 14 28 32 33 
32: 0 8 19 20 24 31 
33: 15 27 31 
34: 3 4 30 
2