0: 2 
1: 7 11 22 24 
2: 0 4 15 16 
3: 11 12 27 29 31 33 
4: 2 8 18 21 
5: 6 11 14 23 24 29 31 
6: 5 7 22 23 28 33 
7: 1 6 12 17 29 31 
8: 4 10 18 
9: 12 14 31 
10: 8 13 28 
11: 1 3 5 22 27 
12: 3 7 9 20 23 24 27 
13: 10 15 18 
14: 5 9 23 24 31 
15: 2 13 16 17 19 32 34 
16: 2 15 17 
17: 7 15 16 18 
18: 4 8 13 17 19 
19: 15 18 21 30 
20: 12 22 27 
21: 4 19 25 
22: 1 6 11 20 24 26 29 
23: 5 6 12 14 24 26 
24: 1 5 12 14 22 23 
25: 21 28 34 
26: 22 23 31 33 
27: 3 11 12 20 
28: 6 10 25 30 
29: 3 5 7 22 33 
30: 19 28 32 
31: 3 5 7 9 14 26 
32: 15 30 34 
33: 3 6 26 29 
34: 15 25 32 
2