0: 3 10 20 23 
1: 4 
2: 5 7 20 23 33 
3: 0 8 11 
4: 1 6 8 13 26 
5: 2 16 17 28 33 
6: 4 9 14 31 
7: 2 10 17 25 32 
8: 3 4 10 11 16 17 25 
9: 6 12 19 
10: 0 7 8 33 
11: 3 8 16 20 23 
12: 9 13 19 
13: 4 12 15 
14: 6 23 28 32 
15: 13 18 22 24 30 
16: 5 8 11 20 23 34 
17: 5 7 8 28 33 34 
18: 15 19 21 
19: 9 12 18 21 
20: 0 2 11 16 
21: 18 19 22 
22: 15 21 24 
23: 0 2 11 14 16 
24: 15 22 26 
25: 7 8 28 32 34 
26: 4 24 27 
27: 26 29 31 
28: 5 14 17 25 
29: 27 30 31 
30: 15 29 31 
31: 6 27 29 30 
32: 7 14 25 
33: 2 5 10 17 34 
34: 16 17 25 33 
2