0: 4 
1: 4 5 18 24 27 
2: 3 6 7 
3: 2 30 31 
4: 0 1 9 26 34 
5: 1 8 16 17 20 
6: 2 16 17 24 30 
7: 2 11 21 24 30 
8: 5 16 17 31 32 
9: 4 10 19 
10: 9 12 23 28 
11: 7 17 24 30 
12: 10 13 19 32 
13: 12 14 15 
14: 13 15 29 
15: 13 14 19 25 33 
16: 5 6 8 21 31 
17: 5 6 8 11 27 31 
18: 1 24 32 
19: 9 12 15 22 
20: 5 27 32 
21: 7 16 31 
22: 19 23 29 
23: 10 22 25 34 
24: 1 6 7 11 18 
25: 15 23 26 
26: 4 25 28 
27: 1 17 20 
28: 10 26 29 
29: 14 22 28 33 
30: 3 6 7 11 
31: 3 8 16 17 21 
32: 8 12 18 20 
33: 15 29 34 
34: 4 23 33 
2