0: 1 31 
1: 0 3 7 8 12 
2: 14 25 26 32 34 
3: 1 5 27 
4: 13 20 21 22 26 34 
5: 3 7 10 
6: 15 26 28 
7: 1 5 8 31 
8: 1 7 10 17 
9: 15 18 20 34 
10: 5 8 11 13 
11: 10 12 16 
12: 1 11 16 
13: 4 10 21 28 32 
14: 2 22 26 32 33 
15: 6 9 21 22 23 24 
16: 11 12 17 19 23 29 
17: 8 16 19 
18: 9 25 28 
19: 16 17 23 30 
20: 4 9 22 28 32 
21: 4 13 15 24 26 33 
22: 4 14 15 20 24 26 
23: 15 16 19 27 
24: 15 21 22 34 
25: 2 18 28 33 
26: 2 4 6 14 21 22 33 
27: 3 23 29 
28: 6 13 18 20 25 33 
29: 16 27 30 
30: 19 29 31 
31: 0 7 30 
32: 2 13 14 20 34 
33: 14 21 25 26 28 
34: 2 4 9 24 32 
2