0: 4 14 28 
1: 2 3 10 22 29 33 
2: 1 6 25 29 
3: 1 6 13 18 22 25 34 
4: 0 5 23 
5: 4 7 21 31 
6: 2 3 9 25 32 34 
7: 5 8 27 29 
8: 7 14 26 
9: 6 10 15 17 29 
10: 1 9 13 19 
11: 12 34 
12: 11 15 19 22 32 
13: 3 10 19 25 32 
14: 0 8 16 20 
15: 9 12 22 25 
16: 14 17 23 
17: 9 16 20 24 
18: 3 19 22 32 
19: 10 12 13 18 25 
20: 14 17 21 30 
21: 5 20 23 
22: 1 3 12 15 18 
23: 4 16 21 24 
24: 17 23 26 
25: 2 3 6 13 15 19 34 
26: 8 24 27 
27: 7 26 28 31 
28: 0 27 30 
29: 1 2 7 9 33 
30: 20 28 31 
31: 5 27 30 
32: 6 12 13 18 33 
33: 1 29 32 
34: 3 6 11 25 
2