0: 5 22 24 
1: 3 16 20 28 
2: 6 
3: 1 11 29 
4: 5 10 11 23 
5: 0 4 8 11 25 
6: 2 7 8 15 
7: 6 9 14 27 
8: 5 6 28 29 
9: 7 12 21 31 
10: 4 23 24 34 
11: 3 4 5 20 25 34 
12: 9 13 18 19 
13: 12 14 17 
14: 7 13 15 
15: 6 14 17 
16: 1 22 25 
17: 13 15 18 
18: 12 17 19 26 
19: 12 18 21 33 34 
20: 1 11 29 32 
21: 9 19 26 
22: 0 16 23 32 
23: 4 10 22 24 
24: 0 10 23 
25: 5 11 16 
26: 18 21 27 
27: 7 26 30 
28: 1 8 34 
29: 3 8 20 
30: 27 31 33 
31: 9 30 33 
32: 20 22 34 
33: 19 30 31 
34: 10 11 19 28 32 
2