0: 1 
1: 0 4 9 16 
2: 7 8 23 
3: 14 15 21 28 
4: 1 6 18 
5: 11 24 34 
6: 4 9 19 21 30 
7: 2 10 11 
8: 2 10 11 14 19 24 34 
9: 1 6 12 20 
10: 7 8 21 23 
11: 5 7 8 31 
12: 9 13 16 26 33 
13: 12 16 17 
14: 3 8 22 28 
15: 3 22 32 34 
16: 1 12 13 17 
17: 13 16 18 29 
18: 4 17 20 
19: 6 8 23 32 
20: 9 18 25 33 
21: 3 6 10 24 34 
22: 14 15 28 
23: 2 10 19 32 
24: 5 8 21 28 31 
25: 20 26 27 
26: 12 25 27 
27: 25 26 29 
28: 3 14 22 24 
29: 17 27 30 
30: 6 29 33 
31: 11 24 
32: 15 19 23 
33: 12 20 30 
34: 5 8 15 21 
2