0: 4 18 19 27 
1: 2 22 24 26 31 
2: 1 5 8 16 
3: 6 10 12 
4: 0 18 19 23 
5: 2 14 18 26 
6: 3 7 22 
7: 6 10 20 34 
8: 2 24 27 
9: 16 17 
10: 3 7 11 
11: 10 12 15 
12: 3 11 13 
13: 12 15 30 
14: 5 17 23 27 
15: 11 13 20 29 
16: 2 9 26 27 33 
17: 9 14 24 
18: 0 4 5 33 
19: 0 4 26 27 
20: 7 15 21 
21: 20 22 25 
22: 1 6 21 25 34 
23: 4 14 31 
24: 1 8 17 32 33 
25: 21 22 28 
26: 1 5 16 19 
27: 0 8 14 16 19 
28: 25 29 32 
29: 15 28 30 
30: 13 29 32 
31: 1 23 33 
32: 24 28 30 34 
33: 16 18 24 31 
34: 7 22 32 
2