0: 9 11 25 26 32 
1: 3 6 
2: 7 8 9 23 30 
3: 1 4 14 
4: 3 6 17 
5: 7 9 32 33 
6: 1 4 10 16 
7: 2 5 26 30 
8: 2 25 29 32 
9: 0 2 5 13 
10: 6 12 34 
11: 0 13 15 21 29 
12: 10 14 17 24 30 
13: 9 11 15 29 
14: 3 12 16 28 
15: 11 13 21 26 31 33 
16: 6 14 17 20 
17: 4 12 16 18 27 
18: 17 19 22 
19: 18 20 34 
20: 16 19 22 
21: 11 15 29 
22: 18 20 24 
23: 2 29 31 
24: 12 22 27 
25: 0 8 30 33 
26: 0 7 15 30 33 
27: 17 24 28 
28: 14 27 34 
29: 8 11 13 21 23 
30: 2 7 12 25 26 31 
31: 15 23 30 34 
32: 0 5 8 33 
33: 5 15 25 26 32 
34: 10 19 28 31 
2