0: 1 5 
1: 0 3 13 
2: 10 17 26 29 
3: 1 5 9 
4: 7 11 20 28 29 
5: 0 3 8 18 27 
6: 17 23 28 31 
7: 4 13 15 19 31 
8: 5 9 16 30 
9: 3 8 12 21 34 
10: 2 19 28 
11: 4 19 24 31 
12: 9 13 14 
13: 1 7 12 14 
14: 12 13 16 
15: 7 17 19 23 24 26 
16: 8 14 18 
17: 2 6 15 25 33 
18: 5 16 21 22 32 
19: 7 10 11 15 26 31 
20: 4 29 33 
21: 9 18 22 34 
22: 18 21 27 29 
23: 6 15 24 26 28 
24: 11 15 23 25 31 
25: 17 24 
26: 2 15 19 23 
27: 5 22 30 
28: 4 6 10 23 33 
29: 2 4 20 22 
30: 8 27 32 
31: 6 7 11 19 24 33 
32: 18 30 34 
33: 17 20 28 31 
34: 9 21 32 
2