0: 2 6 19 31 34 
1: 5 
2: 0 4 6 7 31 
3: 7 8 13 21 23 34 
4: 2 15 28 34 
5: 1 10 11 17 
6: 0 2 7 9 13 
7: 2 3 6 11 21 23 34 
8: 3 9 15 28 
9: 6 8 23 29 
10: 5 12 16 20 27 
11: 5 7 13 23 31 
12: 10 14 18 
13: 3 6 11 15 32 
14: 12 16 17 26 
15: 4 8 13 21 28 
16: 10 14 17 33 
17: 5 14 16 18 22 
18: 12 17 20 30 
19: 0 21 28 32 34 
20: 10 18 22 25 
21: 3 7 15 19 28 
22: 17 20 24 
23: 3 7 9 11 31 
24: 22 25 29 
25: 20 24 26 
26: 14 25 27 
27: 10 26 29 33 
28: 4 8 15 19 21 34 
29: 9 24 27 30 
30: 18 29 33 
31: 0 2 11 23 
32: 13 19 34 
33: 16 27 30 
34: 0 3 4 7 19 28 32 
2