0: 1 
1: 0 2 16 
2: 1 3 23 33 
3: 2 4 12 
4: 3 5 7 30 
5: 4 6 26 
6: 5 7 9 12 18 
7: 4 6 9 
8: 17 22 27 29 31 
9: 6 7 12 15 33 
10: 14 24 25 31 32 34 
11: 13 15 34 
12: 3 6 9 16 
13: 11 19 25 27 31 
14: 10 15 19 20 21 28 29 
15: 9 11 14 17 21 22 27 
16: 1 12 18 
17: 8 15 25 31 
18: 6 16 23 24 
19: 13 14 20 21 22 
20: 14 19 21 22 29 
21: 14 15 19 20 27 28 
22: 8 15 19 20 31 34 
23: 2 18 24 
24: 10 18 23 26 
25: 10 13 17 28 30 32 
26: 5 24 30 
27: 8 13 15 21 28 
28: 14 21 25 27 32 
29: 8 14 20 32 
30: 4 25 26 33 
31: 8 10 13 17 22 32 
32: 10 25 28 29 31 
33: 2 9 30 
34: 10 11 22 
3