0: 3 18 
1: 5 10 14 28 30 
2: 17 29 31 34 
3: 0 5 7 
4: 6 14 29 30 
5: 1 3 7 13 32 
6: 4 8 19 21 26 34 
7: 3 5 11 23 
8: 6 9 19 21 31 34 
9: 8 12 19 21 
10: 1 12 31 
11: 7 13 15 20 22 
12: 9 10 31 
13: 5 11 15 
14: 1 4 28 29 
15: 11 13 18 
16: 17 
17: 2 16 21 28 34 
18: 0 15 20 26 30 
19: 6 8 9 28 30 
20: 11 18 22 25 33 
21: 6 8 9 17 31 
22: 11 20 23 
23: 7 22 24 27 
24: 23 25 33 
25: 20 24 26 
26: 6 18 25 27 
27: 23 26 32 
28: 1 14 17 19 
29: 2 4 14 
30: 1 4 18 19 
31: 2 8 10 12 21 
32: 5 27 33 
33: 20 24 32 
34: 2 6 8 17 
3