0: 1 19 
1: 0 4 24 
2: 3 5 7 9 20 27 29 
3: 2 11 21 30 32 
4: 1 6 21 22 
5: 2 10 11 18 26 
6: 4 8 24 
7: 2 9 10 29 
8: 6 12 15 22 
9: 2 7 11 21 
10: 5 7 14 18 26 30 
11: 3 5 9 18 21 26 
12: 8 13 25 34 
13: 12 15 28 
14: 10 18 26 27 32 
15: 8 13 17 
16: 18 19 25 26 27 32 
17: 15 22 31 
18: 5 10 11 14 16 30 
19: 0 16 20 29 
20: 2 19 27 30 
21: 3 4 9 11 29 32 
22: 4 8 17 23 
23: 22 24 33 
24: 1 6 23 25 
25: 12 16 24 28 
26: 5 10 11 14 16 29 
27: 2 14 16 20 
28: 13 25 31 
29: 2 7 19 21 26 
30: 3 10 18 20 
31: 17 28 33 34 
32: 3 14 16 21 
33: 23 31 34 
34: 12 31 33 
3