0: 5 20 28 
1: 7 12 26 29 
2: 9 12 19 
3: 11 17 22 
4: 17 19 21 
5: 0 6 15 32 
6: 5 8 32 33 
7: 1 9 11 16 24 32 
8: 6 13 23 30 34 
9: 2 7 17 29 
10: 12 24 29 32 
11: 3 7 25 27 29 
12: 1 2 10 24 
13: 8 14 34 
14: 13 15 18 
15: 5 14 18 
16: 7 21 29 
17: 3 4 9 24 25 
18: 14 15 20 
19: 2 4 25 
20: 0 18 23 27 
21: 4 16 26 
22: 3 29 
23: 8 20 27 
24: 7 10 12 17 
25: 11 17 19 
26: 1 21 29 
27: 11 20 23 28 
28: 0 27 30 31 
29: 1 9 10 11 16 22 26 
30: 8 28 31 
31: 28 30 32 
32: 5 6 7 10 31 33 
33: 6 32 34 
34: 8 13 33 
3