0: 3 
1: 2 9 14 17 
2: 1 23 26 32 34 
3: 0 5 12 
4: 8 9 13 20 
5: 3 6 14 16 30 
6: 5 11 25 29 
7: 9 13 15 20 34 
8: 4 17 20 26 31 
9: 1 4 7 10 20 
10: 9 14 17 28 34 
11: 6 12 19 
12: 3 11 15 
13: 4 7 23 31 
14: 1 5 10 27 31 
15: 7 12 16 18 19 21 
16: 5 15 18 
17: 1 8 10 
18: 15 16 19 24 
19: 11 15 18 21 
20: 4 7 8 9 32 
21: 15 19 22 
22: 21 24 33 
23: 2 13 26 
24: 18 22 25 
25: 6 24 29 33 
26: 2 8 23 28 
27: 14 
28: 10 26 32 34 
29: 6 25 30 
30: 5 29 33 
31: 8 13 14 32 33 
32: 2 20 28 31 
33: 22 25 30 31 
34: 2 7 10 28 
3