0: 2 9 15 17 29 32 
1: 3 15 19 21 26 33 
2: 0 5 8 15 30 
3: 1 30 32 
4: 6 
5: 2 8 17 21 32 33 
6: 4 7 11 13 19 
7: 6 10 20 
8: 2 5 9 12 13 17 
9: 0 8 12 29 33 
10: 7 11 20 
11: 6 10 13 
12: 8 9 15 19 32 33 34 
13: 6 8 11 14 25 
14: 13 16 22 
15: 0 1 2 12 29 32 34 
16: 14 18 23 
17: 0 5 8 34 
18: 16 20 23 27 
19: 1 6 12 26 
20: 7 10 18 22 
21: 1 5 26 30 33 
22: 14 20 23 31 
23: 16 18 22 24 29 
24: 23 25 31 
25: 13 24 27 28 
26: 1 19 21 33 
27: 18 25 28 
28: 25 27 31 
29: 0 9 15 23 32 
30: 2 3 21 
31: 22 24 28 
32: 0 3 5 12 15 29 
33: 1 5 9 12 21 26 
34: 12 15 17 
3