0: 1 
1: 0 3 4 
2: 15 32 33 
3: 1 4 5 8 
4: 1 3 5 
5: 3 4 7 23 
6: 10 18 20 27 
7: 5 8 11 
8: 3 7 9 
9: 8 11 24 29 
10: 6 18 23 25 
11: 7 9 12 34 
12: 11 15 17 21 29 
13: 18 25 27 
14: 16 26 27 28 
15: 2 12 19 20 
16: 14 18 20 23 28 
17: 12 21 30 
18: 6 10 13 16 33 
19: 15 20 25 28 33 
20: 6 15 16 19 
21: 12 17 24 
22: 23 25 28 
23: 5 10 16 22 26 27 28 
24: 9 21 29 31 34 
25: 10 13 19 22 
26: 14 23 33 
27: 6 13 14 23 31 
28: 14 16 19 22 23 32 
29: 9 12 24 30 
30: 17 29 31 
31: 24 27 30 34 
32: 2 28 
33: 2 18 19 26 
34: 11 24 31 
3