0: 12 30 32 
1: 3 21 
2: 11 12 19 32 34 
3: 1 5 29 
4: 5 11 12 14 34 
5: 3 4 8 16 
6: 7 14 21 22 33 
7: 6 13 14 21 
8: 5 9 18 
9: 8 10 16 27 
10: 9 16 17 24 
11: 2 4 13 
12: 0 2 4 30 
13: 7 11 32 
14: 4 6 7 20 22 32 
15: 19 22 30 33 34 
16: 5 9 10 17 31 
17: 10 16 18 
18: 8 17 23 
19: 2 15 21 32 
20: 14 21 25 
21: 1 6 7 19 20 
22: 6 14 15 30 
23: 18 24 28 
24: 10 23 25 26 
25: 20 24 26 29 
26: 24 25 27 
27: 9 26 28 31 
28: 23 27 29 
29: 3 25 28 31 
30: 0 12 15 22 34 
31: 16 27 29 
32: 0 2 13 14 19 33 
33: 6 15 32 
34: 2 4 15 30 
3