0: 2 6 16 
1: 3 7 20 
2: 0 7 13 33 
3: 1 6 16 19 29 
4: 9 28 
5: 14 19 27 
6: 0 3 20 
7: 1 2 8 23 
8: 7 11 23 29 
9: 4 10 33 
10: 9 12 15 18 27 34 
11: 8 13 14 27 
12: 10 15 17 22 30 34 
13: 2 11 14 
14: 5 11 13 29 
15: 10 12 17 25 
16: 0 3 20 26 
17: 12 15 18 
18: 10 17 21 
19: 3 5 20 25 
20: 1 6 16 19 
21: 18 22 33 
22: 12 21 24 
23: 7 8 27 
24: 22 25 31 
25: 15 19 24 28 
26: 16 
27: 5 10 11 23 
28: 4 25 30 
29: 3 8 14 
30: 12 28 31 32 
31: 24 30 32 
32: 30 31 33 
33: 2 9 21 32 34 
34: 10 12 33 
3