0: 2 5 22 24 27 28 
1: 4 
2: 0 12 18 23 27 29 
3: 7 15 25 33 
4: 1 6 20 
5: 0 11 17 18 23 25 29 
6: 4 8 30 
7: 3 9 11 18 28 
8: 6 10 16 34 
9: 7 24 28 33 
10: 8 13 22 26 
11: 5 7 17 23 29 
12: 2 17 25 
13: 10 14 30 34 
14: 13 16 31 
15: 3 17 21 25 28 33 
16: 8 14 19 
17: 5 11 12 15 23 29 
18: 2 5 7 21 
19: 16 20 31 
20: 4 19 22 27 32 
21: 15 18 28 29 
22: 0 10 20 26 
23: 2 5 11 17 
24: 0 9 25 29 
25: 3 5 12 15 24 
26: 10 22 27 
27: 0 2 20 26 30 
28: 0 7 9 15 21 
29: 2 5 11 17 21 24 
30: 6 13 27 31 
31: 14 19 30 32 
32: 20 31 34 
33: 3 9 15 
34: 8 13 32 
3