0: 4 7 13 20 
1: 5 
2: 3 13 14 15 27 
3: 2 5 6 9 20 27 28 
4: 0 6 30 34 
5: 1 3 8 16 
6: 3 4 15 26 30 
7: 0 8 15 27 34 
8: 5 7 10 11 
9: 3 
10: 8 11 25 32 
11: 8 10 16 23 
12: 15 17 30 
13: 0 2 17 20 26 28 34 
14: 2 17 26 
15: 2 6 7 12 26 28 
16: 5 11 18 22 
17: 12 13 14 28 
18: 16 19 21 33 
19: 18 21 31 
20: 0 3 13 34 
21: 18 19 22 
22: 16 21 23 29 
23: 11 22 24 
24: 23 25 31 33 
25: 10 24 29 
26: 6 13 14 15 28 
27: 2 3 7 
28: 3 13 15 17 26 30 32 
29: 22 25 31 
30: 4 6 12 28 34 
31: 19 24 29 32 
32: 10 28 31 33 
33: 18 24 32 
34: 4 7 13 20 30 
3