0: 1 
1: 0 4 9 
2: 12 17 25 28 
3: 5 12 27 28 31 
4: 1 7 18 29 
5: 3 15 17 23 32 
6: 10 12 32 
7: 4 9 26 34 
8: 11 21 32 
9: 1 7 13 21 
10: 6 21 31 
11: 8 19 25 27 31 
12: 2 3 6 17 
13: 9 14 20 
14: 13 16 26 
15: 5 27 28 30 
16: 14 18 26 
17: 2 5 12 
18: 4 16 20 
19: 11 21 23 
20: 13 18 22 
21: 8 9 10 19 30 
22: 20 24 25 34 
23: 5 19 32 
24: 22 25 33 
25: 2 11 22 24 26 
26: 7 14 16 25 29 
27: 3 11 15 32 
28: 2 3 15 
29: 4 26 33 
30: 15 21 
31: 3 10 11 
32: 5 6 8 23 27 
33: 24 29 34 
34: 7 22 33 
3