0: 3 34 
1: 9 11 12 14 15 26 33 
2: 11 15 16 23 31 
3: 0 4 6 10 
4: 3 5 17 31 
5: 4 6 24 
6: 3 5 10 
7: 9 12 23 26 29 
8: 12 14 23 25 27 33 
9: 1 7 20 26 33 
10: 3 6 13 30 34 
11: 1 2 14 15 16 20 26 
12: 1 7 8 23 25 27 
13: 10 17 24 
14: 1 8 11 26 33 
15: 1 2 11 26 
16: 2 11 26 31 
17: 4 13 18 
18: 17 19 24 
19: 18 21 28 
20: 9 11 23 31 33 34 
21: 19 22 28 
22: 21 24 32 
23: 2 7 8 12 20 
24: 5 13 18 22 28 
25: 8 12 29 31 
26: 1 7 9 11 14 15 16 
27: 8 12 
28: 19 21 24 30 
29: 7 25 31 
30: 10 28 32 
31: 2 4 16 20 25 29 
32: 22 30 34 
33: 1 8 9 14 20 34 
34: 0 10 20 32 33 
3