0: 1 20 24 27 
1: 0 10 14 
2: 9 10 14 18 29 31 
3: 4 
4: 3 5 11 
5: 4 6 15 22 
6: 5 7 25 
7: 6 11 16 23 
8: 10 14 24 33 
9: 2 17 27 28 29 31 33 
10: 1 2 8 18 24 31 
11: 4 7 13 19 
12: 17 19 21 28 
13: 11 15 22 33 
14: 1 2 8 18 19 21 24 
15: 5 13 16 30 
16: 7 15 20 32 
17: 9 12 28 29 33 
18: 2 10 14 29 31 33 
19: 11 12 14 21 27 29 31 
20: 0 16 22 34 
21: 12 14 19 31 
22: 5 13 20 23 26 
23: 7 22 25 
24: 0 8 10 14 
25: 6 23 26 
26: 22 25 30 
27: 0 9 19 31 
28: 9 12 17 29 
29: 2 9 17 18 19 28 
30: 15 26 32 34 
31: 2 9 10 18 19 21 27 
32: 16 30 34 
33: 8 9 13 17 18 
34: 20 30 32 
3