0: 2 11 
1: 9 13 15 16 28 30 31 
2: 0 5 17 
3: 16 24 29 31 
4: 9 13 21 28 34 
5: 2 6 8 
6: 5 7 10 
7: 6 8 20 32 
8: 5 7 10 16 
9: 1 4 18 25 28 31 33 
10: 6 8 11 12 14 16 
11: 0 10 12 
12: 10 11 14 19 
13: 1 4 16 18 23 24 
14: 10 12 17 
15: 1 29 30 31 
16: 1 3 8 10 13 23 29 
17: 2 14 19 22 
18: 9 13 25 31 34 
19: 12 17 20 27 
20: 7 19 22 
21: 4 28 29 34 
22: 17 20 26 
23: 13 16 26 33 
24: 3 13 25 
25: 9 18 24 28 30 31 33 
26: 22 23 27 32 
27: 19 26 32 
28: 1 4 9 21 25 29 33 
29: 3 15 16 21 28 
30: 1 15 25 
31: 1 3 9 15 18 25 33 
32: 7 26 27 
33: 9 23 25 28 31 
34: 4 18 21 
3