0: 1 
1: 0 3 9 32 34 
2: 5 7 8 15 
3: 1 6 17 
4: 8 13 16 22 24 27 30 
5: 2 8 10 13 
6: 3 9 27 31 34 
7: 2 8 19 28 
8: 2 4 5 7 11 
9: 1 6 11 
10: 5 14 15 22 
11: 8 9 14 25 26 
12: 15 18 21 
13: 4 5 21 30 
14: 10 11 17 20 
15: 2 10 12 16 
16: 4 15 24 28 
17: 3 14 20 23 
18: 12 21 24 
19: 7 21 28 
20: 14 17 23 33 
21: 12 13 18 19 29 
22: 4 10 24 
23: 17 20 25 
24: 4 16 18 22 
25: 11 23 26 
26: 11 25 27 
27: 4 6 26 31 
28: 7 16 19 
29: 21 30 
30: 4 13 29 
31: 6 27 32 
32: 1 31 33 
33: 20 32 34 
34: 1 6 33 
3