0: 6 11 13 31 
1: 2 17 
2: 1 5 7 
3: 4 18 24 29 31 
4: 3 14 15 18 19 
5: 2 7 12 30 
6: 0 9 14 21 31 33 
7: 2 5 8 23 
8: 7 9 10 30 
9: 6 8 10 30 
10: 8 9 12 20 
11: 0 26 29 
12: 5 10 16 34 
13: 0 17 21 22 26 27 
14: 4 6 15 19 22 24 
15: 4 14 21 29 33 
16: 12 17 28 
17: 1 13 16 20 
18: 3 4 21 29 
19: 4 14 22 
20: 10 17 23 
21: 6 13 15 18 
22: 13 14 19 24 29 32 
23: 7 20 25 
24: 3 14 22 29 
25: 23 27 34 
26: 11 13 32 
27: 13 25 28 30 
28: 16 27 30 
29: 3 11 15 18 22 24 32 
30: 5 8 9 27 28 34 
31: 0 3 6 
32: 22 26 29 33 
33: 6 15 32 
34: 12 25 30 
3