0: 1 8 30 
1: 0 2 3 11 32 
2: 1 3 17 29 
3: 1 2 9 
4: 22 24 28 29 
5: 6 14 24 26 
6: 5 8 12 14 20 25 28 
7: 8 13 16 20 25 26 
8: 0 6 7 10 26 
9: 3 11 23 27 
10: 8 22 24 25 
11: 1 9 15 
12: 6 13 19 
13: 7 12 19 
14: 5 6 22 25 29 
15: 11 17 31 34 
16: 7 19 25 28 
17: 2 15 18 
18: 17 21 33 
19: 12 13 16 
20: 6 7 29 33 
21: 18 23 33 
22: 4 10 14 26 
23: 9 21 27 
24: 4 5 10 25 
25: 6 7 10 14 16 24 26 
26: 5 7 8 22 25 
27: 9 23 30 34 
28: 4 6 16 
29: 2 4 14 20 
30: 0 27 31 
31: 15 30 32 
32: 1 31 33 
33: 18 20 21 32 34 
34: 15 27 33 
3