0: 3 5 30 
1: 8 19 21 23 26 30 
2: 8 23 28 33 
3: 0 9 11 16 
4: 10 28 31 
5: 0 6 15 
6: 5 12 34 
7: 8 9 11 33 
8: 1 2 7 32 
9: 3 7 10 32 
10: 4 9 11 19 
11: 3 7 10 
12: 6 13 24 
13: 12 14 15 
14: 13 15 17 26 29 
15: 5 13 14 17 22 
16: 3 28 31 33 
17: 14 15 18 20 
18: 17 20 24 
19: 1 10 33 
20: 17 18 22 
21: 1 30 33 
22: 15 20 24 
23: 1 2 33 
24: 12 18 22 25 
25: 24 26 27 
26: 1 14 25 27 
27: 25 26 29 34 
28: 2 4 16 
29: 14 27 34 
30: 0 1 21 31 
31: 4 16 30 
32: 8 9 
33: 2 7 16 19 21 23 
34: 6 27 29 
3