0: 1 2 26 33 
1: 0 7 9 11 12 
2: 0 7 19 26 32 
3: 4 
4: 3 5 15 
5: 4 6 31 34 
6: 5 10 30 
7: 1 2 8 29 
8: 7 24 33 
9: 1 14 24 33 
10: 6 11 13 
11: 1 10 13 20 
12: 1 26 28 
13: 10 11 14 19 
14: 9 13 15 18 27 
15: 4 14 16 
16: 15 18 31 
17: 22 28 33 
18: 14 16 20 25 
19: 2 13 21 23 26 29 
20: 11 18 25 
21: 19 26 29 
22: 17 23 30 32 
23: 19 22 24 33 
24: 8 9 23 33 
25: 18 20 27 
26: 0 2 12 19 21 
27: 14 25 30 
28: 12 17 32 
29: 7 19 21 
30: 6 22 27 31 34 
31: 5 16 30 34 
32: 2 22 28 
33: 0 8 9 17 23 24 
34: 5 30 31 
4