0: 1 
1: 0 6 21 22 31 
2: 3 4 7 17 23 30 33 
3: 2 8 23 29 34 
4: 2 13 14 25 27 33 
5: 10 21 27 29 30 
6: 1 7 12 
7: 2 6 9 19 28 
8: 3 13 14 26 34 
9: 7 10 32 
10: 5 9 11 24 
11: 10 12 15 
12: 6 11 15 18 
13: 4 8 25 27 
14: 4 8 17 27 33 
15: 11 12 18 
16: 23 26 34 
17: 2 14 21 34 
18: 12 15 19 
19: 7 18 20 
20: 19 22 32 
21: 1 5 17 25 29 
22: 1 20 24 
23: 2 3 16 25 27 29 33 
24: 10 22 28 
25: 4 13 21 23 26 29 30 
26: 8 16 25 
27: 4 5 13 14 23 
28: 7 24 31 
29: 3 5 21 23 25 33 
30: 2 5 25 33 
31: 1 28 32 
32: 9 20 31 34 
33: 2 4 14 23 29 30 34 
34: 3 8 16 17 32 33 
4