0: 2 12 
1: 8 10 15 22 31 
2: 0 3 14 16 18 
3: 2 4 32 
4: 3 7 25 
5: 6 11 18 24 
6: 5 13 17 21 26 29 
7: 4 9 28 34 
8: 1 22 27 31 
9: 7 12 16 19 
10: 1 24 27 29 
11: 5 17 21 24 26 29 
12: 0 9 14 34 
13: 6 29 
14: 2 12 16 
15: 1 18 21 22 27 29 
16: 2 9 14 19 20 21 
17: 6 11 21 26 
18: 2 5 15 21 
19: 9 16 20 
20: 16 19 25 29 
21: 6 11 15 16 17 18 
22: 1 8 15 31 33 
23: 24 26 31 
24: 5 10 11 23 
25: 4 20 28 
26: 6 11 17 23 27 
27: 8 10 15 26 31 
28: 7 25 30 
29: 6 10 11 13 15 20 
30: 28 32 33 
31: 1 8 22 23 27 
32: 3 30 33 
33: 22 30 32 34 
34: 7 12 33 
4