0: 6 14 19 29 
1: 3 23 
2: 8 21 33 
3: 1 5 10 17 26 31 
4: 12 19 33 
5: 3 7 9 15 
6: 0 11 16 
7: 5 9 16 28 
8: 2 12 13 21 30 33 
9: 5 7 10 
10: 3 9 15 31 
11: 6 19 21 25 33 34 
12: 4 8 14 
13: 8 14 21 24 29 33 34 
14: 0 12 13 21 25 
15: 5 10 17 
16: 6 7 25 29 32 
17: 3 15 18 
18: 17 20 22 24 
19: 0 4 11 
20: 18 22 27 
21: 2 8 11 13 14 33 
22: 18 20 23 
23: 1 22 24 
24: 13 18 23 26 
25: 11 14 16 34 
26: 3 24 27 30 
27: 20 26 28 
28: 7 27 31 33 
29: 0 13 16 30 
30: 8 26 29 32 
31: 3 10 28 
32: 16 30 34 
33: 2 4 8 11 13 21 28 
34: 11 13 25 32 
4