0: 8 14 30 
1: 2 
2: 1 4 15 31 
3: 14 23 34 
4: 2 5 10 11 
5: 4 9 19 
6: 23 28 32 
7: 13 14 23 
8: 0 11 18 19 22 
9: 5 10 19 
10: 4 9 15 
11: 4 8 16 30 
12: 14 16 32 
13: 7 20 23 28 34 
14: 0 3 7 12 22 23 30 
15: 2 10 17 29 
16: 11 12 34 
17: 15 18 19 21 28 
18: 8 17 19 33 
19: 5 8 9 17 18 21 
20: 13 22 30 
21: 17 19 24 
22: 8 14 20 27 
23: 3 6 7 13 14 
24: 21 25 26 
25: 24 26 33 
26: 24 25 29 
27: 22 32 34 
28: 6 13 17 30 32 
29: 15 26 31 
30: 0 11 14 20 28 
31: 2 29 33 
32: 6 12 27 28 
33: 18 25 31 
34: 3 13 16 27 
4