0: 1 2 9 17 24 
1: 0 2 16 34 
2: 0 1 9 16 22 24 
3: 4 
4: 3 6 14 30 
5: 8 11 15 16 22 
6: 4 10 13 
7: 11 12 
8: 5 12 17 29 
9: 0 2 18 34 
10: 6 13 26 
11: 5 7 12 24 31 
12: 7 8 11 22 34 
13: 6 10 14 
14: 4 13 15 32 
15: 5 14 19 21 
16: 1 2 5 30 31 
17: 0 8 26 31 33 
18: 9 22 29 
19: 15 20 28 
20: 19 21 26 
21: 15 20 23 
22: 2 5 12 18 
23: 21 25 33 
24: 0 2 11 31 
25: 23 26 27 
26: 10 17 20 25 27 33 
27: 25 26 28 
28: 19 27 32 
29: 8 18 30 
30: 4 16 29 31 
31: 11 16 17 24 30 
32: 14 28 33 
33: 17 23 26 32 
34: 1 9 12 
4