0: 2 
1: 8 14 16 21 
2: 0 3 10 18 
3: 2 5 14 18 
4: 16 21 22 24 27 
5: 3 7 18 
6: 11 17 21 22 34 
7: 5 9 24 33 
8: 1 17 24 33 
9: 7 10 12 28 
10: 2 9 12 
11: 6 31 32 
12: 9 10 15 29 
13: 21 22 31 
14: 1 3 22 25 29 
15: 12 18 30 
16: 1 4 24 27 32 
17: 6 8 34 
18: 2 3 5 15 19 20 26 
19: 18 20 23 33 
20: 18 19 23 
21: 1 4 6 13 
22: 4 6 13 14 24 
23: 19 20 26 
24: 4 7 8 16 22 25 
25: 14 24 31 
26: 18 23 28 
27: 4 16 29 
28: 9 26 30 
29: 12 14 27 31 
30: 15 28 33 
31: 11 13 25 29 
32: 11 16 34 
33: 7 8 19 30 
34: 6 17 32 
4