0: 2 7 13 21 26 
1: 6 16 18 21 24 26 
2: 0 6 8 14 15 23 
3: 5 34 
4: 7 15 30 
5: 3 9 20 27 
6: 1 2 15 16 29 
7: 0 4 13 18 22 26 
8: 2 16 30 
9: 5 10 32 34 
10: 9 11 17 27 
11: 10 12 32 
12: 11 17 31 33 
13: 0 7 16 22 23 
14: 2 15 26 32 
15: 2 4 6 14 30 
16: 1 6 8 13 19 24 26 
17: 10 12 19 
18: 1 7 21 30 31 
19: 16 17 20 25 33 
20: 5 19 25 29 
21: 0 1 18 23 26 30 
22: 7 13 24 
23: 2 13 21 
24: 1 16 22 
25: 19 20 27 28 
26: 0 1 7 14 16 21 30 
27: 5 10 25 28 
28: 25 27 29 
29: 6 20 28 31 
30: 4 8 15 18 21 26 
31: 12 18 29 32 
32: 9 11 14 31 33 
33: 12 19 32 34 
34: 3 9 33 
4