0: 2 7 10 31 
1: 4 10 14 17 22 25 
2: 0 5 13 
3: 4 10 19 25 
4: 1 3 8 17 19 
5: 2 6 12 
6: 5 7 11 15 18 23 
7: 0 6 9 16 32 
8: 4 10 14 22 25 
9: 7 11 12 31 32 
10: 0 1 3 8 21 28 33 
11: 6 9 12 
12: 5 9 11 13 
13: 2 12 15 
14: 1 8 25 29 33 34 
15: 6 13 16 17 
16: 7 15 18 
17: 1 4 15 19 27 31 33 
18: 6 16 20 26 
19: 3 4 17 22 
20: 18 23 30 
21: 10 22 31 
22: 1 8 19 21 
23: 6 20 26 
24: 25 29 34 
25: 1 3 8 14 24 29 31 
26: 18 23 30 
27: 17 28 29 34 
28: 10 27 31 
29: 14 24 25 27 33 
30: 20 26 32 
31: 0 9 17 21 25 28 34 
32: 7 9 30 
33: 10 14 17 29 34 
34: 14 24 27 31 33 
4