0: 1 13 23 27 28 33 
1: 0 11 23 24 28 
2: 10 16 18 21 
3: 10 24 27 
4: 6 
5: 23 26 29 31 
6: 4 7 9 12 13 32 
7: 6 9 20 
8: 10 16 28 29 
9: 6 7 11 19 
10: 2 3 8 21 33 
11: 1 9 12 13 
12: 6 11 13 
13: 0 6 11 12 14 
14: 13 15 17 30 
15: 14 17 25 34 
16: 2 8 21 22 27 
17: 14 15 19 26 
18: 2 23 33 
19: 9 17 20 
20: 7 19 25 34 
21: 2 10 16 
22: 16 27 31 
23: 0 1 5 18 34 
24: 1 3 27 29 
25: 15 20 26 
26: 5 17 25 30 
27: 0 3 16 22 24 
28: 0 1 8 
29: 5 8 24 33 
30: 14 26 32 
31: 5 22 
32: 6 30 34 
33: 0 10 18 29 
34: 15 20 23 32 
4