0: 2 20 29 
1: 3 
2: 0 22 25 26 34 
3: 1 4 5 11 15 27 
4: 3 15 25 27 33 
5: 3 6 18 
6: 5 9 12 21 
7: 8 11 13 28 
8: 7 10 16 20 
9: 6 11 15 32 
10: 8 20 26 
11: 3 7 9 12 23 
12: 6 11 14 
13: 7 34 
14: 12 15 17 
15: 3 4 9 14 17 
16: 8 26 27 29 33 
17: 14 15 18 
18: 5 17 19 
19: 18 21 24 32 
20: 0 8 10 
21: 6 19 23 
22: 2 27 34 
23: 11 21 24 30 
24: 19 23 30 
25: 2 4 29 
26: 2 10 16 28 31 
27: 3 4 16 22 31 
28: 7 26 31 33 
29: 0 16 25 
30: 23 24 32 
31: 26 27 28 
32: 9 19 30 
33: 4 16 28 
34: 2 13 22 
4