0: 6 7 8 30 
1: 3 4 10 34 
2: 16 21 23 
3: 1 18 34 
4: 1 20 21 31 
5: 10 23 24 
6: 0 7 12 14 
7: 0 6 8 15 
8: 0 7 9 14 
9: 8 11 33 
10: 1 5 24 
11: 9 12 17 32 33 
12: 6 11 15 
13: 16 24 28 
14: 6 8 21 22 34 
15: 7 12 16 17 25 29 
16: 2 13 15 21 28 
17: 11 15 19 28 
18: 3 23 28 31 
19: 17 25 26 27 
20: 4 34 
21: 2 4 14 16 22 
22: 14 21 31 
23: 2 5 18 
24: 5 10 13 
25: 15 19 26 
26: 19 25 27 
27: 19 26 29 
28: 13 16 17 18 
29: 15 27 30 
30: 0 29 32 
31: 4 18 22 
32: 11 30 33 
33: 9 11 32 
34: 1 3 14 20 
4