0: 3 4 15 34 
1: 5 
2: 6 10 15 24 34 
3: 0 6 8 15 16 19 
4: 0 7 8 29 
5: 1 10 20 28 30 
6: 2 3 7 8 10 24 25 
7: 4 6 12 27 
8: 3 4 6 29 
9: 18 27 29 34 
10: 2 5 6 11 30 33 
11: 10 12 17 30 
12: 7 11 13 23 
13: 12 14 32 
14: 13 17 30 
15: 0 2 3 16 
16: 3 15 19 
17: 11 14 20 22 
18: 9 26 27 29 31 
19: 3 16 26 
20: 5 17 21 33 
21: 20 22 31 
22: 17 21 23 
23: 12 22 28 
24: 2 6 26 
25: 6 26 
26: 18 19 24 25 29 
27: 7 9 18 
28: 5 23 30 
29: 4 8 9 18 26 
30: 5 10 11 14 28 31 
31: 18 21 30 32 
32: 13 31 33 
33: 10 20 32 
34: 0 2 9 
4