0: 1 7 17 26 
1: 0 2 3 4 
2: 1 3 15 19 
3: 1 2 4 
4: 1 3 7 11 32 
5: 9 16 17 21 23 25 33 
6: 8 9 10 29 
7: 0 4 11 20 
8: 6 16 29 30 33 34 
9: 5 6 23 25 27 30 
10: 6 14 16 23 33 
11: 4 7 13 
12: 14 17 24 34 
13: 11 15 22 30 
14: 10 12 17 24 
15: 2 13 18 
16: 5 8 10 21 29 
17: 0 5 12 14 22 23 24 
18: 15 19 31 
19: 2 18 20 
20: 7 19 26 28 
21: 5 16 27 34 
22: 13 17 23 24 
23: 5 9 10 17 22 27 33 
24: 12 14 17 22 25 
25: 5 9 24 27 
26: 0 20 28 
27: 9 21 23 25 29 34 
28: 20 26 30 32 
29: 6 8 16 27 
30: 8 9 13 28 31 
31: 18 30 32 
32: 4 28 31 
33: 5 8 10 23 
34: 8 12 21 27 
4