0: 9 12 16 20 29 
1: 2 
2: 1 3 15 23 
3: 2 4 28 
4: 3 5 17 25 26 
5: 4 8 11 33 
6: 9 13 24 29 
7: 9 10 13 23 27 34 
8: 5 11 21 33 
9: 0 6 7 23 26 
10: 7 12 19 24 
11: 5 8 14 30 
12: 0 10 19 20 31 32 34 
13: 6 7 16 19 23 
14: 11 15 18 22 
15: 2 14 17 
16: 0 13 20 26 31 
17: 4 15 18 
18: 14 17 21 
19: 10 12 13 29 
20: 0 12 16 27 32 
21: 8 18 22 
22: 14 21 25 27 
23: 2 7 9 13 24 31 
24: 6 10 23 26 27 34 
25: 4 22 28 
26: 4 9 16 24 
27: 7 20 22 24 31 34 
28: 3 25 30 
29: 0 6 19 32 
30: 11 28 33 
31: 12 16 23 27 32 
32: 12 20 29 31 
33: 5 8 30 34 
34: 7 12 24 27 33 
4