0: 1 
1: 0 4 11 19 20 34 
2: 11 13 17 18 28 
3: 9 10 11 13 32 
4: 1 5 14 24 
5: 4 8 12 24 
6: 11 17 18 22 27 
7: 10 18 22 32 
8: 5 12 18 20 
9: 3 15 17 28 
10: 3 7 15 27 
11: 1 2 3 6 21 28 29 
12: 5 8 14 27 
13: 2 3 17 
14: 4 12 16 
15: 9 10 27 29 
16: 14 17 19 33 
17: 2 6 9 13 16 28 
18: 2 6 7 8 28 29 32 
19: 1 16 20 26 
20: 1 8 19 23 
21: 11 22 25 32 
22: 6 7 21 25 
23: 20 24 31 
24: 4 5 23 26 30 
25: 21 22 27 28 
26: 19 24 30 34 
27: 6 10 12 15 25 
28: 2 9 11 17 18 25 
29: 11 15 18 
30: 24 26 31 
31: 23 30 33 
32: 3 7 18 21 
33: 16 31 34 
34: 1 26 33 
4