0: 21 
1: 3 14 
2: 26 27 31 
3: 1 4 10 11 
4: 3 5 30 34 
5: 4 6 16 22 25 
6: 5 9 30 
7: 12 16 20 21 27 31 
8: 15 27 31 
9: 6 10 17 
10: 3 9 11 19 
11: 3 10 13 
12: 7 18 24 27 
13: 11 14 34 
14: 1 13 17 
15: 8 24 32 
16: 5 7 20 29 
17: 9 14 22 
18: 12 25 27 32 
19: 10 20 23 29 
20: 7 16 19 21 23 27 29 
21: 0 7 20 26 31 34 
22: 5 17 25 
23: 19 20 32 
24: 12 15 26 
25: 5 18 22 28 
26: 2 21 24 
27: 2 7 8 12 18 20 
28: 25 30 33 
29: 16 19 20 
30: 4 6 28 33 
31: 2 7 8 21 
32: 15 18 23 
33: 28 30 34 
34: 4 13 21 33 
4