0: 2 8 27 28 
1: 6 
2: 0 4 10 13 14 19 
3: 4 7 8 9 16 22 
4: 2 3 13 24 33 
5: 8 19 33 
6: 1 11 25 
7: 3 12 28 
8: 0 3 5 10 25 
9: 3 16 33 
10: 2 8 12 22 
11: 6 15 21 29 30 
12: 7 10 33 
13: 2 4 19 
14: 2 24 27 
15: 11 17 23 
16: 3 9 24 28 
17: 15 18 20 
18: 17 20 34 
19: 2 5 13 
20: 17 18 21 26 
21: 11 20 22 23 27 
22: 3 10 21 24 28 29 
23: 15 21 25 
24: 4 14 16 22 
25: 6 8 23 26 34 
26: 20 25 27 31 
27: 0 14 21 26 29 32 
28: 0 7 16 22 
29: 11 22 27 30 
30: 11 29 31 
31: 26 30 32 
32: 27 31 34 
33: 4 5 9 12 
34: 18 25 32 
5