0: 6 
1: 7 15 20 24 
2: 3 6 11 17 20 21 28 
3: 2 4 17 24 
4: 3 17 21 27 31 
5: 15 17 23 
6: 0 2 8 26 31 
7: 1 17 24 
8: 6 9 32 
9: 8 10 12 
10: 9 12 16 
11: 2 22 27 28 
12: 9 10 13 
13: 12 14 24 29 
14: 13 16 19 34 
15: 1 5 23 24 27 
16: 10 14 18 
17: 2 3 4 5 7 20 28 
18: 16 19 30 
19: 14 18 25 
20: 1 2 17 21 33 
21: 2 4 20 28 
22: 11 28 31 33 
23: 5 15 27 
24: 1 3 7 13 15 28 32 
25: 19 26 30 
26: 6 25 29 
27: 4 11 15 23 
28: 2 11 17 21 22 24 
29: 13 26 30 31 
30: 18 25 29 32 34 
31: 4 6 22 29 33 
32: 8 24 30 34 
33: 20 22 31 
34: 14 30 32 
5