0: 1 14 16 19 21 
1: 0 6 21 23 31 
2: 4 6 18 
3: 5 6 7 16 
4: 2 7 22 
5: 3 8 9 16 26 32 
6: 1 2 3 11 17 19 
7: 3 4 10 29 32 
8: 5 12 14 19 21 25 
9: 5 11 14 25 
10: 7 13 15 20 28 
11: 6 9 21 26 
12: 8 14 16 23 31 
13: 10 15 29 
14: 0 8 9 12 
15: 10 13 17 
16: 0 3 5 12 25 
17: 6 15 18 24 30 32 
18: 2 17 20 27 
19: 0 6 8 26 32 
20: 10 18 22 
21: 0 1 8 11 
22: 4 20 24 
23: 1 12 25 31 
24: 17 22 27 34 
25: 8 9 16 23 26 
26: 5 11 19 25 
27: 18 24 28 
28: 10 27 29 34 
29: 7 13 28 30 33 
30: 17 29 33 
31: 1 12 23 
32: 5 7 17 19 
33: 29 30 34 
34: 24 28 33 
5