0: 2 27 
1: 4 9 19 
2: 0 7 26 
3: 4 8 10 12 24 31 34 
4: 1 3 12 
5: 12 16 19 24 
6: 9 17 25 28 31 33 
7: 2 11 20 32 
8: 3 9 25 31 
9: 1 6 8 
10: 3 16 27 29 33 
11: 7 13 14 26 
12: 3 4 5 17 
13: 11 14 15 21 
14: 11 13 15 32 
15: 13 14 18 23 28 
16: 5 10 19 22 24 
17: 6 12 19 29 34 
18: 15 20 29 
19: 1 5 16 17 22 
20: 7 18 21 
21: 13 20 23 
22: 16 19 24 25 
23: 15 21 26 
24: 3 5 16 22 31 
25: 6 8 22 27 
26: 2 11 23 27 30 
27: 0 10 25 26 28 
28: 6 15 27 29 
29: 10 17 18 28 30 
30: 26 29 32 
31: 3 6 8 24 
32: 7 14 30 
33: 6 10 34 
34: 3 17 33 
5