0: 2 26 28 
1: 4 5 11 
2: 0 4 19 
3: 14 18 25 34 
4: 1 2 13 34 
5: 1 6 8 
6: 5 7 14 23 32 
7: 6 8 29 
8: 5 7 11 15 
9: 10 13 17 19 
10: 9 14 22 26 32 
11: 1 8 12 
12: 11 15 16 20 28 
13: 4 9 
14: 3 6 10 22 
15: 8 12 16 
16: 12 15 20 
17: 9 18 19 26 
18: 3 17 25 26 32 
19: 2 9 17 25 
20: 12 16 21 
21: 20 23 30 
22: 10 14 28 
23: 6 21 24 
24: 23 27 31 
25: 3 18 19 31 
26: 0 10 17 18 
27: 24 29 30 31 
28: 0 12 22 33 
29: 7 27 30 
30: 21 27 29 31 
31: 24 25 27 30 
32: 6 10 18 33 
33: 28 32 34 
34: 3 4 33 
5