0: 13 25 26 34 
1: 2 4 5 
2: 1 5 7 23 
3: 8 11 14 16 19 
4: 1 16 20 22 24 26 
5: 1 2 7 32 33 
6: 13 25 27 33 
7: 2 5 8 
8: 3 7 10 15 17 30 
9: 13 19 20 24 25 
10: 8 12 21 28 
11: 3 16 31 
12: 10 15 18 27 
13: 0 6 9 14 26 
14: 3 13 24 27 
15: 8 12 17 29 
16: 3 4 11 34 
17: 8 15 18 33 
18: 12 17 21 
19: 3 9 22 
20: 4 9 24 31 
21: 10 18 23 
22: 4 19 34 
23: 2 21 28 
24: 4 9 14 20 31 
25: 0 6 9 31 
26: 0 4 13 
27: 6 12 14 
28: 10 23 29 
29: 15 28 30 
30: 8 29 32 
31: 11 20 24 25 34 
32: 5 30 33 34 
33: 5 6 17 32 
34: 0 16 22 31 32 
5