0: 4 8 25 26 32 
1: 5 16 
2: 3 12 14 26 30 
3: 2 4 32 34 
4: 0 3 16 23 25 30 
5: 1 6 33 
6: 5 7 13 
7: 6 9 15 23 28 
8: 0 15 22 26 30 
9: 7 11 24 
10: 12 14 17 23 26 31 
11: 9 13 15 
12: 2 10 14 16 32 
13: 6 11 15 
14: 2 10 12 25 
15: 7 8 11 13 16 
16: 1 4 12 15 19 20 
17: 10 18 23 34 
18: 17 26 30 31 
19: 16 20 21 33 
20: 16 19 21 
21: 19 20 22 
22: 8 21 24 29 
23: 4 7 10 17 32 34 
24: 9 22 28 
25: 0 4 14 31 34 
26: 0 2 8 10 18 
27: 31 34 
28: 7 24 29 
29: 22 28 33 
30: 2 4 8 18 32 
31: 10 18 25 27 
32: 0 3 12 23 30 
33: 5 19 29 
34: 3 17 23 25 27 
5