0: 2 
1: 10 12 13 15 18 27 
2: 0 3 16 34 
3: 2 5 23 34 
4: 8 15 19 21 32 33 
5: 3 6 30 31 
6: 5 11 16 
7: 10 18 21 24 
8: 4 13 19 22 25 
9: 10 25 33 
10: 1 7 9 33 
11: 6 14 16 
12: 1 15 17 19 20 25 29 
13: 1 8 15 18 24 
14: 11 16 20 27 
15: 1 4 12 13 19 
16: 2 6 11 14 17 
17: 12 16 23 28 
18: 1 7 13 21 24 33 
19: 4 8 12 15 20 21 33 
20: 12 14 19 21 
21: 4 7 18 19 20 22 24 
22: 8 21 24 27 32 
23: 3 17 26 
24: 7 13 18 21 22 25 32 
25: 8 9 12 24 
26: 23 27 29 
27: 1 14 22 26 28 
28: 17 27 29 
29: 12 26 28 30 
30: 5 29 31 
31: 5 30 34 
32: 4 22 24 
33: 4 9 10 18 19 
34: 2 3 31 
5