0: 1 2 12 24 28 
1: 0 2 23 29 
2: 0 1 5 22 
3: 15 32 34 
4: 9 21 23 34 
5: 2 6 11 16 
6: 5 7 20 
7: 6 11 14 27 
8: 13 15 33 
9: 4 21 32 
10: 19 26 30 32 
11: 5 7 12 18 34 
12: 0 11 14 
13: 8 21 25 26 
14: 7 12 16 
15: 3 8 16 26 31 
16: 5 14 15 18 
17: 21 30 31 33 
18: 11 16 20 
19: 10 33 34 
20: 6 18 22 
21: 4 9 13 17 27 34 
22: 2 20 23 24 29 
23: 1 4 22 32 34 
24: 0 22 27 
25: 13 26 33 
26: 10 13 15 25 30 
27: 7 21 24 28 
28: 0 27 29 
29: 1 22 28 
30: 10 17 26 31 
31: 15 17 30 
32: 3 9 10 23 
33: 8 17 19 25 
34: 3 4 11 19 21 23 
5