0: 2 13 
1: 3 4 6 10 12 
2: 0 4 11 15 19 33 
3: 1 10 26 
4: 1 2 5 14 25 
5: 4 8 9 24 32 
6: 1 11 21 26 29 33 
7: 11 20 27 
8: 5 9 24 31 
9: 5 8 14 20 
10: 1 3 11 12 27 30 33 
11: 2 6 7 10 13 27 
12: 1 10 22 26 27 33 34 
13: 0 11 20 26 30 
14: 4 9 15 
15: 2 14 16 
16: 15 17 18 
17: 16 18 32 
18: 16 17 19 23 
19: 2 18 23 
20: 7 9 13 33 
21: 6 27 30 
22: 12 26 28 29 30 
23: 18 19 24 
24: 5 8 23 25 
25: 4 24 31 
26: 3 6 12 13 22 30 
27: 7 10 11 12 21 28 33 
28: 22 27 34 
29: 6 22 34 
30: 10 13 21 22 26 
31: 8 25 32 
32: 5 17 31 
33: 2 6 10 12 20 27 
34: 12 28 29 
5