0: 2 3 21 
1: 2 5 7 15 20 25 
2: 0 1 11 16 18 19 29 
3: 0 6 11 14 17 
4: 7 14 15 24 31 
5: 1 18 24 31 32 
6: 3 8 16 33 
7: 1 4 16 19 
8: 6 9 33 
9: 8 10 13 
10: 9 11 17 
11: 2 3 10 13 
12: 23 28 32 
13: 9 11 14 27 
14: 3 4 13 17 34 
15: 1 4 32 
16: 2 6 7 23 31 
17: 3 10 14 21 
18: 2 5 22 
19: 2 7 20 29 
20: 1 19 22 31 
21: 0 17 25 
22: 18 20 28 29 
23: 12 16 28 
24: 4 5 
25: 1 21 26 33 
26: 25 27 30 
27: 13 26 30 34 
28: 12 22 23 31 
29: 2 19 22 
30: 26 27 33 
31: 4 5 16 20 28 
32: 5 12 15 
33: 6 8 25 30 34 
34: 14 27 33 
5