0: 3 29 
1: 9 12 14 30 
2: 18 24 25 33 
3: 0 4 15 34 
4: 3 5 15 
5: 4 7 13 15 17 31 
6: 18 26 27 31 
7: 5 8 32 
8: 7 13 20 
9: 1 11 28 31 
10: 11 12 18 21 28 
11: 9 10 26 30 
12: 1 10 16 18 26 28 
13: 5 8 15 
14: 1 18 26 
15: 3 4 5 13 16 31 
16: 12 15 17 23 27 
17: 5 16 19 
18: 2 6 10 12 14 27 30 
19: 17 20 22 
20: 8 19 22 
21: 10 24 25 28 30 32 
22: 19 20 23 34 
23: 16 22 29 
24: 2 21 25 27 30 33 
25: 2 21 24 26 30 31 
26: 6 11 12 14 25 
27: 6 16 18 24 30 
28: 9 10 12 21 31 
29: 0 23 32 
30: 1 11 18 21 24 25 27 
31: 5 6 9 15 25 28 33 
32: 7 21 29 34 
33: 2 24 31 
34: 3 22 32 
5