0: 1 17 34 
1: 0 4 21 28 
2: 8 29 31 
3: 5 16 23 
4: 1 6 7 13 14 25 
5: 3 10 13 16 22 
6: 4 12 22 29 
7: 4 9 30 
8: 2 16 23 30 32 
9: 7 11 24 
10: 5 12 23 26 32 
11: 9 13 34 
12: 6 10 26 
13: 4 5 11 17 
14: 4 15 16 27 29 
15: 14 19 29 31 
16: 3 5 8 14 19 26 27 
17: 0 13 18 
18: 17 20 24 33 
19: 15 16 22 
20: 18 21 28 32 
21: 1 20 24 
22: 5 6 19 31 32 
23: 3 8 10 
24: 9 18 21 25 
25: 4 24 28 
26: 10 12 16 
27: 14 16 
28: 1 20 25 30 
29: 2 6 14 15 31 
30: 7 8 28 33 
31: 2 15 22 29 
32: 8 10 20 22 
33: 18 30 34 
34: 0 11 33 
5