0: 9 27 29 34 
1: 16 25 
2: 3 6 24 
3: 2 5 8 14 
4: 15 25 27 29 34 
5: 3 6 10 19 
6: 2 5 7 23 
7: 6 8 11 26 
8: 3 7 10 
9: 0 15 28 29 31 34 
10: 5 8 13 
11: 7 18 27 28 
12: 19 22 23 26 29 
13: 10 14 30 
14: 3 13 17 20 
15: 4 9 22 27 
16: 1 18 23 25 34 
17: 14 20 26 33 34 
18: 11 16 22 23 31 
19: 5 12 23 25 27 
20: 14 17 21 
21: 20 24 32 33 
22: 12 15 18 25 31 
23: 6 12 16 18 19 
24: 2 21 26 
25: 1 4 16 19 22 31 
26: 7 12 17 24 30 
27: 0 4 11 15 19 
28: 9 11 29 31 
29: 0 4 9 12 28 34 
30: 13 26 32 
31: 9 18 22 25 28 
32: 21 30 33 
33: 17 21 32 
34: 0 4 9 16 17 29 
5