0: 1 32 
1: 0 3 9 
2: 14 19 30 
3: 1 5 29 
4: 11 13 25 32 34 
5: 3 8 22 
6: 12 19 31 
7: 11 23 25 30 
8: 5 9 24 27 
9: 1 8 17 
10: 25 30 33 34 
11: 4 7 13 14 34 
12: 6 13 14 16 30 31 33 
13: 4 11 12 34 
14: 2 11 12 25 
15: 16 19 21 
16: 12 15 31 
17: 9 18 20 23 
18: 17 20 28 
19: 2 6 15 
20: 17 18 22 
21: 15 25 29 31 34 
22: 5 20 23 30 
23: 7 17 22 24 26 32 
24: 8 23 26 
25: 4 7 10 14 21 31 
26: 23 24 27 
27: 8 26 28 31 
28: 18 27 29 
29: 3 21 28 32 
30: 2 7 10 12 22 
31: 6 12 16 21 25 27 33 
32: 0 4 23 29 
33: 10 12 31 
34: 4 10 11 13 21 
5