0: 10 18 20 21 32 34 
1: 12 18 20 25 28 
2: 3 19 
3: 2 5 7 
4: 16 21 30 
5: 3 6 13 23 
6: 5 7 13 
7: 3 6 9 33 
8: 10 11 17 22 
9: 7 13 24 33 
10: 0 8 18 20 26 
11: 8 17 30 34 
12: 1 17 19 26 28 
13: 5 6 9 14 
14: 13 15 24 
15: 14 16 19 24 
16: 4 15 20 22 26 32 
17: 8 11 12 18 21 26 28 
18: 0 1 10 17 20 25 27 
19: 2 12 15 23 32 
20: 0 1 10 16 18 21 22 
21: 0 4 17 20 22 30 34 
22: 8 16 20 21 
23: 5 19 24 29 
24: 9 14 15 23 27 
25: 1 18 28 
26: 10 12 16 17 
27: 18 24 29 31 
28: 1 12 17 25 34 
29: 23 27 31 
30: 4 11 21 
31: 27 29 32 
32: 0 16 19 31 33 
33: 7 9 32 
34: 0 11 21 28 
5