0: 1 25 28 
1: 0 3 16 24 
2: 4 7 30 
3: 1 5 14 19 25 
4: 2 6 10 19 
5: 3 13 23 25 29 
6: 4 7 11 21 
7: 2 6 10 20 
8: 14 32 33 34 
9: 14 28 32 34 
10: 4 7 11 
11: 6 10 12 
12: 11 13 15 18 
13: 5 12 15 16 27 
14: 3 8 9 31 
15: 12 13 18 
16: 1 13 25 33 
17: 23 31 34 
18: 12 15 19 
19: 3 4 18 20 25 
20: 7 19 21 
21: 6 20 22 
22: 21 26 27 
23: 5 17 29 
24: 1 31 34 
25: 0 3 5 16 19 34 
26: 22 27 30 33 
27: 13 22 26 30 
28: 0 9 33 
29: 5 23 32 
30: 2 26 27 
31: 14 17 24 
32: 8 9 29 
33: 8 16 26 28 
34: 8 9 17 24 25 
5