0: 11 15 16 17 27 
1: 2 
2: 1 3 7 21 
3: 2 5 29 34 
4: 26 30 31 
5: 3 6 9 15 16 24 30 
6: 5 7 8 18 34 
7: 2 6 8 20 23 
8: 6 7 9 
9: 5 8 10 
10: 9 18 22 28 
11: 0 16 
12: 14 17 30 33 
13: 24 25 26 31 
14: 12 25 31 33 
15: 0 5 17 21 24 32 33 
16: 0 5 11 17 33 
17: 0 12 15 16 
18: 6 10 20 
19: 25 26 32 
20: 7 18 21 
21: 2 15 20 22 
22: 10 21 23 
23: 7 22 28 
24: 5 13 15 25 
25: 13 14 19 24 33 
26: 4 13 19 
27: 0 30 31 32 
28: 10 23 29 
29: 3 28 34 
30: 4 5 12 27 
31: 4 13 14 27 
32: 15 19 27 
33: 12 14 15 16 25 
34: 3 6 29 
5