0: 1 20 
1: 0 4 7 14 
2: 6 12 15 
3: 8 10 24 32 34 
4: 1 7 18 25 29 
5: 6 14 29 32 
6: 2 5 33 34 
7: 1 4 8 11 13 
8: 3 7 9 17 23 
9: 8 11 26 31 
10: 3 16 30 
11: 7 9 13 
12: 2 15 30 
13: 7 11 17 
14: 1 5 19 28 31 33 34 
15: 2 12 19 24 
16: 10 27 29 
17: 8 13 18 22 
18: 4 17 20 21 31 
19: 14 15 28 29 34 
20: 0 18 21 
21: 18 20 22 
22: 17 21 23 
23: 8 22 25 
24: 3 15 27 
25: 4 23 26 27 
26: 9 25 31 
27: 16 24 25 33 
28: 14 19 30 32 33 
29: 4 5 16 19 32 34 
30: 10 12 28 
31: 9 14 18 26 
32: 3 5 28 29 
33: 6 14 27 28 
34: 3 6 14 19 29 
5