0: 6 18 29 32 
1: 9 13 17 19 29 
2: 9 14 18 20 
3: 4 10 26 
4: 3 5 7 19 27 28 
5: 4 6 8 
6: 0 5 7 8 25 30 
7: 4 6 8 
8: 5 6 7 10 29 
9: 1 2 19 29 30 
10: 3 8 12 13 
11: 19 24 34 
12: 10 15 22 
13: 1 10 20 24 
14: 2 16 18 32 34 
15: 12 22 31 
16: 14 24 32 
17: 1 23 
18: 0 2 14 23 
19: 1 4 9 11 20 
20: 2 13 19 34 
21: 23 24 32 
22: 12 15 25 
23: 17 18 21 29 34 
24: 11 13 16 21 32 
25: 6 22 26 33 
26: 3 25 27 33 
27: 4 26 28 
28: 4 27 30 
29: 0 1 8 9 23 
30: 6 9 28 31 
31: 15 30 33 
32: 0 14 16 21 24 
33: 25 26 31 
34: 11 14 20 23 
5