0: 1 2 7 19 27 
1: 0 3 
2: 0 25 28 32 33 
3: 1 6 23 
4: 7 12 17 34 
5: 16 17 20 27 28 
6: 3 8 9 10 21 29 
7: 0 4 17 
8: 6 9 16 
9: 6 8 10 
10: 6 9 13 15 
11: 17 20 26 
12: 4 26 28 33 
13: 10 14 31 
14: 13 15 30 
15: 10 14 16 
16: 5 8 15 18 32 
17: 4 5 7 11 20 24 33 
18: 16 21 23 27 
19: 0 22 25 
20: 5 11 17 24 33 
21: 6 18 23 32 
22: 19 24 26 27 28 
23: 3 18 21 29 
24: 17 20 22 27 
25: 2 19 27 34 
26: 11 12 22 33 
27: 0 5 18 22 24 25 34 
28: 2 5 12 22 
29: 6 23 30 
30: 14 29 31 
31: 13 30 32 34 
32: 2 16 21 31 33 
33: 2 12 17 20 26 32 34 
34: 4 25 27 31 33 
6