0: 4 5 10 13 33 
1: 6 22 24 25 
2: 3 4 9 
3: 2 4 32 
4: 0 2 3 7 
5: 0 11 14 25 
6: 1 14 25 28 33 
7: 4 8 26 
8: 7 9 32 
9: 2 8 12 
10: 0 21 22 25 
11: 5 23 25 
12: 9 16 34 
13: 0 16 17 23 
14: 5 6 31 
15: 20 21 23 26 28 
16: 12 13 18 19 30 
17: 13 21 31 
18: 16 19 27 
19: 16 18 22 28 
20: 15 24 31 33 
21: 10 15 17 
22: 1 10 19 26 29 34 
23: 11 13 15 24 28 
24: 1 20 23 28 
25: 1 5 6 10 11 
26: 7 15 22 27 
27: 18 26 29 
28: 6 15 19 23 24 31 
29: 22 27 30 
30: 16 29 32 
31: 14 17 20 28 
32: 3 8 30 34 
33: 0 6 20 
34: 12 22 32 
6