0: 2 30 
1: 16 31 32 
2: 0 3 22 33 
3: 2 5 13 29 
4: 7 22 25 28 
5: 3 8 12 18 
6: 15 19 20 
7: 4 10 23 
8: 5 9 23 33 34 
9: 8 11 12 
10: 7 16 19 26 28 31 
11: 9 12 14 33 
12: 5 9 11 13 20 21 
13: 3 12 14 20 24 
14: 11 13 18 
15: 6 17 25 27 
16: 1 10 17 18 26 27 
17: 15 16 20 23 
18: 5 14 16 21 
19: 6 10 24 31 
20: 6 12 13 17 23 32 
21: 12 18 22 34 
22: 2 4 21 29 
23: 7 8 17 20 
24: 13 19 25 26 
25: 4 15 24 
26: 10 16 24 
27: 15 16 28 
28: 4 10 27 32 
29: 3 22 30 
30: 0 29 33 
31: 1 10 19 
32: 1 20 28 
33: 2 8 11 30 34 
34: 8 21 33 
6