0: 1 12 
1: 0 8 22 24 32 34 
2: 4 16 20 25 
3: 5 7 16 25 
4: 2 16 20 
5: 3 16 31 
6: 15 16 30 
7: 3 9 10 20 29 
8: 1 10 18 26 
9: 7 14 31 
10: 7 8 12 13 25 
11: 20 25 27 33 
12: 0 10 13 23 
13: 10 12 17 
14: 9 18 29 31 
15: 6 16 30 
16: 2 3 4 5 6 15 22 
17: 13 18 19 
18: 8 14 17 19 30 
19: 17 18 21 
20: 2 4 7 11 28 29 
21: 19 22 27 
22: 1 16 21 23 
23: 12 22 24 34 
24: 1 23 26 
25: 2 3 10 11 28 33 
26: 8 24 27 
27: 11 21 26 32 
28: 20 25 
29: 7 14 20 
30: 6 15 18 33 
31: 5 9 14 
32: 1 27 34 
33: 11 25 30 
34: 1 23 32 
6