0: 1 33 
1: 0 5 11 
2: 8 13 19 34 
3: 7 10 18 
4: 6 8 10 33 34 
5: 1 11 21 
6: 4 8 9 19 
7: 3 8 19 26 34 
8: 2 4 6 7 15 
9: 6 14 18 
10: 3 4 13 26 27 
11: 1 5 12 
12: 11 16 17 20 32 
13: 2 10 24 
14: 9 22 26 32 
15: 8 19 28 
16: 12 17 23 
17: 12 16 20 27 
18: 3 9 24 27 28 31 
19: 2 6 7 15 24 
20: 12 17 21 
21: 5 20 23 24 31 
22: 14 26 28 
23: 16 21 25 
24: 13 18 19 21 34 
25: 23 27 29 
26: 7 10 14 22 28 
27: 10 17 18 25 29 30 
28: 15 18 22 26 
29: 25 27 30 
30: 27 29 31 33 
31: 18 21 30 32 
32: 12 14 31 33 
33: 0 4 30 32 
34: 2 4 7 24 
6