0: 3 
1: 5 10 31 
2: 6 10 12 13 25 
3: 0 4 17 28 
4: 3 6 8 20 27 
5: 1 14 21 
6: 2 4 8 15 30 
7: 13 19 33 
8: 4 6 11 21 24 
9: 13 19 25 29 
10: 1 2 16 22 28 
11: 8 15 18 25 28 29 32 
12: 2 13 14 
13: 2 7 9 12 19 31 
14: 5 12 28 31 
15: 6 11 17 34 
16: 10 19 21 
17: 3 15 18 34 
18: 11 17 20 23 26 
19: 7 9 13 16 21 
20: 4 18 23 
21: 5 8 16 19 28 
22: 10 28 31 
23: 18 20 24 
24: 8 23 26 
25: 2 9 11 29 31 
26: 18 24 27 
27: 4 26 30 
28: 3 10 11 14 21 22 
29: 9 11 25 33 
30: 6 27 32 
31: 1 13 14 22 25 33 
32: 11 30 34 
33: 7 29 31 
34: 15 17 32 
6