0: 12 27 31 
1: 2 
2: 1 3 24 
3: 2 5 6 
4: 18 26 34 
5: 3 6 17 24 25 
6: 3 5 7 
7: 6 9 21 
8: 18 27 29 
9: 7 11 13 23 33 
10: 32 
11: 9 13 16 21 
12: 0 14 18 
13: 9 11 16 20 22 
14: 12 15 21 27 28 33 
15: 14 28 29 32 33 
16: 11 13 17 
17: 5 16 19 30 31 
18: 4 8 12 20 28 34 
19: 17 21 24 30 
20: 13 18 25 33 
21: 7 11 14 19 22 
22: 13 21 23 
23: 9 22 24 27 
24: 2 5 19 23 30 
25: 5 20 27 31 
26: 4 29 32 34 
27: 0 8 14 23 25 31 
28: 14 15 18 
29: 8 15 26 
30: 17 19 24 
31: 0 17 25 27 
32: 10 15 26 
33: 9 14 15 20 
34: 4 18 26 
6