0: 3 7 8 9 16 27 
1: 2 21 29 
2: 1 4 25 34 
3: 0 8 14 34 
4: 2 6 25 
5: 15 17 19 25 
6: 4 10 33 
7: 0 17 19 20 
8: 0 3 9 13 
9: 0 8 11 13 17 20 29 
10: 6 11 26 34 
11: 9 10 18 23 
12: 14 15 19 22 26 27 
13: 8 9 15 17 22 
14: 3 12 17 22 28 
15: 5 12 13 16 24 27 
16: 0 15 21 22 24 28 
17: 5 7 9 13 14 19 24 
18: 11 21 30 
19: 5 7 12 17 24 
20: 7 9 24 27 
21: 1 16 18 23 31 32 
22: 12 13 14 16 
23: 11 21 25 
24: 15 16 17 19 20 27 
25: 2 4 5 23 26 
26: 10 12 25 29 
27: 0 12 15 20 24 28 
28: 14 16 27 
29: 1 9 26 30 
30: 18 29 31 
31: 21 30 32 
32: 21 31 33 
33: 6 32 34 
34: 2 3 10 33 
6