0: 12 19 20 24 33 
1: 2 10 
2: 1 3 6 8 16 17 
3: 2 4 25 29 
4: 3 6 9 11 18 
5: 17 21 23 
6: 2 4 7 21 
7: 6 9 18 
8: 2 14 30 33 
9: 4 7 10 
10: 1 9 11 
11: 4 10 13 15 22 
12: 0 17 18 23 31 32 
13: 11 17 20 31 
14: 8 19 23 32 34 
15: 11 16 26 29 
16: 2 15 18 
17: 2 5 12 13 20 23 33 
18: 4 7 12 16 22 
19: 0 14 21 32 
20: 0 13 17 21 31 32 33 
21: 5 6 19 20 24 32 
22: 11 18 25 27 
23: 5 12 14 17 27 34 
24: 0 21 30 34 
25: 3 22 26 28 
26: 15 25 28 
27: 22 23 32 34 
28: 25 26 29 
29: 3 15 28 
30: 8 24 33 34 
31: 12 13 20 
32: 12 14 19 20 21 27 
33: 0 8 17 20 30 
34: 14 23 24 27 30 
6