0: 24 27 34 
1: 3 5 8 10 20 
2: 7 13 16 17 
3: 1 4 5 31 
4: 3 9 29 33 
5: 1 3 14 23 
6: 7 16 18 
7: 2 6 15 24 
8: 1 14 18 24 
9: 4 10 11 
10: 1 9 11 
11: 9 10 12 
12: 11 19 28 
13: 2 18 23 
14: 5 8 15 16 
15: 7 14 17 
16: 2 6 14 25 
17: 2 15 33 
18: 6 8 13 19 
19: 12 18 20 21 32 
20: 1 19 21 
21: 19 20 22 
22: 21 25 26 
23: 5 13 27 
24: 0 7 8 
25: 16 22 26 28 32 
26: 22 25 28 
27: 0 23 30 34 
28: 12 25 26 29 
29: 4 28 31 
30: 27 33 34 
31: 3 29 32 
32: 19 25 31 
33: 4 17 30 34 
34: 0 27 30 33 
6