0: 3 7 
1: 2 12 28 33 
2: 1 11 12 25 29 
3: 0 4 10 14 
4: 3 5 17 
5: 4 7 18 23 
6: 25 28 33 
7: 0 5 10 22 
8: 11 13 28 29 31 34 
9: 19 25 26 33 
10: 3 7 13 34 
11: 2 8 27 31 32 
12: 1 2 19 28 33 
13: 8 10 14 30 
14: 3 13 17 21 
15: 16 21 22 25 28 31 33 
16: 15 26 32 
17: 4 14 18 
18: 5 17 21 
19: 9 12 25 29 32 
20: 22 25 28 29 33 
21: 14 15 18 22 
22: 7 15 20 21 23 27 
23: 5 22 24 
24: 23 27 34 
25: 2 6 9 15 19 20 29 
26: 9 16 32 33 
27: 11 22 24 30 
28: 1 6 8 12 15 20 
29: 2 8 19 20 25 
30: 13 27 34 
31: 8 11 15 
32: 11 16 19 26 
33: 1 6 9 12 15 20 26 
34: 8 10 24 30 
6