0: 6 
1: 4 17 26 28 
2: 17 23 28 
3: 17 23 28 30 
4: 1 5 10 17 18 22 
5: 4 8 12 24 
6: 0 8 14 19 22 25 
7: 10 18 25 
8: 5 6 9 15 20 
9: 8 11 32 
10: 4 7 12 
11: 9 13 34 
12: 5 10 24 25 
13: 11 14 31 
14: 6 13 15 
15: 8 14 19 
16: 23 25 27 
17: 1 2 3 4 33 
18: 4 7 30 
19: 6 15 20 33 
20: 8 19 21 
21: 20 22 34 
22: 4 6 21 26 28 
23: 2 3 16 29 
24: 5 12 25 27 
25: 6 7 12 16 24 27 30 
26: 1 22 31 34 
27: 16 24 25 
28: 1 2 3 22 
29: 23 
30: 3 18 25 
31: 13 26 32 
32: 9 31 33 
33: 17 19 32 34 
34: 11 21 26 33 
6