0: 1 
1: 0 6 8 9 24 
2: 4 16 21 
3: 6 12 14 31 
4: 2 7 14 16 
5: 10 26 31 
6: 1 3 7 20 22 29 
7: 4 6 8 11 
8: 1 7 9 13 
9: 1 8 11 32 
10: 5 14 18 
11: 7 9 13 
12: 3 19 21 34 
13: 8 11 20 32 
14: 3 4 10 19 21 
15: 21 26 28 
16: 2 4 27 33 
17: 28 31 33 
18: 10 
19: 12 14 28 
20: 6 13 22 
21: 2 12 14 15 30 
22: 6 20 23 28 
23: 22 24 25 27 30 
24: 1 23 25 
25: 23 24 27 33 
26: 5 15 28 
27: 16 23 25 29 
28: 15 17 19 22 26 
29: 6 27 30 
30: 21 23 29 32 
31: 3 5 17 34 
32: 9 13 30 
33: 16 17 25 34 
34: 12 31 33 
6