0: 1 
1: 0 2 3 8 13 23 
2: 1 3 20 
3: 1 2 6 
4: 5 16 22 24 27 
5: 4 26 27 
6: 3 8 24 
7: 9 30 32 
8: 1 6 10 
9: 7 15 26 28 
10: 8 11 14 15 
11: 10 12 20 33 
12: 11 13 24 32 
13: 1 12 14 
14: 10 13 15 19 21 
15: 9 10 14 19 26 
16: 4 25 28 
17: 18 29 30 33 
18: 17 22 34 
19: 14 15 20 31 
20: 2 11 19 23 
21: 14 25 27 33 
22: 4 18 33 
23: 1 20 24 31 
24: 4 6 12 23 31 
25: 16 21 29 
26: 5 9 15 28 
27: 4 5 21 
28: 9 16 26 32 34 
29: 17 25 32 34 
30: 7 17 
31: 19 23 24 
32: 7 12 28 29 
33: 11 17 21 22 
34: 18 28 29 
6