0: 1 12 23 27 28 
1: 0 7 10 22 24 
2: 9 16 20 34 
3: 5 9 15 16 
4: 10 16 19 22 24 25 
5: 3 6 10 19 21 
6: 5 8 11 32 
7: 1 16 25 
8: 6 11 14 17 26 
9: 2 3 27 28 
10: 1 4 5 16 
11: 6 8 13 
12: 0 15 22 31 
13: 11 14 26 30 
14: 8 13 17 
15: 3 12 20 25 
16: 2 3 4 7 10 
17: 8 14 18 
18: 17 19 34 
19: 4 5 18 21 
20: 2 15 25 
21: 5 19 26 
22: 1 4 12 
23: 0 24 25 
24: 1 4 23 28 
25: 4 7 15 20 23 27 31 
26: 8 13 21 29 33 
27: 0 9 25 31 
28: 0 9 24 
29: 26 30 34 
30: 13 29 32 
31: 12 25 27 
32: 6 30 33 
33: 26 32 34 
34: 2 18 29 33 
6