0: 6 
1: 2 3 18 33 
2: 1 4 19 24 
3: 1 4 8 11 27 34 
4: 2 3 16 17 
5: 30 33 
6: 0 7 13 
7: 6 8 31 
8: 3 7 9 22 
9: 8 11 17 21 25 32 
10: 17 18 27 
11: 3 9 13 22 
12: 16 28 33 
13: 6 11 14 
14: 13 15 18 22 30 
15: 14 21 26 29 
16: 4 12 30 
17: 4 9 10 19 20 33 34 
18: 1 10 14 19 24 27 
19: 2 17 18 20 
20: 17 19 28 30 
21: 9 15 22 23 
22: 8 11 14 21 23 
23: 21 22 25 
24: 2 18 25 34 
25: 9 23 24 26 32 
26: 15 25 29 
27: 3 10 18 28 
28: 12 20 27 
29: 15 26 31 
30: 5 14 16 20 34 
31: 7 29 32 
32: 9 25 31 
33: 1 5 12 17 
34: 3 17 24 30 
6