0: 3 
1: 12 18 24 29 
2: 13 15 16 18 22 32 
3: 0 5 13 22 33 
4: 6 10 12 
5: 3 7 11 28 
6: 4 12 17 22 23 25 27 
7: 5 8 21 31 
8: 7 9 34 
9: 8 11 20 31 
10: 4 17 23 
11: 5 9 14 
12: 1 4 6 19 32 
13: 2 3 21 32 
14: 11 16 22 
15: 2 17 22 25 27 
16: 2 14 20 31 
17: 6 10 15 19 32 
18: 1 2 21 25 
19: 12 17 29 
20: 9 16 22 
21: 7 13 18 23 
22: 2 3 6 14 15 20 26 
23: 6 10 21 24 29 
24: 1 23 25 27 
25: 6 15 18 24 29 
26: 22 28 34 
27: 6 15 24 
28: 5 26 30 
29: 1 19 23 25 
30: 28 31 34 
31: 7 9 16 30 33 
32: 2 12 13 17 
33: 3 31 34 
34: 8 26 30 33 
6