0: 4 7 11 19 31 
1: 3 15 22 28 30 
2: 6 
3: 1 5 15 30 33 
4: 0 10 21 25 
5: 3 21 23 30 
6: 2 8 12 13 34 
7: 0 11 18 25 26 
8: 6 9 13 16 
9: 8 10 32 
10: 4 9 12 24 27 29 
11: 0 7 25 
12: 6 10 13 18 28 
13: 6 8 12 14 15 
14: 13 16 20 
15: 1 3 13 26 
16: 8 14 18 33 
17: 19 21 26 31 
18: 7 12 16 20 
19: 0 17 26 28 30 
20: 14 18 24 
21: 4 5 17 22 25 
22: 1 21 26 31 
23: 5 28 31 
24: 10 20 27 28 
25: 4 7 11 21 30 
26: 7 15 17 19 22 
27: 10 24 29 
28: 1 12 19 23 24 31 
29: 10 27 32 
30: 1 3 5 19 25 
31: 0 17 22 23 28 
32: 9 29 33 34 
33: 3 16 32 34 
34: 6 32 33 
6