0: 10 11 25 33 
1: 2 7 18 
2: 1 5 12 22 
3: 4 6 31 
4: 3 26 29 
5: 2 7 13 16 20 34 
6: 3 11 23 
7: 1 5 12 
8: 21 28 32 33 
9: 26 28 32 
10: 0 29 31 
11: 0 6 13 25 29 
12: 2 7 13 
13: 5 11 12 15 26 
14: 21 31 32 
15: 13 16 23 24 27 
16: 5 15 18 30 
17: 21 26 33 
18: 1 16 19 
19: 18 20 34 
20: 5 19 22 
21: 8 14 17 25 
22: 2 20 23 32 
23: 6 15 22 24 
24: 15 23 27 
25: 0 11 21 
26: 4 9 13 17 
27: 15 24 29 30 
28: 8 9 33 
29: 4 10 11 27 
30: 16 27 31 34 
31: 3 10 14 30 
32: 8 9 14 22 
33: 0 8 17 28 
34: 5 19 30 
6