0: 13 32 
1: 2 7 15 
2: 1 5 9 
3: 6 8 30 
4: 17 27 30 
5: 2 9 14 
6: 3 7 15 18 
7: 1 6 8 12 13 
8: 3 7 34 
9: 2 5 10 15 24 
10: 9 11 22 25 26 
11: 10 12 21 31 
12: 7 11 14 19 23 
13: 0 7 15 32 34 
14: 5 12 19 30 
15: 1 6 9 13 22 
16: 18 20 27 33 
17: 4 22 33 
18: 6 16 20 
19: 12 14 21 29 31 
20: 16 18 27 
21: 11 19 23 
22: 10 15 17 34 
23: 12 21 24 
24: 9 23 25 
25: 10 24 26 28 
26: 10 25 28 
27: 4 16 20 32 
28: 25 26 29 
29: 19 28 31 
30: 3 4 14 33 
31: 11 19 29 
32: 0 13 27 
33: 16 17 30 
34: 8 13 22 
6