0: 12 26 28 29 33 38 
1: 2 9 37 
2: 1 5 8 
3: 4 11 20 24 31 33 35 
4: 3 24 26 27 28 29 38 
5: 2 6 16 23 
6: 5 7 30 
7: 6 8 14 34 38 
8: 2 7 9 37 
9: 1 8 10 
10: 9 14 32 
11: 3 15 20 26 28 29 39 
12: 0 17 22 31 39 
13: 15 17 22 26 28 33 39 
14: 7 10 16 21 
15: 11 13 33 35 
16: 5 14 18 36 
17: 12 13 27 33 
18: 16 19 25 30 
19: 18 21 30 
20: 3 11 31 38 
21: 14 19 23 
22: 12 13 24 
23: 5 21 25 27 
24: 3 4 22 28 35 
25: 18 23 30 
26: 0 4 11 13 27 35 38 
27: 4 17 23 26 33 38 
28: 0 4 11 13 24 
29: 0 4 11 
30: 6 18 19 25 32 
31: 3 12 20 35 
32: 10 30 34 
33: 0 3 13 15 17 27 
34: 7 32 36 
35: 3 15 24 26 31 
36: 16 34 37 
37: 1 8 36 
38: 0 4 7 20 26 27 39 
39: 11 12 13 38 
2