0: 2 
1: 7 13 15 38 
2: 0 3 18 
3: 2 6 31 
4: 5 7 14 16 37 
5: 4 11 22 25 27 36 
6: 3 9 33 
7: 1 4 10 24 37 
8: 10 15 25 36 
9: 6 12 35 
10: 7 8 22 25 36 
11: 5 17 22 39 
12: 9 18 32 
13: 1 14 20 27 
14: 4 13 17 20 
15: 1 8 16 
16: 4 15 17 20 27 30 
17: 11 14 16 20 
18: 2 12 19 
19: 18 21 28 
20: 13 14 16 17 27 
21: 19 23 29 33 
22: 5 10 11 37 
23: 21 24 26 35 
24: 7 23 26 35 
25: 5 8 10 37 38 39 
26: 23 24 28 34 
27: 5 13 16 20 39 
28: 19 26 29 
29: 21 28 30 
30: 16 29 31 32 
31: 3 30 32 
32: 12 30 31 33 
33: 6 21 32 34 
34: 26 33 35 
35: 9 23 24 34 
36: 5 8 10 38 
37: 4 7 22 25 39 
38: 1 25 36 39 
39: 11 25 27 37 38 
2