0: 6 8 32 36 
1: 17 23 30 
2: 4 
3: 6 9 17 23 28 36 39 
4: 2 5 37 
5: 4 7 12 27 
6: 0 3 15 17 23 39 
7: 5 11 29 31 
8: 0 18 20 23 30 
9: 3 18 20 21 28 
10: 28 30 36 
11: 7 12 37 
12: 5 11 13 24 38 
13: 12 14 16 35 
14: 13 16 25 33 
15: 6 20 21 32 
16: 13 14 22 
17: 1 3 6 22 
18: 8 9 19 
19: 18 21 26 36 
20: 8 9 15 
21: 9 15 19 
22: 16 17 24 31 
23: 1 3 6 8 36 
24: 12 22 25 
25: 14 24 27 
26: 19 28 32 39 
27: 5 25 29 34 
28: 3 9 10 26 38 
29: 7 27 31 
30: 1 8 10 39 
31: 7 22 29 33 38 
32: 0 15 26 
33: 14 31 34 
34: 27 33 35 
35: 13 34 37 
36: 0 3 10 19 23 
37: 4 11 35 38 
38: 12 28 31 37 
39: 3 6 26 30 
2