0: 1 5 9 20 25 36 
1: 0 2 5 16 24 26 34 
2: 1 13 18 20 24 34 36 
3: 4 
4: 3 10 38 
5: 0 1 18 24 29 
6: 13 16 36 
7: 8 14 20 26 29 
8: 7 9 18 26 37 
9: 0 8 19 20 
10: 4 11 17 
11: 10 12 23 27 31 
12: 11 15 28 
13: 2 6 16 20 26 34 
14: 7 26 29 36 
15: 12 17 21 
16: 1 6 13 25 
17: 10 15 21 22 
18: 2 5 8 19 25 26 34 
19: 9 18 24 29 36 
20: 0 2 7 9 13 
21: 15 17 22 
22: 17 21 23 35 
23: 11 22 27 
24: 1 2 5 19 25 34 
25: 0 16 18 24 
26: 1 7 8 13 14 18 32 
27: 11 23 28 
28: 12 27 30 33 
29: 5 7 14 19 
30: 28 31 32 
31: 11 30 32 
32: 26 30 31 33 39 
33: 28 32 35 
34: 1 2 13 18 24 
35: 22 33 37 
36: 0 2 6 14 19 
37: 8 35 38 39 
38: 4 37 39 
39: 32 37 38 
2