0: 29 34 35 
1: 5 9 14 19 28 29 35 
2: 7 27 
3: 22 31 33 35 
4: 6 10 29 31 32 34 
5: 1 9 16 33 
6: 4 9 25 28 33 
7: 2 8 11 13 
8: 7 11 39 
9: 1 5 6 31 
10: 4 14 19 29 33 
11: 7 8 12 24 39 
12: 11 13 15 21 
13: 7 12 15 
14: 1 10 30 31 32 34 
15: 12 13 17 
16: 5 25 31 32 
17: 15 18 30 
18: 17 20 26 
19: 1 10 21 28 34 
20: 18 21 36 38 
21: 12 19 20 23 
22: 3 25 32 34 
23: 21 24 37 
24: 11 23 26 
25: 6 16 22 
26: 18 24 27 
27: 2 26 30 
28: 1 6 19 35 
29: 0 1 4 10 31 
30: 14 17 27 36 
31: 3 4 9 14 16 29 
32: 4 14 16 22 33 
33: 3 5 6 10 32 
34: 0 4 14 19 22 
35: 0 1 3 28 
36: 20 30 37 
37: 23 36 38 
38: 20 37 39 
39: 8 11 38 
2