0: 3 
1: 11 22 35 
2: 11 18 32 35 
3: 0 4 26 
4: 3 6 10 20 25 30 
5: 22 29 34 
6: 4 8 13 23 
7: 14 32 33 37 
8: 6 9 20 39 
9: 8 10 19 39 
10: 4 9 12 24 38 
11: 1 2 18 24 31 32 
12: 10 13 23 
13: 6 12 19 
14: 7 17 33 37 
15: 31 34 35 
16: 17 29 31 35 
17: 14 16 33 
18: 2 11 29 
19: 9 13 20 28 
20: 4 8 19 21 
21: 20 23 36 
22: 1 5 37 
23: 6 12 21 25 
24: 10 11 27 31 33 
25: 4 23 26 
26: 3 25 28 
27: 24 33 34 
28: 19 26 30 33 
29: 5 16 18 
30: 4 28 36 
31: 11 15 16 24 
32: 2 7 11 34 37 
33: 7 14 17 24 27 28 
34: 5 15 27 32 
35: 1 2 15 16 37 
36: 21 30 38 
37: 7 14 22 32 35 
38: 10 36 39 
39: 8 9 38 
2