0: 4 23 25 26 
1: 14 21 25 27 33 
2: 5 
3: 4 31 32 
4: 0 3 37 
5: 2 7 15 29 30 39 
6: 13 21 26 33 
7: 5 8 9 10 22 
8: 7 9 12 19 28 
9: 7 8 10 
10: 7 9 12 
11: 26 31 33 
12: 8 10 15 
13: 6 26 37 
14: 1 23 36 
15: 5 12 16 
16: 15 17 18 24 
17: 16 18 22 
18: 16 17 19 
19: 8 18 22 
20: 21 27 32 37 
21: 1 6 20 37 
22: 7 17 19 24 
23: 0 14 26 32 34 
24: 16 22 28 32 35 
25: 0 1 27 
26: 0 6 11 13 23 
27: 1 20 25 
28: 8 24 29 38 
29: 5 28 30 
30: 5 29 35 39 
31: 3 11 32 37 38 
32: 3 20 23 24 31 37 
33: 1 6 11 36 
34: 23 36 37 
35: 24 30 38 
36: 14 33 34 
37: 4 13 20 21 31 32 34 
38: 28 31 35 39 
39: 5 30 38 
2