0: 39 
1: 13 16 25 39 
2: 3 14 34 39 
3: 2 8 12 27 31 39 
4: 5 
5: 4 6 15 19 
6: 5 9 28 33 
7: 8 31 32 
8: 3 7 18 26 34 
9: 6 10 17 36 
10: 9 11 21 
11: 10 15 22 24 29 38 
12: 3 16 25 
13: 1 20 32 35 
14: 2 20 25 35 37 
15: 5 11 17 
16: 1 12 32 
17: 9 15 19 
18: 8 27 35 39 
19: 5 17 21 
20: 13 14 31 32 
21: 10 19 22 
22: 11 21 23 
23: 22 24 26 
24: 11 23 26 
25: 1 12 14 32 34 37 
26: 8 23 24 28 
27: 3 18 31 
28: 6 26 29 
29: 11 28 30 39 
30: 29 33 38 
31: 3 7 20 27 
32: 7 13 16 20 25 39 
33: 6 30 36 
34: 2 8 25 35 37 
35: 13 14 18 34 
36: 9 33 38 
37: 14 25 34 
38: 11 30 36 
39: 0 1 2 3 18 29 32 
2