0: 1 
1: 0 3 8 24 25 27 
2: 6 15 16 18 20 
3: 1 4 38 
4: 3 5 11 19 
5: 4 7 21 
6: 2 18 34 37 
7: 5 8 9 13 28 
8: 1 7 9 29 
9: 7 8 10 30 
10: 9 11 33 
11: 4 10 13 
12: 16 24 37 
13: 7 11 19 
14: 16 17 22 34 35 36 
15: 2 17 20 31 39 
16: 2 12 14 18 23 26 37 
17: 14 15 23 35 36 37 
18: 2 6 16 20 22 36 
19: 4 13 21 38 
20: 2 15 18 34 35 
21: 5 19 25 
22: 14 18 26 33 35 
23: 16 17 31 
24: 1 12 26 37 
25: 1 21 27 
26: 16 22 24 32 34 35 39 
27: 1 25 28 
28: 7 27 29 
29: 8 28 30 
30: 9 29 33 
31: 15 23 39 
32: 26 35 36 
33: 10 22 30 38 
34: 6 14 20 26 39 
35: 14 17 20 22 26 32 39 
36: 14 17 18 32 
37: 6 12 16 17 24 
38: 3 19 33 
39: 15 26 31 34 35 
2