0: 2 37 38 
1: 4 6 17 19 27 34 
2: 0 3 23 36 
3: 2 5 29 
4: 1 14 24 25 32 33 
5: 3 7 13 35 
6: 1 19 30 
7: 5 8 16 
8: 7 9 10 20 24 28 
9: 8 10 26 
10: 8 9 12 
11: 17 19 21 
12: 10 13 22 
13: 5 12 16 
14: 4 15 18 
15: 14 21 32 36 39 
16: 7 13 20 
17: 1 11 24 36 
18: 14 25 33 34 39 
19: 1 6 11 30 
20: 8 16 22 
21: 11 15 34 36 39 
22: 12 20 23 
23: 2 22 26 
24: 4 8 17 27 30 32 
25: 4 18 31 
26: 9 23 28 
27: 1 24 36 39 
28: 8 26 29 38 
29: 3 28 35 
30: 6 19 24 31 34 
31: 25 30 32 34 
32: 4 15 24 31 36 
33: 4 18 
34: 1 18 21 30 31 36 
35: 5 29 37 
36: 2 15 17 21 27 32 34 
37: 0 35 38 
38: 0 28 37 
39: 15 18 21 27 
2