0: 8 
1: 5 14 16 19 37 38 
2: 13 14 23 24 32 38 
3: 6 11 15 16 
4: 5 6 11 23 36 
5: 1 4 15 20 37 
6: 3 4 14 16 
7: 11 17 38 
8: 0 9 27 29 
9: 8 10 28 31 
10: 9 12 26 
11: 3 4 7 17 
12: 10 18 19 25 
13: 2 19 23 32 36 38 
14: 1 2 6 20 23 38 
15: 3 5 17 19 23 
16: 1 3 6 36 
17: 7 11 15 19 20 37 
18: 12 21 26 33 
19: 1 12 13 15 17 23 
20: 5 14 17 37 38 
21: 18 22 24 
22: 21 24 30 39 
23: 2 4 13 14 15 19 
24: 2 21 22 25 39 
25: 12 24 26 
26: 10 18 25 27 
27: 8 26 28 34 
28: 9 27 29 
29: 8 28 30 35 
30: 22 29 31 
31: 9 30 33 
32: 2 13 36 38 
33: 18 31 34 
34: 27 33 35 
35: 29 34 39 
36: 4 13 16 32 
37: 1 5 17 20 
38: 1 2 7 13 14 20 32 
39: 22 24 35 
2