0: 1 18 21 
1: 0 2 3 13 34 
2: 1 4 17 28 
3: 1 7 10 16 25 36 37 
4: 2 5 20 
5: 4 12 22 
6: 9 15 16 
7: 3 9 16 31 33 
8: 15 16 23 33 38 
9: 6 7 10 31 38 
10: 3 9 15 24 25 31 33 
11: 23 24 25 31 
12: 5 13 26 29 
13: 1 12 17 39 
14: 33 36 38 
15: 6 8 10 19 23 35 
16: 3 6 7 8 35 
17: 2 13 18 
18: 0 17 20 30 
19: 15 29 
20: 4 18 21 
21: 0 20 22 27 
22: 5 21 26 32 
23: 8 11 15 36 
24: 10 11 31 35 
25: 3 10 11 31 38 
26: 12 22 27 
27: 21 26 28 39 
28: 2 27 29 
29: 12 19 28 30 
30: 18 29 32 
31: 7 9 10 11 24 25 36 
32: 22 30 34 
33: 7 8 10 14 37 
34: 1 32 39 
35: 15 16 24 
36: 3 14 23 31 
37: 3 33 38 
38: 8 9 14 25 37 
39: 13 27 34 
2