0: 16 25 33 34 36 
1: 3 6 12 
2: 7 12 32 39 
3: 1 21 39 
4: 5 
5: 4 8 9 15 
6: 1 7 37 
7: 2 6 14 23 39 
8: 5 9 29 
9: 5 8 10 
10: 9 13 17 27 35 
11: 14 20 25 
12: 1 2 20 32 38 
13: 10 15 18 26 
14: 7 11 21 
15: 5 13 17 25 
16: 0 23 39 
17: 10 15 18 
18: 13 17 19 
19: 18 22 24 28 31 38 
20: 11 12 36 
21: 3 14 33 
22: 19 24 38 
23: 7 16 25 
24: 19 22 26 
25: 0 11 15 23 34 
26: 13 24 27 
27: 10 26 28 30 
28: 19 27 29 
29: 8 28 30 
30: 27 29 31 
31: 19 30 35 
32: 2 12 34 
33: 0 21 37 
34: 0 25 32 
35: 10 31 38 
36: 0 20 37 
37: 6 33 36 
38: 12 19 22 35 
39: 2 3 7 16 
2