0: 2 17 
1: 8 13 22 36 
2: 0 3 33 
3: 2 9 20 
4: 22 30 35 
5: 6 13 29 31 
6: 5 30 36 
7: 21 31 37 
8: 1 30 32 
9: 3 10 21 25 
10: 9 12 15 39 
11: 13 19 24 30 34 
12: 10 14 15 
13: 1 5 11 
14: 12 15 33 
15: 10 12 14 17 18 
16: 24 27 34 
17: 0 15 18 
18: 15 17 20 37 39 
19: 11 22 29 31 
20: 3 18 21 28 
21: 7 9 20 23 
22: 1 4 19 27 
23: 21 25 26 
24: 11 16 27 32 
25: 9 23 26 
26: 23 25 28 38 
27: 16 22 24 
28: 20 26 33 
29: 5 19 35 36 
30: 4 6 8 11 34 
31: 5 7 19 
32: 8 24 35 
33: 2 14 28 37 
34: 11 16 30 
35: 4 29 32 
36: 1 6 29 
37: 7 18 33 38 
38: 26 37 39 
39: 10 18 38 
2