0: 10 12 21 38 
1: 16 18 20 27 30 38 
2: 4 24 
3: 12 19 21 31 
4: 2 5 22 37 
5: 4 7 14 34 
6: 9 12 13 21 35 
7: 5 8 32 
8: 7 9 37 
9: 6 8 14 15 25 36 
10: 0 12 35 39 
11: 16 20 30 31 
12: 0 3 6 10 21 38 
13: 6 18 19 38 
14: 5 9 17 
15: 9 16 27 35 
16: 1 11 15 27 39 
17: 14 22 33 
18: 1 13 27 
19: 3 13 27 
20: 1 11 21 31 
21: 0 3 6 12 20 38 
22: 4 17 23 29 
23: 22 24 28 
24: 2 23 25 
25: 9 24 26 
26: 25 28 33 
27: 1 15 16 18 19 31 
28: 23 26 29 
29: 22 28 32 
30: 1 11 38 39 
31: 3 11 20 27 39 
32: 7 29 33 
33: 17 26 32 34 
34: 5 33 36 
35: 6 10 15 
36: 9 34 37 
37: 4 8 36 
38: 0 1 12 13 21 30 
39: 10 16 30 31 
2