0: 4 12 18 20 23 36 
1: 3 
2: 8 12 20 22 31 34 35 
3: 1 5 6 
4: 0 18 20 31 36 
5: 3 6 13 
6: 3 5 9 15 18 
7: 12 17 35 
8: 2 10 11 22 28 34 35 
9: 6 13 39 
10: 8 11 12 14 22 25 
11: 8 10 14 35 
12: 0 2 7 10 22 
13: 5 9 15 19 
14: 10 11 17 
15: 6 13 16 27 
16: 15 19 37 
17: 7 14 28 
18: 0 4 6 20 22 23 
19: 13 16 21 
20: 0 2 4 18 24 31 
21: 19 24 30 
22: 2 8 10 12 18 34 
23: 0 18 25 28 34 35 
24: 20 21 26 29 
25: 10 23 28 31 34 
26: 24 27 30 
27: 15 26 29 38 
28: 8 17 23 25 
29: 24 27 30 
30: 21 26 29 32 33 
31: 2 4 20 25 36 
32: 30 33 39 
33: 30 32 37 
34: 2 8 22 23 25 
35: 2 7 8 11 23 36 
36: 0 4 31 35 
37: 16 33 38 
38: 27 37 39 
39: 9 32 38 
2