0: 14 15 16 31 
1: 2 8 21 27 
2: 1 4 9 21 27 31 
3: 5 
4: 2 8 15 32 
5: 3 6 24 
6: 5 12 25 29 
7: 11 15 16 22 28 35 36 
8: 1 4 22 35 
9: 2 11 18 36 
10: 18 21 22 31 35 
11: 7 9 18 27 
12: 6 13 23 30 
13: 12 17 19 39 
14: 0 16 21 
15: 0 4 7 18 27 36 
16: 0 7 14 18 32 
17: 13 19 25 38 
18: 9 10 11 15 16 31 
19: 13 17 20 33 
20: 19 23 24 28 
21: 1 2 10 14 
22: 7 8 10 
23: 12 20 24 
24: 5 20 23 25 
25: 6 17 24 26 34 
26: 25 28 37 
27: 1 2 11 15 30 
28: 7 20 26 29 
29: 6 28 30 
30: 12 27 29 33 
31: 0 2 10 18 
32: 4 16 
33: 19 30 34 39 
34: 25 33 37 
35: 7 8 10 36 
36: 7 9 15 35 
37: 26 34 38 
38: 17 37 39 
39: 13 33 38 
2