0: 6 17 22 
1: 3 5 31 32 
2: 5 13 14 16 31 37 38 
3: 1 13 20 
4: 9 13 20 36 38 
5: 1 2 16 24 31 
6: 0 7 24 29 
7: 6 8 34 
8: 7 10 15 33 
9: 4 18 23 32 36 
10: 8 11 12 
11: 10 12 15 
12: 10 11 15 
13: 2 3 4 18 37 
14: 2 16 18 23 31 35 
15: 8 11 12 17 39 
16: 2 5 14 35 37 
17: 0 15 18 19 27 
18: 9 13 14 17 31 32 35 
19: 17 21 30 
20: 3 4 23 28 32 38 
21: 19 22 25 
22: 0 21 24 39 
23: 9 14 20 35 
24: 5 6 22 25 
25: 21 24 27 
26: 28 37 
27: 17 25 29 
28: 20 26 31 36 
29: 6 27 30 
30: 19 29 33 
31: 1 2 5 14 18 28 35 
32: 1 9 18 20 
33: 8 30 34 
34: 7 33 39 
35: 14 16 18 23 31 37 
36: 4 9 28 
37: 2 13 16 26 35 
38: 2 4 20 
39: 15 22 34 
2