0: 1 2 3 28 31 
1: 0 2 24 27 31 34 37 
2: 0 1 5 6 24 31 38 
3: 0 5 10 20 24 31 
4: 7 39 
5: 2 3 10 23 34 37 38 
6: 2 16 17 28 29 38 
7: 4 8 13 21 
8: 7 9 32 33 
9: 8 11 21 
10: 3 5 25 29 
11: 9 12 14 19 25 36 
12: 11 13 18 
13: 7 12 14 
14: 11 13 18 
15: 20 28 29 34 37 
16: 6 17 20 27 
17: 6 16 24 
18: 12 14 19 35 38 
19: 11 18 21 
20: 3 15 16 27 28 
21: 7 9 19 22 
22: 21 25 26 
23: 5 34 37 
24: 1 2 3 17 31 
25: 10 11 22 26 
26: 22 25 30 
27: 1 16 20 
28: 0 6 15 20 37 
29: 6 10 15 31 
30: 26 32 39 
31: 0 1 2 3 24 29 38 
32: 8 30 33 
33: 8 32 35 
34: 1 5 15 23 38 
35: 18 33 36 
36: 11 35 39 
37: 1 5 15 23 28 
38: 2 5 6 18 31 34 
39: 4 30 36 
2