0: 3 15 27 
1: 18 19 30 34 
2: 5 6 7 30 
3: 0 4 13 22 
4: 3 11 26 
5: 2 8 17 
6: 2 9 18 28 30 
7: 2 10 12 17 28 
8: 5 14 23 34 
9: 6 10 38 
10: 7 9 12 24 
11: 4 13 39 
12: 7 10 14 
13: 3 11 15 
14: 8 12 19 35 
15: 0 13 16 21 29 31 
16: 15 20 25 32 
17: 5 7 18 19 
18: 1 6 17 38 
19: 1 14 17 24 35 
20: 16 21 33 
21: 15 20 22 
22: 3 21 25 37 
23: 8 28 34 
24: 10 19 37 38 
25: 16 22 26 
26: 4 25 27 35 
27: 0 26 29 36 
28: 6 7 23 
29: 15 27 31 39 
30: 1 2 6 
31: 15 29 32 
32: 16 31 33 
33: 20 32 36 
34: 1 8 23 
35: 14 19 26 
36: 27 33 37 
37: 22 24 36 39 
38: 9 18 24 
39: 11 29 37 
2