0: 5 12 19 35 
1: 23 28 30 37 
2: 3 
3: 2 4 21 
4: 3 6 7 8 13 
5: 0 14 18 
6: 4 16 20 31 37 
7: 4 8 13 36 39 
8: 4 7 9 33 
9: 8 11 22 
10: 14 28 
11: 9 13 26 
12: 0 24 32 
13: 4 7 11 15 
14: 5 10 16 22 30 
15: 13 21 27 
16: 6 14 17 35 
17: 16 19 30 32 
18: 5 24 35 
19: 0 17 37 
20: 6 23 24 
21: 3 15 22 
22: 9 14 21 25 
23: 1 20 30 31 
24: 12 18 20 30 35 
25: 22 26 29 
26: 11 25 27 
27: 15 26 29 31 
28: 1 10 32 
29: 25 27 33 
30: 1 14 17 23 24 31 32 
31: 6 23 27 30 32 
32: 12 17 28 30 31 
33: 8 29 34 
34: 33 36 38 39 
35: 0 16 18 24 
36: 7 34 38 
37: 1 6 19 
38: 34 36 39 
39: 7 34 38 
3