0: 3 4 11 25 26 
1: 4 8 9 23 26 
2: 4 16 27 38 
3: 0 23 27 35 
4: 0 1 2 11 25 30 35 
5: 6 17 
6: 5 7 13 
7: 6 9 14 
8: 1 10 11 
9: 1 7 12 21 39 
10: 8 11 16 22 31 
11: 0 4 8 10 22 29 31 
12: 9 13 36 
13: 6 12 14 
14: 7 13 15 
15: 14 17 18 20 
16: 2 10 27 29 30 32 
17: 5 15 18 32 37 39 
18: 15 17 19 
19: 18 20 24 
20: 15 19 21 
21: 9 20 24 34 
22: 10 11 27 38 
23: 1 3 34 
24: 19 21 28 
25: 0 4 26 29 
26: 0 1 25 31 34 
27: 2 3 16 22 31 
28: 24 32 33 
29: 11 16 25 30 
30: 4 16 29 34 
31: 10 11 26 27 38 
32: 16 17 28 33 
33: 28 32 36 
34: 21 23 26 30 
35: 3 4 
36: 12 33 37 
37: 17 36 39 
38: 2 22 31 
39: 9 17 37 
3