0: 13 23 25 
1: 3 39 
2: 13 16 23 24 35 36 
3: 1 5 38 
4: 7 13 14 16 26 36 
5: 3 9 18 29 
6: 7 16 19 25 30 36 
7: 4 6 22 24 34 
8: 13 24 35 
9: 5 10 28 
10: 9 11 15 32 
11: 10 12 20 28 
12: 11 15 21 22 
13: 0 2 4 8 14 30 33 
14: 4 13 22 24 36 
15: 10 12 17 
16: 2 4 6 33 
17: 15 18 27 
18: 5 17 20 25 
19: 6 22 34 
20: 11 18 21 33 
21: 12 20 27 39 
22: 7 12 14 19 30 33 
23: 0 2 24 
24: 2 7 8 14 23 
25: 0 6 18 33 35 
26: 4 30 34 35 
27: 17 21 28 
28: 9 11 27 29 
29: 5 28 31 
30: 6 13 22 26 
31: 29 32 37 
32: 10 31 37 
33: 13 16 20 22 25 36 
34: 7 19 26 
35: 2 8 25 26 
36: 2 4 6 14 33 
37: 31 32 38 
38: 3 37 39 
39: 1 21 38 
3