0: 2 7 26 
1: 3 4 5 9 18 
2: 0 7 13 27 
3: 1 9 14 30 
4: 1 8 9 29 34 
5: 1 18 19 24 34 
6: 14 19 21 
7: 0 2 11 22 
8: 4 12 14 19 21 30 34 
9: 1 3 4 12 13 37 
10: 12 18 21 24 
11: 7 13 17 
12: 8 9 10 19 24 
13: 2 9 11 15 
14: 3 6 8 31 33 37 
15: 13 16 20 32 
16: 15 17 32 
17: 11 16 20 39 
18: 1 5 10 
19: 5 6 8 12 21 29 38 
20: 15 17 22 
21: 6 8 10 19 33 
22: 7 20 23 
23: 22 25 28 
24: 5 10 12 33 38 
25: 23 26 27 
26: 0 25 27 37 
27: 2 25 26 28 
28: 23 27 32 35 
29: 4 19 30 34 
30: 3 8 29 34 
31: 14 33 38 
32: 15 16 28 35 36 
33: 14 21 24 31 
34: 4 5 8 29 30 
35: 28 32 36 
36: 32 35 37 39 
37: 9 14 26 36 39 
38: 19 24 31 
39: 17 36 37 
3