0: 2 11 24 
1: 3 25 
2: 0 4 10 
3: 1 5 13 14 22 
4: 2 7 11 15 36 
5: 3 13 16 
6: 34 36 37 
7: 4 9 12 35 
8: 9 18 23 34 39 
9: 7 8 27 
10: 2 11 18 39 
11: 0 4 10 12 21 35 
12: 7 11 15 33 
13: 3 5 14 
14: 3 13 16 
15: 4 12 18 34 
16: 5 14 17 
17: 16 19 20 
18: 8 10 15 21 
19: 17 20 28 31 32 
20: 17 19 22 38 
21: 11 18 27 37 
22: 3 20 23 30 
23: 8 22 25 33 
24: 0 34 35 
25: 1 23 26 27 
26: 25 28 29 
27: 9 21 25 37 
28: 19 26 29 38 
29: 26 28 30 
30: 22 29 31 
31: 19 30 32 
32: 19 31 33 
33: 12 23 32 38 
34: 6 8 15 24 37 
35: 7 11 24 
36: 4 6 39 
37: 6 21 27 34 
38: 20 28 33 
39: 8 10 36 
3