0: 4 5 9 31 32 33 
1: 2 10 11 18 
2: 1 8 13 20 
3: 6 7 23 33 38 
4: 0 6 16 
5: 0 16 17 
6: 3 4 9 
7: 3 15 26 
8: 2 10 13 
9: 0 6 32 38 
10: 1 8 11 
11: 1 10 13 22 
12: 24 28 33 38 
13: 2 8 11 14 
14: 13 18 30 
15: 7 17 23 32 
16: 4 5 23 
17: 5 15 22 38 
18: 1 14 20 27 39 
19: 24 26 31 33 
20: 2 18 21 
21: 20 22 29 
22: 11 17 21 25 
23: 3 15 16 
24: 12 19 31 
25: 22 27 36 
26: 7 19 28 
27: 18 25 29 
28: 12 26 39 
29: 21 27 30 
30: 14 29 34 
31: 0 19 24 
32: 0 9 15 35 
33: 0 3 12 19 
34: 30 35 39 
35: 32 34 36 37 
36: 25 35 37 
37: 35 36 39 
38: 3 9 12 17 
39: 18 28 34 37 
3