0: 9 16 17 21 28 29 
1: 4 8 32 
2: 3 
3: 2 5 22 32 
4: 1 15 37 39 
5: 3 9 12 35 38 
6: 30 37 39 
7: 21 23 25 29 30 32 
8: 1 11 28 31 
9: 0 5 10 26 27 33 
10: 9 12 35 36 
11: 8 25 31 39 
12: 5 10 13 
13: 12 14 20 
14: 13 18 19 24 38 
15: 4 30 32 
16: 0 28 32 
17: 0 28 29 37 
18: 14 19 34 
19: 14 18 20 
20: 13 19 22 
21: 0 7 23 
22: 3 20 24 32 
23: 7 21 25 31 
24: 14 22 26 
25: 7 11 23 
26: 9 24 27 
27: 9 26 33 
28: 0 8 16 17 37 
29: 0 7 17 
30: 6 7 15 
31: 8 11 23 
32: 1 3 7 15 16 22 
33: 9 27 34 
34: 18 33 35 
35: 5 10 34 36 
36: 10 35 38 
37: 4 6 17 28 
38: 5 14 36 
39: 4 6 11 
3