0: 6 14 19 20 
1: 2 17 20 
2: 1 4 22 
3: 19 21 27 30 
4: 2 5 23 
5: 4 8 23 
6: 0 24 29 
7: 12 27 34 38 
8: 5 9 31 38 
9: 8 11 36 
10: 12 18 28 
11: 9 13 32 
12: 7 10 19 29 30 33 
13: 11 16 25 
14: 0 20 28 35 
15: 24 34 39 
16: 13 17 26 
17: 1 16 22 
18: 10 27 29 
19: 0 3 12 
20: 0 1 14 28 39 
21: 3 30 34 
22: 2 17 23 33 
23: 4 5 22 25 37 
24: 6 15 30 35 
25: 13 23 26 
26: 16 25 31 38 
27: 3 7 18 
28: 10 14 20 
29: 6 12 18 
30: 3 12 21 24 
31: 8 26 32 
32: 11 31 33 
33: 12 22 32 36 
34: 7 15 21 35 
35: 14 24 34 
36: 9 33 37 
37: 23 36 38 
38: 7 8 26 37 
39: 15 20 
3