0: 2 5 6 
1: 8 10 13 29 32 
2: 0 4 33 
3: 10 21 27 30 32 
4: 2 5 9 35 
5: 0 4 6 19 
6: 0 5 7 
7: 6 9 23 38 
8: 1 24 28 
9: 4 7 12 
10: 1 3 21 31 34 
11: 15 21 31 
12: 9 17 18 39 
13: 1 15 29 34 
14: 21 22 30 
15: 11 13 21 22 23 24 29 
16: 22 24 34 36 37 
17: 12 18 23 26 
18: 12 17 19 20 
19: 5 18 20 25 37 
20: 18 19 23 
21: 3 10 11 14 15 31 
22: 14 15 16 28 
23: 7 15 17 20 25 
24: 8 15 16 36 
25: 19 23 26 
26: 17 25 33 39 
27: 3 29 30 36 
28: 8 22 29 32 36 37 
29: 1 13 15 27 28 34 
30: 3 14 27 
31: 10 11 21 
32: 1 3 28 
33: 2 26 35 
34: 10 13 16 29 
35: 4 33 37 
36: 16 24 27 28 
37: 16 19 28 35 38 
38: 7 37 39 
39: 12 26 38 
3