0: 2 14 38 
1: 10 20 36 
2: 0 8 20 23 25 
3: 4 
4: 3 5 14 21 
5: 4 11 16 30 
6: 13 15 
7: 10 12 13 25 
8: 2 12 17 31 
9: 10 29 31 36 
10: 1 7 9 31 38 
11: 5 16 19 26 
12: 7 8 15 22 36 
13: 6 7 22 25 
14: 0 4 15 17 38 
15: 6 12 14 22 
16: 5 11 18 24 
17: 8 14 31 38 
18: 16 19 33 
19: 11 18 21 
20: 1 2 29 
21: 4 19 23 34 
22: 12 13 15 31 
23: 2 21 24 27 32 
24: 16 23 26 38 
25: 2 7 13 
26: 11 24 27 
27: 23 26 28 39 
28: 27 30 39 
29: 9 20 38 
30: 5 28 32 
31: 8 9 10 17 22 
32: 23 30 33 35 
33: 18 32 34 37 
34: 21 33 35 
35: 32 34 37 
36: 1 9 12 
37: 33 35 39 
38: 0 10 14 17 24 29 
39: 27 28 37 
3