0: 4 7 22 26 28 31 34 
1: 3 
2: 16 22 31 38 
3: 1 5 13 20 24 
4: 0 10 17 28 29 38 
5: 3 6 11 27 39 
6: 5 8 29 
7: 0 14 15 19 22 32 
8: 6 11 21 37 39 
9: 14 16 19 27 
10: 4 15 17 26 33 
11: 5 8 12 
12: 11 13 35 
13: 3 12 18 
14: 7 9 15 17 28 34 38 
15: 7 10 14 28 32 38 
16: 2 9 22 24 28 30 33 
17: 4 10 14 30 
18: 13 20 37 
19: 7 9 22 26 31 34 
20: 3 18 21 
21: 8 20 23 
22: 0 2 7 16 19 
23: 21 24 27 
24: 3 16 23 25 
25: 24 27 29 
26: 0 10 19 31 
27: 5 9 23 25 29 
28: 0 4 14 15 16 32 33 
29: 4 6 25 27 35 36 
30: 16 17 
31: 0 2 19 26 32 34 
32: 7 15 28 31 34 
33: 10 16 28 
34: 0 14 19 31 32 
35: 12 29 36 
36: 29 35 37 
37: 8 18 36 39 
38: 2 4 14 15 
39: 5 8 37 
3