0: 14 17 18 24 
1: 3 20 39 
2: 11 19 24 
3: 1 5 25 27 
4: 16 22 24 28 33 
5: 3 7 10 
6: 8 13 16 24 
7: 5 10 15 36 
8: 6 9 14 17 31 
9: 8 31 33 
10: 5 7 12 
11: 2 13 17 19 28 
12: 10 15 19 30 34 39 
13: 6 11 16 
14: 0 8 26 
15: 7 12 20 
16: 4 6 13 17 34 37 
17: 0 8 11 16 19 24 
18: 0 24 37 
19: 2 11 12 17 37 
20: 1 15 21 32 
21: 20 23 38 
22: 4 26 28 
23: 21 25 35 
24: 0 2 4 6 17 18 35 
25: 3 23 27 
26: 14 22 31 37 
27: 3 25 29 
28: 4 11 22 33 
29: 27 30 35 
30: 12 29 32 
31: 8 9 26 
32: 20 30 34 
33: 4 9 28 
34: 12 16 32 35 
35: 23 24 29 34 36 
36: 7 35 38 
37: 16 18 19 26 
38: 21 36 39 
39: 1 12 38 
3