0: 13 30 34 35 38 
1: 4 8 20 35 38 
2: 5 
3: 7 27 34 
4: 1 7 8 30 
5: 2 9 32 39 
6: 17 26 30 31 34 36 
7: 3 4 8 
8: 1 4 7 11 37 
9: 5 10 24 28 29 
10: 9 12 19 39 
11: 8 12 20 26 31 36 38 
12: 10 11 14 21 23 27 
13: 0 35 36 37 
14: 12 15 17 
15: 14 16 18 22 
16: 15 17 28 
17: 6 14 16 18 25 
18: 15 17 19 
19: 10 18 21 
20: 1 11 27 34 
21: 12 19 22 
22: 15 21 23 
23: 12 22 24 
24: 9 23 25 
25: 17 24 28 
26: 6 11 30 33 
27: 3 12 20 31 34 36 
28: 9 16 25 29 
29: 9 28 32 
30: 0 4 6 26 
31: 6 11 27 38 
32: 5 29 39 
33: 26 34 35 
34: 0 3 6 20 27 33 37 
35: 0 1 13 33 
36: 6 11 13 27 37 
37: 8 13 34 36 
38: 0 1 11 31 
39: 5 10 32 
3