0: 1 
1: 0 2 15 
2: 1 3 19 20 
3: 2 8 15 
4: 8 10 18 22 28 31 33 
5: 10 25 27 29 
6: 7 33 38 
7: 6 12 23 27 29 31 38 
8: 3 4 11 16 
9: 13 21 26 27 37 
10: 4 5 22 25 26 
11: 8 14 30 
12: 7 17 25 31 
13: 9 23 25 31 33 38 
14: 11 15 17 19 36 
15: 1 3 14 16 
16: 8 15 17 24 35 
17: 12 14 16 19 
18: 4 23 25 38 
19: 2 14 17 20 
20: 2 19 21 
21: 9 20 24 34 
22: 4 10 29 33 37 
23: 7 13 18 26 29 31 
24: 16 21 30 39 
25: 5 10 12 13 18 29 
26: 9 10 23 37 
27: 5 7 9 29 37 
28: 4 33 37 38 
29: 5 7 22 23 25 27 31 
30: 11 24 32 
31: 4 7 12 13 23 29 37 
32: 30 34 39 
33: 4 6 13 22 28 
34: 21 32 35 
35: 16 34 36 
36: 14 35 39 
37: 9 22 26 27 28 31 38 
38: 6 7 13 18 28 37 
39: 24 32 36 
3