0: 2 12 26 27 33 34 
1: 5 
2: 0 4 8 11 19 26 
3: 7 8 9 29 
4: 2 7 9 13 14 38 
5: 1 6 21 31 
6: 5 10 15 20 
7: 3 4 17 23 27 34 
8: 2 3 9 27 29 33 
9: 3 4 8 34 37 38 
10: 6 12 16 32 
11: 2 17 23 24 37 
12: 0 10 15 22 
13: 4 23 29 
14: 4 27 33 37 
15: 6 12 16 
16: 10 15 18 30 
17: 7 11 37 38 
18: 16 20 35 
19: 2 26 34 37 
20: 6 18 21 
21: 5 20 22 
22: 12 21 24 39 
23: 7 11 13 29 32 
24: 11 22 25 35 
25: 24 28 32 
26: 0 2 19 37 38 
27: 0 7 8 14 29 
28: 25 30 39 
29: 3 8 13 23 27 
30: 16 28 31 36 
31: 5 30 32 
32: 10 23 25 31 35 
33: 0 8 14 
34: 0 7 9 19 
35: 18 24 32 36 
36: 30 35 39 
37: 9 11 14 17 19 26 
38: 4 9 17 26 
39: 22 28 36 
3