0: 9 20 25 26 38 
1: 4 5 
2: 3 13 18 38 
3: 2 18 38 
4: 1 5 19 27 
5: 1 4 10 
6: 9 20 28 38 
7: 8 28 31 32 33 
8: 7 30 33 
9: 0 6 13 20 25 33 
10: 5 11 22 24 36 
11: 10 12 23 
12: 11 14 22 
13: 2 9 18 25 28 30 
14: 12 16 23 35 39 
15: 18 26 38 
16: 14 17 22 
17: 16 19 22 26 39 
18: 2 3 13 15 26 37 
19: 4 17 21 
20: 0 6 9 26 32 37 
21: 19 22 31 
22: 10 12 16 17 21 23 
23: 11 14 22 24 
24: 10 23 27 34 
25: 0 9 13 34 38 
26: 0 15 17 18 20 38 
27: 4 24 31 
28: 6 7 13 32 
29: 30 32 33 
30: 8 13 29 37 
31: 7 21 27 34 
32: 7 20 28 29 33 
33: 7 8 9 29 32 
34: 24 25 31 35 
35: 14 34 36 
36: 10 35 39 
37: 18 20 30 
38: 0 2 3 6 15 25 26 
39: 14 17 36 
3