0: 1 
1: 0 2 27 32 37 
2: 1 3 9 25 
3: 2 4 25 
4: 3 6 12 
5: 16 22 26 35 
6: 4 7 21 29 
7: 6 9 24 
8: 10 16 18 26 
9: 2 7 10 12 
10: 8 9 11 13 18 38 
11: 10 26 39 
12: 4 9 14 
13: 10 15 19 34 
14: 12 17 23 
15: 13 31 39 
16: 5 8 31 
17: 14 21 24 33 
18: 8 10 26 28 
19: 13 20 28 34 
20: 19 22 34 
21: 6 17 23 
22: 5 20 26 30 38 
23: 14 21 24 36 
24: 7 17 23 25 37 
25: 2 3 24 29 
26: 5 8 11 18 22 35 
27: 1 35 
28: 18 19 30 31 
29: 6 25 32 
30: 22 28 31 34 39 
31: 15 16 28 30 35 37 38 
32: 1 29 33 
33: 17 32 36 
34: 13 19 20 30 
35: 5 26 27 31 38 
36: 23 33 37 
37: 1 24 31 36 
38: 10 22 31 35 39 
39: 11 15 30 38 
3