0: 8 9 18 22 25 29 
1: 10 11 21 29 30 32 
2: 3 32 38 
3: 2 4 12 23 
4: 3 6 17 19 
5: 18 22 37 
6: 4 7 28 
7: 6 11 20 
8: 0 13 18 32 
9: 0 16 24 35 37 39 
10: 1 13 24 32 
11: 1 7 12 27 31 34 
12: 3 11 15 26 
13: 8 10 16 21 25 35 
14: 21 22 30 37 
15: 12 17 36 
16: 9 13 22 35 
17: 4 15 19 
18: 0 5 8 25 
19: 4 17 20 
20: 7 19 23 
21: 1 13 14 32 
22: 0 5 14 16 29 
23: 3 20 26 
24: 9 10 39 
25: 0 13 18 
26: 12 23 27 
27: 11 26 28 
28: 6 27 31 
29: 0 1 22 39 
30: 1 14 32 
31: 11 28 33 37 
32: 1 2 8 10 21 30 
33: 31 34 38 
34: 11 33 36 
35: 9 13 16 39 
36: 15 34 38 
37: 5 9 14 31 
38: 2 33 36 
39: 9 24 29 35 
3