0: 6 38 39 
1: 2 
2: 1 3 5 9 36 
3: 2 5 14 20 
4: 13 17 23 29 
5: 2 3 7 
6: 0 15 18 39 
7: 5 8 22 
8: 7 9 22 
9: 2 8 11 12 
10: 19 29 32 39 
11: 9 12 21 
12: 9 11 14 26 
13: 4 24 27 28 33 
14: 3 12 16 
15: 6 17 32 35 
16: 14 20 30 36 
17: 4 15 19 31 32 33 37 
18: 6 25 29 31 33 38 39 
19: 10 17 23 24 37 39 
20: 3 16 21 
21: 11 20 22 34 
22: 7 8 21 26 
23: 4 19 25 37 
24: 13 19 26 31 33 
25: 18 23 28 31 33 
26: 12 22 24 27 
27: 13 26 30 35 
28: 13 25 32 39 
29: 4 10 18 37 
30: 16 27 34 
31: 17 18 24 25 
32: 10 15 17 28 33 38 
33: 13 17 18 24 25 32 
34: 21 30 35 
35: 15 27 34 36 
36: 2 16 35 
37: 17 19 23 29 
38: 0 18 32 
39: 0 6 10 18 19 28 
3