0: 1 2 38 
1: 0 2 16 
2: 0 1 6 37 
3: 12 13 32 
4: 5 10 20 31 33 39 
5: 4 29 32 
6: 2 7 35 
7: 6 8 16 
8: 7 9 18 28 
9: 8 11 14 26 
10: 4 21 24 32 37 
11: 9 14 38 
12: 3 21 30 37 
13: 3 24 33 34 39 
14: 9 11 15 
15: 14 16 36 
16: 1 7 15 18 
17: 19 23 24 39 
18: 8 16 22 
19: 17 20 31 39 
20: 4 19 30 
21: 10 12 25 
22: 18 23 30 36 
23: 17 22 26 27 
24: 10 13 17 39 
25: 21 29 39 
26: 9 23 27 
27: 23 26 28 
28: 8 27 35 
29: 5 25 31 
30: 12 20 22 32 
31: 4 19 29 34 39 
32: 3 5 10 30 34 
33: 4 13 34 
34: 13 31 32 33 37 
35: 6 28 36 
36: 15 22 35 38 
37: 2 10 12 34 
38: 0 11 36 
39: 4 13 17 19 24 25 31 
3