0: 4 5 29 
1: 8 21 22 39 
2: 3 9 17 28 29 
3: 2 16 17 
4: 0 21 25 36 
5: 0 28 30 
6: 10 29 30 
7: 21 26 36 
8: 1 11 20 32 
9: 2 28 30 
10: 6 12 21 30 
11: 8 12 19 24 27 
12: 10 11 13 33 
13: 12 14 18 
14: 13 18 37 
15: 21 23 36 
16: 3 23 25 30 
17: 2 3 23 26 
18: 13 14 19 
19: 11 18 20 
20: 8 19 22 
21: 1 4 7 10 15 24 
22: 1 20 24 35 
23: 15 16 17 
24: 11 21 22 27 39 
25: 4 16 26 
26: 7 17 25 30 
27: 11 24 29 31 
28: 2 5 9 
29: 0 2 6 27 
30: 5 6 9 10 16 26 
31: 27 32 34 38 
32: 8 31 33 
33: 12 32 34 
34: 31 33 35 
35: 22 34 37 
36: 4 7 15 
37: 14 35 38 
38: 31 37 39 
39: 1 24 38 
4