0: 19 21 22 23 29 
1: 12 13 16 18 19 20 
2: 3 
3: 2 4 10 17 
4: 3 5 7 33 
5: 4 6 26 
6: 5 10 24 32 33 
7: 4 9 13 14 19 22 29 
8: 12 13 16 19 
9: 7 19 20 27 29 31 
10: 3 6 11 16 38 
11: 10 17 28 37 
12: 1 8 15 18 34 
13: 1 7 8 16 27 
14: 7 16 18 27 
15: 12 18 19 34 
16: 1 8 10 13 14 20 21 
17: 3 11 23 
18: 1 12 14 15 
19: 0 1 7 8 9 15 31 
20: 1 9 16 22 29 
21: 0 16 31 
22: 0 7 20 31 
23: 0 17 24 36 
24: 6 23 25 
25: 24 26 36 
26: 5 25 28 
27: 9 13 14 34 
28: 11 26 30 
29: 0 7 9 20 31 32 
30: 28 33 39 
31: 9 19 21 22 29 
32: 6 29 
33: 4 6 30 35 
34: 12 15 27 
35: 33 36 39 
36: 23 25 35 37 
37: 11 36 38 
38: 10 37 39 
39: 30 35 38 
4