0: 1 4 9 13 
1: 0 2 22 
2: 1 4 25 39 
3: 5 14 17 23 29 
4: 0 2 7 
5: 3 21 30 
6: 16 24 29 37 38 
7: 4 8 18 26 
8: 7 9 12 31 
9: 0 8 12 
10: 11 17 29 32 
11: 10 14 17 32 36 
12: 8 9 18 
13: 0 16 17 24 30 
14: 3 11 17 19 36 
15: 16 22 
16: 6 13 15 19 23 38 
17: 3 10 11 13 14 19 21 
18: 7 12 20 
19: 14 16 17 32 36 
20: 18 22 27 34 
21: 5 17 37 38 
22: 1 15 20 25 36 
23: 3 16 24 29 32 38 
24: 6 13 23 29 30 
25: 2 22 26 
26: 7 25 27 
27: 20 26 28 
28: 27 31 39 
29: 3 6 10 23 24 
30: 5 13 24 37 
31: 8 28 33 
32: 10 11 19 23 37 38 
33: 31 34 35 
34: 20 33 35 
35: 33 34 39 
36: 11 14 19 22 37 
37: 6 21 30 32 36 
38: 6 16 21 23 32 39 
39: 2 28 35 38 
4