0: 4 17 31 35 
1: 4 10 27 35 
2: 6 26 
3: 12 35 37 
4: 0 1 12 
5: 25 30 37 
6: 2 7 22 38 
7: 6 8 13 15 33 
8: 7 9 17 18 
9: 8 13 29 
10: 1 11 37 
11: 10 23 35 
12: 3 4 14 17 27 35 
13: 7 9 15 16 34 
14: 12 20 24 25 27 
15: 7 13 16 
16: 13 15 17 19 
17: 0 8 12 16 18 21 
18: 8 17 19 32 35 
19: 16 18 21 
20: 14 24 30 
21: 17 19 22 
22: 6 21 26 
23: 11 28 39 
24: 14 20 28 39 
25: 5 14 31 
26: 2 22 29 36 
27: 1 12 14 
28: 23 24 31 
29: 9 26 32 35 
30: 5 20 31 39 
31: 0 25 28 30 
32: 18 29 33 38 
33: 7 32 34 
34: 13 33 36 
35: 0 1 3 11 12 18 29 
36: 26 34 38 
37: 3 5 10 
38: 6 32 36 
39: 23 24 30 
4