0: 8 17 26 
1: 4 33 35 
2: 29 30 38 
3: 5 
4: 1 10 33 39 
5: 3 6 24 30 
6: 5 7 19 
7: 6 9 13 31 37 
8: 0 18 35 
9: 7 11 36 
10: 4 22 29 
11: 9 12 19 20 
12: 11 14 23 
13: 7 27 31 33 
14: 12 15 23 
15: 14 16 37 
16: 15 19 25 28 
17: 0 34 38 39 
18: 8 22 31 35 36 
19: 6 11 16 20 21 
20: 11 19 21 32 
21: 19 20 23 
22: 10 18 26 
23: 12 14 21 24 
24: 5 23 25 
25: 16 24 28 
26: 0 22 31 
27: 13 39 
28: 16 25 32 
29: 2 10 30 
30: 2 5 29 34 35 
31: 7 13 18 26 
32: 20 28 36 
33: 1 4 13 38 
34: 17 30 38 
35: 1 8 18 30 
36: 9 18 32 37 
37: 7 15 36 
38: 2 17 33 34 
39: 4 17 27 
4