0: 7 20 27 37 
1: 3 7 11 18 24 26 
2: 4 
3: 1 13 15 17 22 24 
4: 2 5 35 
5: 4 6 19 
6: 5 8 19 36 
7: 0 1 22 26 
8: 6 10 19 
9: 11 13 18 26 
10: 8 12 16 
11: 1 9 14 25 26 31 32 
12: 10 14 21 28 
13: 3 9 15 24 27 30 32 
14: 11 12 16 29 34 
15: 3 13 31 32 37 
16: 10 14 19 25 
17: 3 20 30 32 
18: 1 9 20 24 
19: 5 6 8 16 21 30 
20: 0 17 18 25 27 
21: 12 19 23 39 
22: 3 7 25 31 37 
23: 21 28 33 39 
24: 1 3 13 18 25 26 30 
25: 11 16 20 22 24 
26: 1 7 9 11 24 27 
27: 0 13 20 26 
28: 12 23 29 
29: 14 28 32 33 
30: 13 17 19 24 31 
31: 11 15 22 30 
32: 11 13 15 17 29 
33: 23 29 34 
34: 14 33 35 38 
35: 4 34 36 
36: 6 35 38 
37: 0 15 22 
38: 34 36 39 
39: 21 23 38 
4