0: 1 
1: 0 3 6 28 
2: 11 15 25 30 35 
3: 1 4 31 
4: 3 5 9 18 
5: 4 6 29 32 
6: 1 5 7 10 
7: 6 9 22 39 
8: 14 19 32 36 
9: 4 7 16 
10: 6 13 14 24 27 35 38 
11: 2 23 25 30 
12: 14 20 27 33 
13: 10 33 36 
14: 8 10 12 15 17 36 38 
15: 2 14 17 34 36 
16: 9 18 39 
17: 14 15 23 33 38 
18: 4 16 20 27 
19: 8 24 25 27 30 
20: 12 18 21 26 37 
21: 20 22 37 
22: 7 21 26 
23: 11 17 34 
24: 10 19 25 
25: 2 11 19 24 38 
26: 20 22 28 
27: 10 12 18 19 
28: 1 26 29 
29: 5 28 31 
30: 2 11 19 34 38 
31: 3 29 32 
32: 5 8 31 37 
33: 12 13 17 35 
34: 15 23 30 
35: 2 10 33 38 
36: 8 13 14 15 
37: 20 21 32 39 
38: 10 14 17 25 30 35 
39: 7 16 37 
4