0: 3 10 11 15 17 39 
1: 3 11 33 39 
2: 5 9 17 39 
3: 0 1 4 5 9 15 28 
4: 3 6 7 9 
5: 2 3 13 15 21 28 
6: 4 7 10 17 
7: 4 6 36 
8: 12 
9: 2 3 4 11 13 
10: 0 6 16 23 33 
11: 0 1 9 32 
12: 8 14 17 24 32 
13: 5 9 23 
14: 12 18 25 38 
15: 0 3 5 39 
16: 10 23 36 39 
17: 0 2 6 12 23 28 
18: 14 19 22 
19: 18 20 30 38 
20: 19 21 22 
21: 5 20 22 25 
22: 18 20 21 24 
23: 10 13 16 17 
24: 12 22 25 
25: 14 21 24 26 
26: 25 27 29 34 
27: 26 29 37 
28: 3 5 17 36 39 
29: 26 27 30 
30: 19 29 31 
31: 30 32 35 
32: 11 12 31 33 34 
33: 1 10 32 36 
34: 26 32 35 
35: 31 34 37 
36: 7 16 28 33 
37: 27 35 38 
38: 14 19 37 
39: 0 1 2 15 16 28 
4