0: 8 18 22 
1: 19 21 30 38 
2: 5 23 
3: 4 5 6 7 16 
4: 3 7 19 20 26 
5: 2 3 9 39 
6: 3 7 17 20 35 
7: 3 4 6 19 20 22 30 
8: 0 20 23 26 
9: 5 10 12 19 25 
10: 9 11 33 
11: 10 12 15 28 
12: 9 11 13 27 
13: 12 14 15 
14: 13 15 32 33 
15: 11 13 14 25 
16: 3 19 22 23 
17: 6 18 21 22 23 
18: 0 17 35 
19: 1 4 7 9 16 21 36 
20: 4 6 7 8 24 
21: 1 17 19 30 
22: 0 7 16 17 24 38 
23: 2 8 16 17 24 30 
24: 20 22 23 
25: 9 15 27 
26: 4 8 35 
27: 12 25 28 
28: 11 27 29 
29: 28 31 34 
30: 1 7 21 23 
31: 29 32 37 
32: 14 31 33 
33: 10 14 32 34 
34: 29 33 36 
35: 6 18 26 38 
36: 19 34 37 39 
37: 31 36 39 
38: 1 22 35 
39: 5 36 37 
4