0: 20 31 33 38 
1: 11 19 21 25 28 33 
2: 3 5 
3: 2 5 26 
4: 18 23 29 31 
5: 2 3 6 
6: 5 7 10 
7: 6 9 10 35 36 
8: 14 20 21 35 
9: 7 10 28 
10: 6 7 9 12 16 20 
11: 1 14 19 27 38 
12: 10 13 32 39 
13: 12 15 25 26 
14: 8 11 17 20 22 33 
15: 13 16 39 
16: 10 15 24 
17: 14 18 27 38 
18: 4 17 29 31 
19: 1 11 21 35 
20: 0 8 10 14 21 30 
21: 1 8 19 20 
22: 14 30 33 
23: 4 29 30 
24: 16 25 37 
25: 1 13 24 26 
26: 3 13 25 28 
27: 11 17 29 31 
28: 1 9 26 32 34 
29: 4 18 23 27 35 
30: 20 22 23 31 35 
31: 0 4 18 27 30 35 
32: 12 28 34 
33: 0 1 14 22 
34: 28 32 36 
35: 7 8 19 29 30 31 
36: 7 34 37 
37: 24 36 39 
38: 0 11 17 
39: 12 15 37 
4