0: 2 
1: 5 17 27 31 37 39 
2: 0 4 12 15 20 36 
3: 7 14 26 32 
4: 2 10 35 
5: 1 8 9 14 31 
6: 15 17 23 32 33 
7: 3 11 23 29 30 32 33 
8: 5 25 27 30 31 33 
9: 5 17 23 26 30 33 
10: 4 12 16 22 
11: 7 14 17 27 28 
12: 2 10 13 
13: 12 15 16 
14: 3 5 11 30 33 39 
15: 2 6 13 16 21 28 34 
16: 10 13 15 18 29 
17: 1 6 9 11 29 37 39 
18: 16 19 25 
19: 18 20 24 38 
20: 2 19 21 38 
21: 15 20 22 
22: 10 21 24 
23: 6 7 9 26 27 33 
24: 19 22 25 
25: 8 18 24 28 
26: 3 9 23 31 37 
27: 1 8 11 23 31 
28: 11 15 25 34 
29: 7 16 17 30 
30: 7 8 9 14 29 
31: 1 5 8 26 27 
32: 3 6 7 
33: 6 7 8 9 14 23 39 
34: 15 28 35 
35: 4 34 36 
36: 2 35 38 
37: 1 17 26 
38: 19 20 36 
39: 1 14 17 33 
4