0: 9 15 16 28 36 
1: 3 
2: 4 13 16 33 38 
3: 1 5 11 
4: 2 7 12 35 
5: 3 6 21 
6: 5 8 22 31 
7: 4 26 39 
8: 6 10 17 27 30 34 
9: 0 15 25 26 36 
10: 8 11 31 
11: 3 10 14 33 
12: 4 16 29 38 
13: 2 15 34 36 39 
14: 11 17 18 23 37 
15: 0 9 13 32 36 38 
16: 0 2 12 20 25 28 38 
17: 8 14 18 
18: 14 17 19 
19: 18 21 31 35 
20: 16 26 29 32 34 
21: 5 19 22 
22: 6 21 23 
23: 14 22 24 35 
24: 23 27 31 
25: 9 16 37 
26: 7 9 20 28 
27: 8 24 30 
28: 0 16 26 34 39 
29: 12 20 32 39 
30: 8 27 31 
31: 6 10 19 24 30 33 
32: 15 20 29 36 38 
33: 2 11 31 35 
34: 8 13 20 28 37 
35: 4 19 23 33 
36: 0 9 13 15 32 
37: 14 25 34 39 
38: 2 12 15 16 32 
39: 7 13 28 29 37 
4