0: 13 16 30 37 
1: 9 10 13 15 17 30 33 
2: 3 9 
3: 2 5 19 25 
4: 16 17 33 39 
5: 3 6 7 24 35 
6: 5 7 28 
7: 5 6 8 
8: 7 10 12 19 
9: 1 2 10 17 31 32 
10: 1 8 9 27 29 33 39 
11: 15 27 31 
12: 8 14 18 
13: 0 1 15 17 18 27 32 
14: 12 18 20 
15: 1 11 13 16 30 31 37 
16: 0 4 15 32 
17: 1 4 9 13 27 32 39 
18: 12 13 14 19 
19: 3 8 18 20 38 
20: 14 19 21 23 
21: 20 23 34 38 
22: 26 30 33 
23: 20 21 24 
24: 5 23 25 
25: 3 24 28 
26: 22 30 37 
27: 10 11 13 17 39 
28: 6 25 34 36 
29: 10 30 32 38 39 
30: 0 1 15 22 26 29 
31: 9 11 15 37 
32: 9 13 16 17 29 
33: 1 4 10 22 
34: 21 28 35 
35: 5 34 36 
36: 28 35 38 
37: 0 15 26 31 39 
38: 19 21 29 36 
39: 4 10 17 27 29 37 
4