0: 2 3 9 
1: 5 16 
2: 0 6 8 34 
3: 0 4 13 
4: 3 7 14 32 
5: 1 10 33 
6: 2 13 30 
7: 4 11 22 
8: 2 22 30 
9: 0 11 22 23 
10: 5 12 24 
11: 7 9 18 38 
12: 10 15 26 
13: 3 6 14 18 28 38 
14: 4 13 34 
15: 12 16 32 35 
16: 1 15 17 25 29 
17: 16 19 35 
18: 11 13 28 
19: 17 20 27 
20: 19 21 31 
21: 20 24 26 37 
22: 7 8 9 
23: 9 28 39 
24: 10 21 25 
25: 16 24 26 
26: 12 21 25 27 
27: 19 26 28 29 34 
28: 13 18 23 27 
29: 16 27 31 
30: 6 8 38 
31: 20 29 32 
32: 4 15 31 33 37 
33: 5 32 35 
34: 2 14 27 37 39 
35: 15 17 33 37 
36: 39 
37: 21 32 34 35 
38: 11 13 30 
39: 23 34 36 
4