0: 4 21 28 
1: 7 17 27 
2: 14 23 27 39 
3: 9 13 17 
4: 0 5 34 
5: 4 6 25 33 
6: 5 8 10 36 
7: 1 29 30 31 38 
8: 6 10 37 
9: 3 27 35 38 
10: 6 8 11 
11: 10 12 18 
12: 11 15 20 34 
13: 3 14 19 24 26 
14: 2 13 19 22 39 
15: 12 16 24 
16: 15 18 25 
17: 1 3 18 29 39 
18: 11 16 17 20 
19: 13 14 23 
20: 12 18 21 
21: 0 20 24 
22: 14 23 31 
23: 2 19 22 30 38 39 
24: 13 15 21 25 31 
25: 5 16 24 28 
26: 13 
27: 1 2 9 
28: 0 25 33 
29: 7 17 30 34 
30: 7 23 29 31 
31: 7 22 24 30 32 
32: 31 35 38 39 
33: 5 28 34 
34: 4 12 29 33 36 37 
35: 9 32 38 
36: 6 34 37 
37: 8 34 36 
38: 7 9 23 32 35 
39: 2 14 17 23 32 
4