0: 4 7 24 
1: 3 18 20 26 35 
2: 4 14 23 
3: 1 6 36 
4: 0 2 15 23 
5: 7 18 23 
6: 3 8 30 38 
7: 0 5 22 33 37 
8: 6 12 19 29 
9: 29 33 34 
10: 33 34 36 
11: 14 15 18 33 
12: 8 16 21 
13: 15 18 22 28 
14: 2 11 28 37 
15: 4 11 13 
16: 12 17 27 32 
17: 16 19 28 31 
18: 1 5 11 13 22 
19: 8 17 20 25 
20: 1 19 21 
21: 12 20 25 
22: 7 13 18 
23: 2 4 5 37 
24: 0 29 34 
25: 19 21 26 
26: 1 25 27 
27: 16 26 30 
28: 13 14 17 29 37 
29: 8 9 24 28 33 
30: 6 27 31 
31: 17 30 32 39 
32: 16 31 35 
33: 7 9 10 11 29 37 
34: 9 10 24 
35: 1 32 36 39 
36: 3 10 35 38 
37: 7 14 23 28 33 
38: 6 36 39 
39: 31 35 38 
4