0: 7 14 28 36 
1: 3 8 25 31 33 
2: 10 20 21 23 26 31 
3: 1 4 12 13 17 
4: 3 8 18 
5: 14 16 24 
6: 11 24 27 
7: 0 9 39 
8: 1 4 12 35 37 
9: 7 10 14 28 31 
10: 2 9 24 26 
11: 6 32 39 
12: 3 8 13 
13: 3 12 15 
14: 0 5 9 
15: 13 17 19 38 
16: 5 32 36 
17: 3 15 18 
18: 4 17 19 
19: 15 18 21 22 30 
20: 2 28 31 
21: 2 19 22 38 
22: 19 21 25 
23: 2 28 36 
24: 5 6 10 26 39 
25: 1 22 29 36 39 
26: 2 10 24 
27: 6 32 
28: 0 9 20 23 
29: 25 30 34 
30: 19 29 33 
31: 1 2 9 20 
32: 11 16 27 
33: 1 30 34 
34: 29 33 35 
35: 8 34 37 
36: 0 16 23 25 
37: 8 35 38 
38: 15 21 37 
39: 7 11 24 25 
4