0: 19 22 33 36 
1: 2 7 8 11 17 
2: 1 8 16 36 
3: 4 
4: 3 5 14 26 34 
5: 4 6 31 37 
6: 5 9 10 
7: 1 15 16 17 28 33 
8: 1 2 15 23 27 35 
9: 6 10 23 30 34 
10: 6 9 11 
11: 1 10 14 39 
12: 16 27 28 
13: 15 19 27 30 35 
14: 4 11 20 
15: 7 8 13 16 
16: 2 7 12 15 18 32 
17: 1 7 19 33 
18: 16 33 
19: 0 13 17 32 
20: 14 21 25 38 
21: 20 24 34 
22: 0 27 28 33 
23: 8 9 32 33 36 
24: 21 25 34 
25: 20 24 26 29 
26: 4 25 29 
27: 8 12 13 22 28 
28: 7 12 22 27 
29: 25 26 30 39 
30: 9 13 29 31 36 
31: 5 30 34 
32: 16 19 23 
33: 0 7 17 18 22 23 35 
34: 4 9 21 24 31 37 
35: 8 13 33 36 
36: 0 2 23 30 35 
37: 5 34 38 
38: 20 37 39 
39: 11 29 38 
4