0: 3 4 26 32 
1: 6 34 38 
2: 9 13 20 23 34 
3: 0 4 7 24 33 
4: 0 3 5 
5: 4 7 27 
6: 1 8 22 30 33 
7: 3 5 11 25 
8: 6 10 16 23 
9: 2 20 30 34 38 
10: 8 16 39 
11: 7 12 15 19 37 
12: 11 15 29 31 37 
13: 2 17 22 23 31 34 
14: 18 29 30 34 38 
15: 11 12 19 
16: 8 10 21 34 
17: 13 21 23 
18: 14 20 22 28 
19: 11 15 24 
20: 2 9 18 21 38 39 
21: 16 17 20 
22: 6 13 18 23 39 
23: 2 8 13 17 22 
24: 3 19 25 
25: 7 24 26 35 
26: 0 25 27 39 
27: 5 26 29 36 
28: 18 
29: 12 14 27 31 
30: 6 9 14 
31: 12 13 29 32 
32: 0 31 33 
33: 3 6 32 35 
34: 1 2 9 13 14 16 
35: 25 33 36 
36: 27 35 37 
37: 11 12 36 
38: 1 9 14 20 
39: 10 20 22 26 
4