0: 5 
1: 2 3 10 28 
2: 1 12 15 16 
3: 1 6 16 27 31 
4: 14 16 28 34 
5: 0 7 19 23 25 26 36 
6: 3 9 10 16 33 
7: 5 11 24 39 
8: 9 17 29 
9: 6 8 10 16 22 35 
10: 1 6 9 22 32 
11: 7 13 35 
12: 2 14 29 34 
13: 11 18 20 
14: 4 12 15 16 22 
15: 2 14 17 31 
16: 2 3 4 6 9 14 
17: 8 15 29 32 38 
18: 13 19 33 
19: 5 18 20 
20: 13 19 21 
21: 20 23 30 38 
22: 9 10 14 31 
23: 5 21 24 
24: 7 23 25 
25: 5 24 26 
26: 5 25 27 
27: 3 26 30 37 39 
28: 1 4 31 34 38 
29: 8 12 17 34 38 
30: 21 27 33 
31: 3 15 22 28 
32: 10 17 
33: 6 18 30 35 
34: 4 12 28 29 
35: 9 11 33 36 
36: 5 35 37 
37: 27 36 39 
38: 17 21 28 29 
39: 7 27 37 
4