0: 1 13 
1: 0 2 3 10 18 27 
2: 1 3 32 
3: 1 2 7 38 
4: 12 14 30 39 
5: 6 21 25 31 
6: 5 25 37 
7: 3 9 22 
8: 20 29 34 
9: 7 10 32 39 
10: 1 9 13 
11: 21 33 36 37 
12: 4 34 39 
13: 0 10 15 25 30 
14: 4 24 39 
15: 13 16 38 
16: 15 17 18 
17: 16 18 19 
18: 1 16 17 19 39 
19: 17 18 22 
20: 8 26 37 38 
21: 5 11 24 34 
22: 7 19 23 
23: 22 27 28 
24: 14 21 29 35 
25: 5 6 13 33 34 
26: 20 31 33 
27: 1 23 28 
28: 23 27 30 
29: 8 24 39 
30: 4 13 28 32 
31: 5 26 35 
32: 2 9 30 38 
33: 11 25 26 37 
34: 8 12 21 25 
35: 24 31 36 
36: 11 35 37 
37: 6 11 20 33 36 
38: 3 15 20 32 
39: 4 9 12 14 18 29 
5