0: 2 4 9 35 37 
1: 3 6 11 23 
2: 0 4 19 
3: 1 9 22 23 29 39 
4: 0 2 7 8 38 
5: 9 25 34 36 
6: 1 7 12 29 
7: 4 6 15 22 
8: 4 10 24 
9: 0 3 5 26 34 
10: 8 13 18 
11: 1 15 22 36 
12: 6 22 29 
13: 10 14 16 22 
14: 13 16 33 
15: 7 11 26 30 
16: 13 14 17 
17: 16 18 31 
18: 10 17 19 22 23 27 
19: 2 18 21 
20: 26 36 
21: 19 24 33 
22: 3 7 11 12 13 18 
23: 1 3 18 25 32 
24: 8 21 27 
25: 5 23 30 34 
26: 9 15 20 
27: 18 24 28 
28: 27 31 33 
29: 3 6 12 30 39 
30: 15 25 29 32 
31: 17 28 33 
32: 23 30 34 39 
33: 14 21 28 31 35 
34: 5 9 25 32 
35: 0 33 37 38 
36: 5 11 20 39 
37: 0 35 38 
38: 4 35 37 
39: 3 29 32 36 
5