0: 2 11 
1: 8 10 15 16 33 
2: 0 3 13 29 
3: 2 4 29 
4: 3 5 12 24 27 
5: 4 11 32 
6: 10 21 33 
7: 9 19 28 
8: 1 21 33 
9: 7 16 39 
10: 1 6 35 
11: 0 5 13 35 
12: 4 16 17 20 35 
13: 2 11 14 31 
14: 13 17 25 34 
15: 1 18 39 
16: 1 9 12 
17: 12 14 23 25 
18: 15 21 28 35 38 
19: 7 22 35 
20: 12 21 22 
21: 6 8 18 20 35 38 
22: 19 20 38 
23: 17 24 29 
24: 4 23 25 
25: 14 17 24 26 36 37 
26: 25 27 30 
27: 4 26 29 36 
28: 7 18 39 
29: 2 3 23 27 30 
30: 26 29 31 
31: 13 30 32 
32: 5 31 34 
33: 1 6 8 34 
34: 14 32 33 36 
35: 10 11 12 18 19 21 37 
36: 25 27 34 
37: 25 35 
38: 18 21 22 
39: 9 15 28 
5