0: 1 12 21 
1: 0 3 18 26 
2: 22 25 29 33 37 39 
3: 1 5 37 
4: 6 11 31 
5: 3 9 37 
6: 4 15 20 
7: 13 14 29 31 
8: 19 20 31 
9: 5 10 17 33 
10: 9 12 32 33 
11: 4 15 16 29 35 
12: 0 10 17 30 38 
13: 7 29 35 39 
14: 7 19 28 31 
15: 6 11 20 28 29 
16: 11 22 24 35 
17: 9 12 18 
18: 1 17 21 
19: 8 14 20 25 31 39 
20: 6 8 15 19 22 28 
21: 0 18 23 34 
22: 2 16 20 24 28 
23: 21 26 27 35 36 38 39 
24: 16 22 39 
25: 2 19 29 
26: 1 23 27 
27: 23 26 30 
28: 14 15 20 22 29 31 
29: 2 7 11 13 15 25 28 
30: 12 27 32 39 
31: 4 7 8 14 19 28 
32: 10 30 33 
33: 2 9 10 32 34 
34: 21 33 36 
35: 11 13 16 23 
36: 23 34 37 
37: 2 3 5 36 38 
38: 12 23 37 
39: 2 13 19 23 24 30 
5