0: 8 13 15 23 29 38 
1: 8 11 15 29 
2: 3 
3: 2 4 7 
4: 3 5 19 
5: 4 7 10 22 27 39 
6: 8 15 16 18 20 23 35 
7: 3 5 10 11 
8: 0 1 6 11 15 25 38 
9: 11 28 29 35 
10: 5 7 12 14 18 
11: 1 7 8 9 18 28 32 
12: 10 14 24 
13: 0 21 31 38 
14: 10 12 17 31 
15: 0 1 6 8 16 31 32 
16: 6 15 19 25 35 
17: 14 19 30 
18: 6 10 11 23 29 31 
19: 4 16 17 22 34 
20: 6 21 38 
21: 13 20 31 
22: 5 19 24 
23: 0 6 18 31 38 
24: 12 22 26 
25: 8 16 31 
26: 24 27 36 
27: 5 26 30 
28: 9 11 32 
29: 0 1 9 18 35 
30: 17 27 33 
31: 13 14 15 18 21 23 25 
32: 11 15 28 35 37 38 
33: 30 34 37 
34: 19 33 36 39 
35: 6 9 16 29 32 
36: 26 34 37 
37: 32 33 36 39 
38: 0 8 13 20 23 32 
39: 5 34 37 
5