0: 7 29 30 
1: 4 10 26 
2: 6 15 34 
3: 13 29 34 
4: 1 5 30 36 38 
5: 4 8 11 
6: 2 12 22 24 
7: 0 13 17 39 
8: 5 9 19 
9: 8 10 20 27 
10: 1 9 11 14 32 
11: 5 10 14 31 38 
12: 6 23 34 
13: 3 7 15 37 
14: 10 11 16 
15: 2 13 25 26 
16: 14 19 25 
17: 7 23 24 35 
18: 22 24 35 
19: 8 16 20 21 33 
20: 9 19 21 34 
21: 19 20 25 
22: 6 18 39 
23: 12 17 35 
24: 6 17 18 
25: 15 16 21 27 28 
26: 1 15 30 39 
27: 9 25 28 34 
28: 25 27 31 
29: 0 3 
30: 0 4 26 37 
31: 11 28 32 
32: 10 31 33 
33: 19 32 36 
34: 2 3 12 20 27 
35: 17 18 23 
36: 4 33 38 
37: 13 30 39 
38: 4 11 36 
39: 7 22 26 37 
5