0: 1 27 
1: 0 2 5 7 11 
2: 1 4 5 25 
3: 20 25 33 
4: 2 6 13 32 
5: 1 2 7 24 
6: 4 27 30 
7: 1 5 8 36 
8: 7 9 28 
9: 8 10 25 31 
10: 9 11 19 
11: 1 10 15 29 
12: 23 30 37 
13: 4 17 37 
14: 16 38 39 
15: 11 18 22 
16: 14 21 23 37 
17: 13 23 30 33 39 
18: 15 19 36 
19: 10 18 22 23 
20: 3 29 39 
21: 16 23 27 37 
22: 15 19 24 
23: 12 16 17 19 21 30 
24: 5 22 25 
25: 2 3 9 24 28 
26: 30 32 33 
27: 0 6 21 29 39 
28: 8 25 31 34 
29: 11 20 27 38 
30: 6 12 17 23 26 38 
31: 9 28 34 35 
32: 4 26 33 37 
33: 3 17 26 32 
34: 28 31 35 
35: 31 34 36 
36: 7 18 35 
37: 12 13 16 21 32 38 
38: 14 29 30 37 
39: 14 17 20 27 
5