0: 1 39 
1: 0 3 7 11 
2: 4 5 22 25 26 33 
3: 1 5 12 15 35 
4: 2 21 22 
5: 2 3 7 19 
6: 10 16 24 29 35 
7: 1 5 8 24 32 
8: 7 11 19 
9: 23 26 29 
10: 6 14 29 
11: 1 8 12 
12: 3 11 13 
13: 12 15 18 
14: 10 21 27 
15: 3 13 18 30 
16: 6 32 33 35 
17: 20 21 36 
18: 13 15 19 
19: 5 8 18 28 37 39 
20: 17 24 36 
21: 4 14 17 27 
22: 2 4 29 
23: 9 27 
24: 6 7 20 35 
25: 2 27 36 37 
26: 2 9 27 
27: 14 21 23 25 26 
28: 19 30 38 
29: 6 9 10 22 
30: 15 28 31 
31: 30 32 34 
32: 7 16 31 34 
33: 2 16 36 
34: 31 32 37 
35: 3 6 16 24 
36: 17 20 25 33 
37: 19 25 34 38 
38: 28 37 39 
39: 0 19 38 
5