0: 1 
1: 0 7 32 
2: 4 10 27 
3: 17 21 37 
4: 2 5 17 21 34 
5: 4 11 13 
6: 15 30 34 
7: 1 8 26 38 
8: 7 12 23 
9: 11 18 20 22 
10: 2 18 36 39 
11: 5 9 18 
12: 8 14 19 38 
13: 5 30 34 
14: 12 16 24 29 
15: 6 30 31 36 
16: 14 19 28 
17: 3 4 27 30 36 
18: 9 10 11 22 37 39 
19: 12 16 22 
20: 9 
21: 3 4 33 37 38 
22: 9 18 19 23 25 
23: 8 22 24 31 
24: 14 23 25 
25: 22 24 26 
26: 7 25 28 
27: 2 17 39 
28: 16 26 29 35 
29: 14 28 31 33 
30: 6 13 15 17 
31: 15 23 29 32 
32: 1 31 33 
33: 21 29 32 35 
34: 4 6 13 
35: 28 33 38 
36: 10 15 17 
37: 3 18 21 39 
38: 7 12 21 35 
39: 10 18 27 37 
5