0: 2 
1: 7 11 12 23 
2: 0 5 17 26 35 
3: 4 14 23 32 39 
4: 3 7 27 33 
5: 2 6 19 
6: 5 8 17 31 33 
7: 1 4 9 24 
8: 6 10 30 
9: 7 14 16 24 25 27 
10: 8 16 20 21 25 29 
11: 1 15 23 27 32 
12: 1 27 38 
13: 18 36 37 
14: 3 9 27 39 
15: 11 24 39 
16: 9 10 17 29 
17: 2 6 16 19 34 
18: 13 23 33 
19: 5 17 20 22 
20: 10 19 21 28 
21: 10 20 22 
22: 19 21 25 
23: 1 3 11 18 36 37 38 
24: 7 9 15 32 
25: 9 10 22 26 27 35 
26: 2 25 28 
27: 4 9 11 12 14 25 36 
28: 20 26 29 
29: 10 16 28 30 
30: 8 29 31 
31: 6 30 34 
32: 3 11 24 36 
33: 4 6 18 34 38 
34: 17 31 33 35 
35: 2 25 34 
36: 13 23 27 32 38 
37: 13 23 38 
38: 12 23 33 36 37 
39: 3 14 15 
5