0: 13 21 25 
1: 3 39 
2: 16 21 22 25 
3: 1 4 14 27 28 
4: 3 5 14 39 
5: 4 8 12 
6: 13 30 38 
7: 21 24 29 
8: 5 9 32 
9: 8 10 17 18 20 30 
10: 9 12 23 
11: 14 35 38 
12: 5 10 15 
13: 0 6 19 22 
14: 3 4 11 25 29 38 
15: 12 17 27 
16: 2 22 33 36 
17: 9 15 18 37 
18: 9 17 20 
19: 13 22 33 
20: 9 18 21 23 
21: 0 2 7 20 29 
22: 2 13 16 19 33 
23: 10 20 26 31 
24: 7 34 35 36 
25: 0 2 14 
26: 23 27 32 
27: 3 15 26 28 
28: 3 27 31 
29: 7 14 21 38 
30: 6 9 35 36 37 
31: 23 28 32 
32: 8 26 31 37 
33: 16 19 22 
34: 24 
35: 11 24 30 
36: 16 24 30 
37: 17 30 32 39 
38: 6 11 14 29 
39: 1 4 37 
5