0: 5 7 14 31 
1: 2 
2: 1 4 21 
3: 8 12 19 23 25 
4: 2 6 13 38 
5: 0 11 15 16 30 35 36 
6: 4 8 9 20 25 28 
7: 0 11 23 26 
8: 3 6 16 25 36 
9: 6 13 34 
10: 36 
11: 5 7 27 
12: 3 14 26 30 36 
13: 4 9 17 
14: 0 12 15 33 
15: 5 14 19 39 
16: 5 8 28 35 
17: 13 18 22 
18: 17 20 38 39 
19: 3 15 35 
20: 6 18 21 24 
21: 2 20 22 
22: 17 21 24 
23: 3 7 36 
24: 20 22 25 32 
25: 3 6 8 24 28 39 
26: 7 12 33 
27: 11 31 33 
28: 6 16 25 29 
29: 28 32 37 
30: 5 12 31 
31: 0 27 30 
32: 24 29 34 
33: 14 26 27 
34: 9 32 37 
35: 5 16 19 
36: 5 8 10 12 23 
37: 29 34 38 
38: 4 18 37 39 
39: 15 18 25 38 
5