0: 3 39 
1: 8 29 31 38 
2: 4 8 10 27 
3: 0 5 13 22 33 39 
4: 2 10 11 20 26 31 36 
5: 3 6 18 
6: 5 7 12 
7: 6 12 23 32 
8: 1 2 11 20 33 
9: 26 28 31 37 
10: 2 4 25 26 28 36 
11: 4 8 19 31 38 
12: 6 7 13 35 
13: 3 12 14 30 
14: 13 15 24 32 
15: 14 16 32 
16: 15 18 34 
17: 26 27 29 31 
18: 5 16 21 27 
19: 11 26 27 28 37 
20: 4 8 24 26 36 
21: 18 22 32 
22: 3 21 23 
23: 7 22 30 
24: 14 20 25 27 28 29 
25: 10 24 26 31 37 
26: 4 9 10 17 19 20 25 
27: 2 17 18 19 24 37 
28: 9 10 19 24 31 36 
29: 1 17 24 37 39 
30: 13 23 32 
31: 1 4 9 11 17 25 28 
32: 7 14 15 21 30 33 38 
33: 3 8 32 34 
34: 16 33 35 
35: 12 34 39 
36: 4 10 20 28 
37: 9 19 25 27 29 38 
38: 1 11 32 37 
39: 0 3 29 35 
5