0: 2 27 29 30 36 
1: 4 6 23 24 28 30 
2: 0 6 29 35 38 
3: 24 27 33 
4: 1 5 13 15 28 33 
5: 4 6 14 31 
6: 1 2 5 20 27 28 33 
7: 8 
8: 7 9 34 
9: 8 10 12 
10: 9 11 26 
11: 10 12 13 18 21 
12: 9 11 15 
13: 4 11 14 
14: 5 13 24 27 
15: 4 12 16 23 30 
16: 15 17 21 
17: 16 18 34 37 
18: 11 17 19 25 32 39 
19: 18 21 26 
20: 6 22 35 
21: 11 16 19 23 
22: 20 24 28 36 
23: 1 15 21 25 
24: 1 3 14 22 29 
25: 18 23 26 
26: 10 19 25 31 
27: 0 3 6 14 
28: 1 4 6 22 33 
29: 0 2 24 35 36 
30: 0 1 15 36 38 
31: 5 26 32 39 
32: 18 31 34 
33: 3 4 6 28 35 
34: 8 17 32 37 
35: 2 20 29 33 38 
36: 0 22 29 30 
37: 17 34 39 
38: 2 30 35 
39: 18 31 37 
5