0: 2 
1: 3 6 8 15 23 25 29 
2: 0 5 10 27 38 
3: 1 11 15 25 
4: 5 6 14 17 24 26 32 
5: 2 4 8 20 22 39 
6: 1 4 7 14 21 33 
7: 6 18 31 34 
8: 1 5 9 35 37 
9: 8 10 12 36 
10: 2 9 12 34 
11: 3 14 22 
12: 9 10 13 19 
13: 12 16 39 
14: 4 6 11 15 23 
15: 1 3 14 18 24 29 
16: 13 19 21 
17: 4 18 24 31 32 33 
18: 7 15 17 24 26 29 34 
19: 12 16 20 28 30 
20: 5 19 21 
21: 6 16 20 27 
22: 5 11 31 33 34 
23: 1 14 29 31 
24: 4 15 17 18 26 32 
25: 1 3 31 32 33 
26: 4 18 24 
27: 2 21 28 
28: 19 27 30 
29: 1 15 18 23 31 32 33 
30: 19 28 35 
31: 7 17 22 23 25 29 32 
32: 4 17 24 25 29 31 
33: 6 17 22 25 29 
34: 7 10 18 22 
35: 8 30 36 
36: 9 35 37 
37: 8 36 38 
38: 2 37 39 
39: 5 13 38 
5