0: 7 11 18 21 
1: 2 8 25 
2: 1 3 17 30 
3: 2 4 31 34 39 
4: 3 5 13 35 
5: 4 8 14 35 
6: 18 19 29 
7: 0 21 25 31 
8: 1 5 12 
9: 11 19 21 23 25 27 
10: 15 16 21 
11: 0 9 27 31 
12: 8 13 32 
13: 4 12 14 
14: 5 13 17 
15: 10 19 31 
16: 10 22 26 
17: 2 14 20 24 
18: 0 6 33 
19: 6 9 15 26 28 
20: 17 24 39 
21: 0 7 9 10 22 27 
22: 16 21 29 
23: 9 26 
24: 17 20 30 
25: 1 7 9 28 29 
26: 16 19 23 30 
27: 9 11 21 
28: 19 25 32 33 
29: 6 22 25 33 
30: 2 24 26 32 36 
31: 3 7 11 15 
32: 12 28 30 34 38 
33: 18 28 29 35 
34: 3 32 35 37 
35: 4 5 33 34 36 
36: 30 35 37 
37: 34 36 38 
38: 32 37 39 
39: 3 20 38 
5