0: 3 
1: 8 16 24 
2: 18 24 26 37 38 
3: 0 4 11 22 
4: 3 6 7 12 22 29 
5: 21 24 27 32 34 
6: 4 7 9 18 
7: 4 6 9 33 
8: 1 15 30 34 
9: 6 7 11 36 
10: 17 21 23 28 
11: 3 9 12 
12: 4 11 13 
13: 12 14 19 26 27 
14: 13 19 25 
15: 8 28 34 36 
16: 1 17 21 38 
17: 10 16 18 23 36 
18: 2 6 17 21 36 
19: 13 14 20 
20: 19 22 35 
21: 5 10 16 18 26 36 
22: 3 4 20 25 28 
23: 10 17 32 37 38 
24: 1 2 5 
25: 14 22 27 
26: 2 13 21 30 
27: 5 13 25 29 
28: 10 15 22 34 
29: 4 27 31 
30: 8 26 32 
31: 29 33 35 39 
32: 5 23 30 
33: 7 31 35 39 
34: 5 8 15 28 
35: 20 31 33 39 
36: 9 15 17 18 21 37 
37: 2 23 36 
38: 2 16 23 
39: 31 33 35 
5