0: 2 24 
1: 7 11 16 36 
2: 0 5 9 10 22 25 38 
3: 11 16 20 25 
4: 6 19 27 
5: 2 8 26 
6: 4 14 35 
7: 1 29 34 
8: 5 9 30 36 
9: 2 8 10 12 17 
10: 2 9 12 33 
11: 1 3 20 31 32 
12: 9 10 15 
13: 14 21 37 
14: 6 13 25 29 
15: 12 17 30 31 
16: 1 3 39 
17: 9 15 18 
18: 17 22 26 
19: 4 21 23 
20: 3 11 23 
21: 13 19 27 
22: 2 18 24 32 
23: 19 20 27 35 39 
24: 0 22 26 27 28 
25: 2 3 14 39 
26: 5 18 24 28 
27: 4 21 23 24 
28: 24 26 30 
29: 7 14 34 
30: 8 15 28 31 
31: 11 15 30 32 38 
32: 11 22 31 33 
33: 10 32 36 
34: 7 29 37 
35: 6 23 37 39 
36: 1 8 33 38 
37: 13 34 35 
38: 2 31 36 
39: 16 23 25 35 
5