0: 7 15 18 36 
1: 2 
2: 1 4 15 
3: 8 13 14 16 18 38 
4: 2 6 8 33 
5: 14 31 36 37 39 
6: 4 9 15 
7: 0 23 34 38 
8: 3 4 16 20 
9: 6 10 22 
10: 9 12 27 
11: 18 23 36 
12: 10 15 32 
13: 3 16 20 35 39 
14: 3 5 24 35 
15: 0 2 6 12 17 24 
16: 3 8 13 26 32 37 
17: 15 19 34 
18: 0 3 11 26 37 
19: 17 21 29 34 
20: 8 13 24 
21: 19 22 25 
22: 9 21 25 30 
23: 7 11 24 37 
24: 14 15 20 23 37 39 
25: 21 22 27 
26: 16 18 31 
27: 10 25 28 
28: 27 29 34 
29: 19 28 30 
30: 22 29 32 
31: 5 26 39 
32: 12 16 30 33 
33: 4 32 34 
34: 7 17 19 28 33 
35: 13 14 36 
36: 0 5 11 35 37 38 
37: 5 16 18 23 24 36 
38: 3 7 36 
39: 5 13 24 31 
5