0: 5 8 9 15 17 33 35 
1: 3 
2: 8 24 28 30 33 
3: 1 4 6 13 16 17 21 
4: 3 6 11 12 
5: 0 7 14 30 
6: 3 4 10 
7: 5 15 20 39 
8: 0 2 19 21 24 36 
9: 0 19 28 33 
10: 6 11 31 32 
11: 4 10 12 
12: 4 11 13 
13: 3 12 16 
14: 5 19 22 28 29 
15: 0 7 16 19 21 35 
16: 3 13 15 17 29 
17: 0 3 16 18 
18: 17 22 37 
19: 8 9 14 15 39 
20: 7 24 30 34 
21: 3 8 15 29 39 
22: 14 18 23 25 
23: 22 25 26 
24: 2 8 20 29 
25: 22 23 26 38 
26: 23 25 27 
27: 26 31 38 
28: 2 9 14 29 30 
29: 14 16 21 24 28 35 
30: 2 5 20 28 35 36 39 
31: 10 27 32 
32: 10 31 37 
33: 0 2 9 
34: 20 36 39 
35: 0 15 29 30 
36: 8 30 34 39 
37: 18 32 38 
38: 25 27 37 
39: 7 19 21 30 34 36 
5