0: 1 18 30 
1: 0 2 12 26 
2: 1 3 21 29 
3: 2 6 27 35 
4: 5 7 20 25 36 
5: 4 11 16 22 
6: 3 8 9 17 
7: 4 20 22 27 36 39 
8: 6 9 23 27 28 
9: 6 8 13 
10: 33 37 38 
11: 5 14 16 27 33 36 
12: 1 15 20 22 26 27 
13: 9 17 19 
14: 11 16 33 38 
15: 12 20 32 38 
16: 5 11 14 25 33 
17: 6 13 18 
18: 0 17 19 
19: 13 18 21 
20: 4 7 12 15 22 
21: 2 19 23 34 
22: 5 7 12 20 37 
23: 8 21 24 
24: 23 26 31 
25: 4 16 33 34 38 
26: 1 12 24 28 35 
27: 3 7 8 11 12 
28: 8 26 29 
29: 2 28 30 
30: 0 29 31 
31: 24 30 35 
32: 15 38 39 
33: 10 11 14 16 25 37 
34: 21 25 37 
35: 3 26 31 36 
36: 4 7 11 35 39 
37: 10 22 33 34 38 
38: 10 14 15 25 32 37 
39: 7 32 36 
6