0: 5 24 38 
1: 3 13 
2: 11 18 21 32 
3: 1 4 13 31 32 
4: 3 9 25 36 
5: 0 
6: 10 11 21 
7: 8 13 27 
8: 7 18 28 34 35 
9: 4 12 20 30 
10: 6 14 15 38 
11: 2 6 28 
12: 9 14 29 
13: 1 3 7 15 28 
14: 10 12 16 31 
15: 10 13 32 38 
16: 14 17 39 
17: 16 19 23 
18: 2 8 22 37 
19: 17 20 36 
20: 9 19 22 
21: 2 6 30 34 35 37 
22: 18 20 23 36 
23: 17 22 25 
24: 0 27 28 
25: 4 23 26 
26: 25 29 33 
27: 7 24 38 
28: 8 11 13 24 
29: 12 26 30 
30: 9 21 29 31 
31: 3 14 30 33 39 
32: 2 3 15 34 37 
33: 26 31 36 
34: 8 21 32 
35: 8 21 37 
36: 4 19 22 33 39 
37: 18 21 32 35 
38: 0 10 15 27 
39: 16 31 36 
6