0: 4 7 8 16 20 26 
1: 3 38 
2: 6 15 20 31 
3: 1 11 12 
4: 0 8 10 15 17 26 32 
5: 9 10 15 33 35 
6: 2 8 16 28 32 35 39 
7: 0 28 36 
8: 0 4 6 33 39 
9: 5 20 28 31 35 
10: 4 5 16 30 31 
11: 3 12 23 
12: 3 11 13 
13: 12 14 35 37 
14: 13 17 37 
15: 2 4 5 31 35 36 39 
16: 0 6 10 20 32 
17: 4 14 18 24 30 
18: 17 19 27 
19: 18 21 25 
20: 0 2 9 16 32 39 
21: 19 22 23 29 38 
22: 21 23 25 
23: 11 21 22 24 36 
24: 17 23 25 
25: 19 22 24 27 34 
26: 0 4 32 
27: 18 25 29 
28: 6 7 9 30 36 
29: 21 27 30 
30: 10 17 28 29 34 
31: 2 9 10 15 
32: 4 6 16 20 26 35 
33: 5 8 39 
34: 25 30 37 
35: 5 6 9 13 15 32 37 
36: 7 15 23 28 39 
37: 13 14 34 35 38 
38: 1 21 37 
39: 6 8 15 20 33 36 
6