0: 31 32 34 
1: 9 14 28 29 
2: 3 
3: 2 6 10 30 
4: 5 27 29 31 37 
5: 4 34 37 
6: 3 7 15 34 
7: 6 8 36 
8: 7 10 18 
9: 1 16 22 29 
10: 3 8 11 
11: 10 12 13 21 33 39 
12: 11 13 17 24 
13: 11 12 15 35 
14: 1 22 27 
15: 6 13 17 
16: 9 31 38 
17: 12 15 18 29 
18: 8 17 19 27 33 39 
19: 18 21 26 36 
20: 22 23 25 33 
21: 11 19 24 
22: 9 14 20 
23: 20 25 32 34 37 
24: 12 21 26 
25: 20 23 27 
26: 19 24 30 
27: 4 14 18 25 33 
28: 1 
29: 1 4 9 17 36 
30: 3 26 35 
31: 0 4 16 
32: 0 23 37 
33: 11 18 20 27 38 
34: 0 5 6 23 38 
35: 13 30 36 
36: 7 19 29 35 39 
37: 4 5 23 32 
38: 16 33 34 
39: 11 18 36 
6