0: 17 22 24 
1: 2 39 
2: 1 5 6 18 19 33 
3: 5 17 22 30 
4: 11 16 26 39 
5: 2 3 15 17 28 29 
6: 2 7 14 
7: 6 8 13 
8: 7 10 20 23 
9: 21 22 24 
10: 8 12 31 38 
11: 4 15 16 29 
12: 10 13 27 
13: 7 12 14 25 30 39 
14: 6 13 18 
15: 5 11 22 
16: 4 11 19 35 
17: 0 3 5 26 
18: 2 14 19 
19: 2 16 18 20 
20: 8 19 23 36 
21: 9 32 35 
22: 0 3 9 15 
23: 8 20 25 34 
24: 0 9 29 32 
25: 13 23 27 29 
26: 4 17 29 35 
27: 12 25 31 
28: 5 35 36 
29: 5 11 24 25 26 
30: 3 13 35 36 
31: 10 27 33 
32: 21 24 35 
33: 2 31 34 
34: 23 33 38 
35: 16 21 26 28 30 32 
36: 20 28 30 37 
37: 36 
38: 10 34 39 
39: 1 4 13 38 
6