0: 2 30 38 
1: 23 35 39 
2: 0 4 12 26 
3: 18 32 34 38 
4: 2 5 8 11 19 33 36 
5: 4 23 24 32 39 
6: 16 17 35 
7: 13 18 24 
8: 4 9 15 31 
9: 8 11 22 28 31 
10: 25 32 34 
11: 4 9 12 
12: 2 11 14 
13: 7 14 21 37 
14: 12 13 15 20 26 29 
15: 8 14 19 
16: 6 24 28 34 35 
17: 6 25 26 
18: 3 7 25 
19: 4 15 20 
20: 14 19 22 
21: 13 23 37 
22: 9 20 27 
23: 1 5 21 37 
24: 5 7 16 
25: 10 17 18 
26: 2 14 17 
27: 22 28 38 
28: 9 16 27 29 
29: 14 28 30 
30: 0 29 31 
31: 8 9 30 33 
32: 3 5 10 39 
33: 4 31 36 
34: 3 10 16 
35: 1 6 16 
36: 4 33 38 
37: 13 21 23 
38: 0 3 27 36 
39: 1 5 32 
6