0: 20 22 30 
1: 16 22 30 
2: 12 26 33 
3: 4 14 23 24 34 
4: 3 5 19 37 39 
5: 4 10 15 31 
6: 20 21 24 32 38 
7: 12 13 16 26 
8: 24 33 38 
9: 11 12 13 15 21 
10: 5 14 17 25 
11: 9 13 20 22 
12: 2 7 9 20 26 
13: 7 9 11 36 38 
14: 3 10 15 18 26 
15: 5 9 14 17 28 35 
16: 1 7 26 
17: 10 15 18 29 
18: 14 17 19 
19: 4 18 23 
20: 0 6 11 12 
21: 6 9 31 33 
22: 0 1 11 31 33 
23: 3 19 25 27 39 
24: 3 6 8 31 
25: 10 23 27 
26: 2 7 12 14 16 30 
27: 23 25 28 32 
28: 15 27 29 
29: 17 28 32 36 
30: 0 1 26 33 38 
31: 5 21 22 24 
32: 6 27 29 34 
33: 2 8 21 22 30 
34: 3 32 35 
35: 15 34 36 
36: 13 29 35 37 
37: 4 36 39 
38: 6 8 13 30 
39: 4 23 37 
6