0: 8 25 31 
1: 5 11 25 
2: 13 30 36 
3: 12 23 26 28 36 
4: 6 7 17 25 30 32 35 
5: 1 7 18 37 
6: 4 17 23 25 30 31 
7: 4 5 9 10 14 39 
8: 0 10 12 13 
9: 7 11 27 
10: 7 8 13 26 29 31 
11: 1 9 14 
12: 3 8 28 35 36 
13: 2 8 10 29 31 
14: 7 11 15 
15: 14 16 22 36 
16: 15 18 24 
17: 4 6 25 29 32 36 
18: 5 16 19 
19: 18 20 37 
20: 19 22 34 38 
21: 25 26 32 
22: 15 20 24 33 
23: 3 6 29 30 
24: 16 22 27 
25: 0 1 4 6 17 21 
26: 3 10 21 30 
27: 9 24 28 39 
28: 3 12 27 33 38 
29: 10 13 17 23 30 32 35 
30: 2 4 6 23 26 29 31 
31: 0 6 10 13 30 
32: 4 17 21 29 
33: 22 28 34 
34: 20 33 37 
35: 4 12 29 
36: 2 3 12 15 17 
37: 5 19 34 38 
38: 20 28 37 39 
39: 7 27 38 
6