0: 2 15 22 26 35 
1: 9 14 18 35 
2: 0 5 17 
3: 4 6 18 
4: 3 6 7 32 
5: 2 11 12 13 21 24 
6: 3 4 7 
7: 4 6 8 17 
8: 7 10 27 28 
9: 1 11 16 22 37 
10: 8 16 19 26 28 31 
11: 5 9 20 21 29 
12: 5 23 29 
13: 5 15 20 24 
14: 1 18 19 21 23 
15: 0 13 23 
16: 9 10 17 25 33 
17: 2 7 16 19 34 
18: 1 3 14 22 26 
19: 10 14 17 25 
20: 11 13 21 37 
21: 5 11 14 20 22 25 
22: 0 9 18 21 24 37 
23: 12 14 15 35 
24: 5 13 22 
25: 16 19 21 27 
26: 0 10 18 29 
27: 8 25 28 36 
28: 8 10 27 30 
29: 11 12 26 
30: 28 31 38 39 
31: 10 30 32 
32: 4 31 33 39 
33: 16 32 34 
34: 17 33 36 
35: 0 1 23 
36: 27 34 38 
37: 9 20 22 
38: 30 36 39 
39: 30 32 38 
6