0: 8 12 25 
1: 2 
2: 1 3 7 34 
3: 2 4 26 31 
4: 3 5 20 
5: 4 6 18 25 29 39 
6: 5 15 33 
7: 2 9 14 16 
8: 0 12 21 22 29 37 
9: 7 12 13 28 35 38 
10: 11 14 16 23 
11: 10 16 21 28 37 
12: 0 8 9 22 25 27 38 
13: 9 21 25 27 
14: 7 10 24 25 
15: 6 17 19 21 35 
16: 7 10 11 22 
17: 15 18 30 
18: 5 17 19 
19: 15 18 20 
20: 4 19 26 
21: 8 11 13 15 23 29 
22: 8 12 16 
23: 10 21 24 29 36 
24: 14 23 27 28 37 
25: 0 5 12 13 14 28 38 
26: 3 20 30 
27: 12 13 24 28 
28: 9 11 24 25 27 
29: 5 8 21 23 
30: 17 26 31 36 
31: 3 30 32 
32: 31 33 39 
33: 6 32 34 
34: 2 33 35 
35: 9 15 34 36 
36: 23 30 35 39 
37: 8 11 24 
38: 9 12 25 
39: 5 32 36 
6