0: 1 
1: 0 3 8 20 23 
2: 4 13 15 18 22 
3: 1 4 27 
4: 2 3 6 19 24 
5: 13 15 16 22 
6: 4 7 8 17 
7: 6 8 36 
8: 1 6 7 11 30 34 
9: 16 23 31 37 
10: 13 16 30 35 37 
11: 8 17 38 39 
12: 21 30 33 
13: 2 5 10 21 33 
14: 18 30 35 
15: 2 5 18 26 
16: 5 9 10 35 
17: 6 11 18 19 
18: 2 14 15 17 
19: 4 17 20 
20: 1 19 23 
21: 12 13 34 
22: 2 5 32 
23: 1 9 20 24 
24: 4 23 25 33 
25: 24 27 29 
26: 15 30 32 33 
27: 3 25 28 
28: 27 29 36 
29: 25 28 36 
30: 8 10 12 14 26 31 
31: 9 30 34 
32: 22 26 33 37 
33: 12 13 24 26 32 
34: 8 21 31 35 
35: 10 14 16 34 
36: 7 28 29 38 39 
37: 9 10 32 
38: 11 36 39 
39: 11 36 38 
6