0: 2 9 19 20 32 33 35 
1: 3 6 18 24 30 31 39 
2: 0 9 12 14 21 24 
3: 1 4 10 11 38 
4: 3 6 7 21 38 
5: 9 17 19 27 33 
6: 1 4 7 8 
7: 4 6 8 23 
8: 6 7 10 36 
9: 0 2 5 19 21 29 32 
10: 3 8 11 25 26 28 
11: 3 10 13 
12: 2 19 20 21 29 32 
13: 11 16 18 38 
14: 2 16 19 33 37 
15: 16 20 24 32 33 35 
16: 13 14 15 20 21 33 
17: 5 19 28 35 37 
18: 1 13 23 
19: 0 5 9 12 14 17 22 
20: 0 12 15 16 
21: 2 4 9 12 16 27 
22: 19 27 35 37 
23: 7 18 25 
24: 1 2 15 26 32 37 
25: 10 23 26 
26: 10 24 25 28 
27: 5 21 22 36 
28: 10 17 26 30 34 39 
29: 9 12 32 
30: 1 28 31 
31: 1 30 34 
32: 0 9 12 15 24 29 
33: 0 5 14 15 16 
34: 28 31 36 
35: 0 15 17 22 
36: 8 27 34 38 
37: 14 17 22 24 
38: 3 4 13 36 39 
39: 1 28 38 
6