0: 2 24 
1: 2 16 
2: 0 1 3 13 18 
3: 2 7 35 
4: 13 14 24 34 36 
5: 23 29 34 
6: 13 20 31 38 
7: 3 8 12 26 28 30 
8: 7 9 32 36 
9: 8 15 37 
10: 11 12 33 39 
11: 10 20 29 
12: 7 10 21 34 
13: 2 4 6 23 
14: 4 20 38 
15: 9 16 35 38 
16: 1 15 17 
17: 16 18 19 25 
18: 2 17 19 
19: 17 18 25 
20: 6 11 14 22 
21: 12 22 24 36 
22: 20 21 31 33 
23: 5 13 34 39 
24: 0 4 21 
25: 17 19 26 
26: 7 25 27 
27: 26 28 32 37 
28: 7 27 30 
29: 5 11 33 
30: 7 28 32 
31: 6 22 38 39 
32: 8 27 30 35 
33: 10 22 29 
34: 4 5 12 23 
35: 3 15 32 36 
36: 4 8 21 35 37 
37: 9 27 36 
38: 6 14 15 31 
39: 10 23 31 
6