0: 1 28 
1: 0 3 10 19 
2: 18 33 35 
3: 1 4 17 
4: 3 6 14 38 
5: 8 20 26 27 35 37 
6: 4 7 39 
7: 6 8 15 22 39 
8: 5 7 10 16 17 
9: 13 16 21 29 33 34 
10: 1 8 12 15 21 
11: 13 15 18 21 24 35 
12: 10 14 39 
13: 9 11 15 30 34 37 
14: 4 12 17 36 
15: 7 10 11 13 23 27 33 
16: 8 9 18 26 33 34 
17: 3 8 14 19 
18: 2 11 16 21 29 33 
19: 1 17 22 25 32 
20: 5 27 29 30 37 
21: 9 10 11 18 24 34 
22: 7 19 25 
23: 15 26 34 
24: 11 21 35 
25: 19 22 28 
26: 5 16 23 
27: 5 15 20 29 
28: 0 25 31 
29: 9 18 20 27 33 
30: 13 20 33 34 35 36 
31: 28 32 39 
32: 19 31 36 
33: 2 9 15 16 18 29 30 
34: 9 13 16 21 23 30 35 
35: 2 5 11 24 30 34 37 
36: 14 30 32 38 
37: 5 13 20 35 
38: 4 36 39 
39: 6 7 12 31 38 
6