0: 4 15 28 
1: 3 24 
2: 5 33 36 
3: 1 6 21 32 
4: 0 14 16 24 25 
5: 2 8 9 19 22 
6: 3 7 30 
7: 6 11 12 17 29 34 39 
8: 5 14 23 33 
9: 5 16 17 20 
10: 14 15 16 28 
11: 7 12 16 26 
12: 7 11 17 
13: 20 23 25 
14: 4 8 10 
15: 0 10 25 28 
16: 4 9 10 11 23 29 36 
17: 7 9 12 21 
18: 22 33 
19: 5 23 35 36 
20: 9 13 23 
21: 3 17 23 24 
22: 5 18 33 
23: 8 13 16 19 20 21 
24: 1 4 21 26 
25: 4 13 15 
26: 11 24 27 38 
27: 26 29 31 35 
28: 0 10 15 
29: 7 16 27 30 
30: 6 29 31 
31: 27 30 32 
32: 3 31 34 
33: 2 8 18 22 
34: 7 32 35 37 
35: 19 27 34 37 39 
36: 2 16 19 
37: 34 35 38 
38: 26 37 39 
39: 7 35 38 
6