0: 1 
1: 0 2 5 20 30 
2: 1 3 12 16 
3: 2 5 6 35 
4: 13 24 32 
5: 1 3 6 33 
6: 3 5 7 9 
7: 6 9 28 
8: 10 15 19 27 
9: 6 7 11 
10: 8 17 38 
11: 9 12 15 18 23 26 
12: 2 11 16 31 
13: 4 21 22 
14: 27 32 34 36 
15: 8 11 21 24 
16: 2 12 18 
17: 10 18 34 36 
18: 11 16 17 20 34 
19: 8 21 39 
20: 1 18 23 
21: 13 15 19 
22: 13 27 29 38 
23: 11 20 26 
24: 4 15 29 
25: 27 29 34 36 
26: 11 23 28 37 
27: 8 14 22 25 
28: 7 26 30 
29: 22 24 25 35 
30: 1 28 31 35 37 
31: 12 30 33 
32: 4 14 35 
33: 5 31 34 37 
34: 14 17 18 25 33 
35: 3 29 30 32 38 
36: 14 17 25 
37: 26 30 33 
38: 10 22 35 
39: 19 
6