0: 13 15 30 
1: 4 12 26 29 35 37 
2: 3 26 
3: 2 5 17 
4: 1 28 30 
5: 3 6 36 39 
6: 5 7 9 32 
7: 6 9 34 
8: 12 13 27 30 32 
9: 6 7 10 18 
10: 9 14 39 
11: 13 33 35 
12: 1 8 15 28 35 37 
13: 0 8 11 20 23 35 
14: 10 17 23 
15: 0 12 21 
16: 19 20 25 32 35 37 
17: 3 14 18 20 
18: 9 17 22 
19: 16 25 37 
20: 13 16 17 21 26 27 37 
21: 15 20 32 
22: 18 23 31 34 
23: 13 14 22 24 29 
24: 23 29 33 38 
25: 16 19 27 28 32 
26: 1 2 20 30 32 35 
27: 8 20 25 37 
28: 4 12 25 
29: 1 23 24 31 
30: 0 4 8 26 32 37 
31: 22 29 33 
32: 6 8 16 21 25 26 30 
33: 11 24 31 34 
34: 7 22 33 36 
35: 1 11 12 13 16 26 
36: 5 34 38 
37: 1 12 16 19 20 27 30 
38: 24 36 39 
39: 5 10 38 
6