0: 1 
1: 0 2 4 27 
2: 1 4 9 12 36 
3: 5 19 20 
4: 1 2 6 11 39 
5: 3 8 13 26 36 
6: 4 7 24 
7: 6 9 29 
8: 5 14 19 
9: 2 7 11 18 22 
10: 13 16 17 25 28 
11: 4 9 12 31 
12: 2 11 13 18 35 
13: 5 10 12 23 
14: 8 15 17 20 
15: 14 20 25 36 38 
16: 10 17 21 29 33 
17: 10 14 16 
18: 9 12 22 
19: 3 8 21 25 
20: 3 14 15 23 27 
21: 16 19 
22: 9 18 24 30 
23: 13 20 38 
24: 6 22 26 28 
25: 10 15 19 32 34 
26: 5 24 28 39 
27: 1 20 32 34 
28: 10 24 26 29 
29: 7 16 28 30 
30: 22 29 31 
31: 11 30 35 37 
32: 25 27 33 
33: 16 32 38 
34: 25 27 36 
35: 12 31 37 
36: 2 5 15 34 
37: 31 35 39 
38: 15 23 33 
39: 4 26 37 
6