0: 11 22 37 
1: 2 
2: 1 5 34 
3: 7 11 22 27 
4: 6 10 14 20 39 
5: 2 7 30 35 
6: 4 23 37 38 
7: 3 5 8 38 
8: 7 15 21 
9: 13 14 16 28 34 39 
10: 4 18 22 39 
11: 0 3 12 23 25 
12: 11 13 26 
13: 9 12 16 25 26 
14: 4 9 16 28 
15: 8 17 34 
16: 9 13 14 23 39 
17: 15 19 24 38 
18: 10 25 37 39 
19: 17 20 25 33 
20: 4 19 21 35 
21: 8 20 24 29 36 
22: 0 3 10 38 
23: 6 11 16 
24: 17 21 29 
25: 11 13 18 19 
26: 12 13 27 37 
27: 3 26 39 
28: 9 14 37 
29: 21 24 30 31 
30: 5 29 31 
31: 29 30 32 
32: 31 33 35 
33: 19 32 34 
34: 2 9 15 33 35 
35: 5 20 32 34 36 
36: 21 35 38 
37: 0 6 18 26 28 39 
38: 6 7 17 22 36 
39: 4 9 10 16 18 27 37 
6