0: 1 16 26 35 
1: 0 2 29 34 
2: 1 4 10 35 39 
3: 24 26 28 33 35 
4: 2 5 31 
5: 4 6 37 
6: 5 8 23 27 35 
7: 9 20 31 36 
8: 6 10 27 
9: 7 13 14 22 28 36 
10: 2 8 11 
11: 10 15 17 18 32 
12: 14 19 30 
13: 9 36 38 
14: 9 12 30 
15: 11 17 22 
16: 0 24 
17: 11 15 18 
18: 11 17 22 
19: 12 21 38 
20: 7 33 35 
21: 19 28 38 
22: 9 15 18 23 
23: 6 22 25 
24: 3 16 36 
25: 23 27 39 
26: 0 3 38 
27: 6 8 25 29 
28: 3 9 21 34 
29: 1 27 31 
30: 12 14 33 38 
31: 4 7 29 32 
32: 11 31 37 
33: 3 20 30 
34: 1 28 36 38 
35: 0 2 3 6 20 36 
36: 7 9 13 24 34 35 
37: 5 32 39 
38: 13 19 21 26 30 34 
39: 2 25 37 
6