0: 10 13 25 31 38 41 
1: 7 12 14 16 25 
2: 3 36 
3: 2 8 15 19 
4: 14 21 28 29 41 
5: 21 26 33 34 
6: 7 12 22 43 
7: 1 6 26 34 
8: 3 9 17 
9: 8 11 35 
10: 0 12 44 
11: 9 15 23 40 
12: 1 6 10 34 
13: 0 16 
14: 1 4 21 34 
15: 3 11 17 
16: 1 13 22 26 44 
17: 8 15 18 37 39 
18: 17 19 24 30 
19: 3 18 20 
20: 19 23 27 
21: 4 5 14 28 29 39 
22: 6 16 26 28 31 
23: 11 20 24 42 
24: 18 23 27 
25: 0 1 28 29 43 44 
26: 5 7 16 22 33 
27: 20 24 30 42 
28: 4 21 22 25 33 44 
29: 4 21 25 31 41 
30: 18 27 32 
31: 0 22 29 
32: 30 35 40 
33: 5 26 28 43 
34: 5 7 12 14 
35: 9 32 36 
36: 2 35 37 38 
37: 17 36 38 
38: 0 36 37 39 
39: 17 21 38 40 
40: 11 32 39 42 
41: 0 4 29 
42: 23 27 40 
43: 6 25 33 
44: 10 16 25 28 
2