0: 6 10 26 37 
1: 2 
2: 1 7 19 
3: 10 21 25 
4: 21 24 39 43 
5: 11 22 31 37 
6: 0 22 26 31 34 42 
7: 2 8 32 44 
8: 7 9 24 
9: 8 13 41 
10: 0 3 11 32 35 37 
11: 5 10 15 21 26 32 34 
12: 21 25 34 42 
13: 9 14 17 18 
14: 13 17 36 
15: 11 26 34 43 
16: 31 39 40 43 
17: 13 14 18 
18: 13 17 19 38 
19: 2 18 20 23 33 
20: 19 23 27 29 
21: 3 4 11 12 42 43 
22: 5 6 31 40 42 
23: 19 20 24 
24: 4 8 23 27 30 44 
25: 3 12 31 32 
26: 0 6 11 15 40 
27: 20 24 28 
28: 27 29 36 
29: 20 28 30 
30: 24 29 33 
31: 5 6 16 22 25 37 
32: 7 10 11 25 37 40 
33: 19 30 36 
34: 6 11 12 15 
35: 10 42 
36: 14 28 33 38 
37: 0 5 10 31 32 43 
38: 18 36 41 
39: 4 16 40 
40: 16 22 26 32 39 
41: 9 38 44 
42: 6 12 21 22 35 
43: 4 15 16 21 37 
44: 7 24 41 
2