0: 4 15 20 25 36 
1: 16 39 42 
2: 3 
3: 2 6 7 
4: 0 14 20 
5: 10 13 15 16 25 
6: 3 7 28 33 
7: 3 6 8 41 
8: 7 11 18 27 
9: 14 17 22 31 
10: 5 15 17 26 31 39 
11: 8 12 24 35 37 
12: 11 18 32 33 
13: 5 20 22 26 31 34 38 
14: 4 9 19 23 38 
15: 0 5 10 32 
16: 1 5 17 25 39 
17: 9 10 16 42 
18: 8 12 21 
19: 14 26 39 
20: 0 4 13 36 42 
21: 18 24 30 33 
22: 9 13 38 
23: 14 26 32 36 
24: 11 21 27 44 
25: 0 5 16 26 38 
26: 10 13 19 23 25 32 42 
27: 8 24 28 44 
28: 6 27 29 
29: 28 30 34 43 
30: 21 29 33 
31: 9 10 13 32 
32: 12 15 23 26 31 
33: 6 12 21 30 34 
34: 13 29 33 35 
35: 11 34 37 40 
36: 0 20 23 39 
37: 11 35 40 
38: 13 14 22 25 
39: 1 10 16 19 36 
40: 35 37 41 
41: 7 40 43 
42: 1 17 20 26 
43: 29 41 44 
44: 24 27 43 
2