0: 1 27 
1: 0 2 3 18 
2: 1 3 29 
3: 1 2 5 
4: 11 13 31 
5: 3 9 26 30 
6: 33 35 43 44 
7: 13 20 37 40 
8: 16 33 44 
9: 5 15 26 
10: 20 40 41 
11: 4 14 44 
12: 34 35 41 
13: 4 7 17 31 43 
14: 11 28 32 40 
15: 9 18 24 
16: 8 28 31 34 
17: 13 30 
18: 1 15 19 
19: 18 21 26 
20: 7 10 32 33 37 
21: 19 22 26 
22: 21 23 24 
23: 22 24 26 38 39 
24: 15 22 23 25 
25: 24 26 36 
26: 5 9 19 21 23 25 27 
27: 0 26 29 
28: 14 16 34 44 
29: 2 27 30 
30: 5 17 29 36 42 
31: 4 13 16 35 
32: 14 20 41 
33: 6 8 20 41 
34: 12 16 28 37 43 
35: 6 12 31 37 
36: 25 30 38 41 
37: 7 20 34 35 
38: 23 36 39 42 
39: 23 38 42 
40: 7 10 14 43 
41: 10 12 32 33 36 
42: 30 38 39 
43: 6 13 34 40 
44: 6 8 11 28 
2