0: 1 
1: 0 4 19 37 
2: 10 12 25 26 31 
3: 14 26 28 44 
4: 1 5 23 
5: 4 7 22 33 
6: 16 18 24 27 38 44 
7: 5 9 20 
8: 17 24 25 30 38 
9: 7 11 32 
10: 2 18 27 43 
11: 9 13 23 
12: 2 17 27 43 
13: 11 19 21 
14: 3 24 28 34 43 44 
15: 19 25 28 31 35 
16: 6 34 35 38 
17: 8 12 24 30 
18: 6 10 25 26 27 
19: 1 13 15 20 
20: 7 19 21 41 
21: 13 20 22 40 
22: 5 21 23 36 
23: 4 11 22 28 29 
24: 6 8 14 17 30 34 43 
25: 2 8 15 18 
26: 2 3 18 35 
27: 6 10 12 18 38 43 
28: 3 14 15 23 30 38 
29: 23 32 42 
30: 8 17 24 28 35 43 
31: 2 15 44 
32: 9 29 33 
33: 5 32 36 
34: 14 16 24 35 38 
35: 15 16 26 30 34 44 
36: 22 33 37 39 
37: 1 36 39 
38: 6 8 16 27 28 34 
39: 36 37 40 42 
40: 21 39 41 
41: 20 40 42 
42: 29 39 41 
43: 10 12 14 24 27 30 
44: 3 6 14 31 35 
2