0: 5 24 26 27 28 36 
1: 20 21 27 37 
2: 14 15 20 23 27 28 42 
3: 6 
4: 5 10 17 
5: 0 4 21 26 41 
6: 3 7 35 
7: 6 9 44 
8: 10 20 23 36 42 
9: 7 11 43 
10: 4 8 28 37 
11: 9 12 13 25 39 
12: 11 13 34 
13: 11 12 16 33 
14: 2 15 17 26 37 
15: 2 14 22 23 41 
16: 13 18 32 
17: 4 14 29 36 37 41 42 
18: 16 19 43 
19: 18 25 34 
20: 1 2 8 32 37 41 
21: 1 5 24 26 41 
22: 15 23 27 39 
23: 2 8 15 22 37 
24: 0 21 27 42 
25: 11 19 30 
26: 0 5 14 21 37 
27: 0 1 2 22 24 
28: 0 2 10 
29: 17 36 42 
30: 25 31 34 
31: 30 32 38 
32: 16 20 31 33 
33: 13 32 34 
34: 12 19 30 33 35 
35: 6 34 38 
36: 0 8 17 29 41 
37: 1 10 14 17 20 23 26 
38: 31 35 39 
39: 11 22 38 40 
40: 39 43 44 
41: 5 15 17 20 21 36 42 
42: 2 8 17 24 29 41 
43: 9 18 40 44 
44: 7 40 43 
2