0: 1 
1: 0 2 10 17 39 
2: 1 8 30 
3: 4 5 26 38 
4: 3 12 44 
5: 3 6 14 22 26 
6: 5 12 18 
7: 11 18 36 
8: 2 9 30 
9: 8 15 32 
10: 1 12 26 38 
11: 7 12 44 
12: 4 6 10 11 38 
13: 18 22 44 
14: 5 21 25 27 29 38 
15: 9 16 24 37 
16: 15 17 28 
17: 1 16 19 
18: 6 7 13 41 42 43 
19: 17 20 23 34 
20: 19 23 28 
21: 14 25 33 
22: 5 13 29 43 
23: 19 20 24 
24: 15 23 28 41 
25: 14 21 27 29 
26: 3 5 10 
27: 14 25 36 
28: 16 20 24 30 41 
29: 14 22 25 43 
30: 2 8 28 31 
31: 30 32 37 
32: 9 31 34 
33: 21 36 42 
34: 19 32 35 
35: 34 37 40 
36: 7 27 33 42 
37: 15 31 35 39 
38: 3 10 12 14 
39: 1 37 40 
40: 35 39 41 
41: 18 24 28 40 
42: 18 33 36 
43: 18 22 29 
44: 4 11 13 
2