0: 1 12 
1: 0 5 31 
2: 11 22 38 
3: 6 9 10 17 38 
4: 16 21 34 38 
5: 1 7 26 35 
6: 3 19 20 
7: 5 8 31 
8: 7 12 18 
9: 3 11 36 
10: 3 20 27 28 36 
11: 2 9 22 30 34 
12: 0 8 13 
13: 12 14 26 29 
14: 13 15 33 37 
15: 14 18 24 
16: 4 19 22 44 
17: 3 20 23 30 
18: 8 15 24 
19: 6 16 30 42 
20: 6 10 17 23 27 29 34 
21: 4 23 29 42 44 
22: 2 11 16 30 
23: 17 20 21 42 
24: 15 18 25 
25: 24 26 32 43 
26: 5 13 25 31 
27: 10 20 34 36 42 
28: 10 30 44 
29: 13 20 21 30 36 38 
30: 11 17 19 22 28 29 42 
31: 1 7 26 32 
32: 25 31 33 40 
33: 14 32 35 43 
34: 4 11 20 27 38 41 
35: 5 33 37 
36: 9 10 27 29 
37: 14 35 39 
38: 2 3 4 29 34 
39: 37 40 41 
40: 32 39 41 
41: 34 39 40 43 
42: 19 21 23 27 30 
43: 25 33 41 
44: 16 21 28 
2