0: 4 40 41 
1: 2 3 9 
2: 1 32 37 
3: 1 7 10 22 
4: 0 6 15 29 33 
5: 7 14 20 36 
6: 4 8 25 34 
7: 3 5 11 16 24 36 
8: 6 12 23 28 
9: 1 11 31 
10: 3 22 32 36 37 
11: 7 9 26 29 31 
12: 8 15 17 
13: 14 19 20 24 26 40 
14: 5 13 19 22 24 
15: 4 12 17 27 
16: 7 32 40 42 
17: 12 15 18 
18: 17 21 38 44 
19: 13 14 22 30 36 42 
20: 5 13 22 30 31 42 
21: 18 23 39 
22: 3 10 14 19 20 24 
23: 8 21 25 
24: 7 13 14 22 
25: 6 23 27 
26: 11 13 31 
27: 15 25 28 
28: 8 27 29 
29: 4 11 28 33 
30: 19 20 40 42 
31: 9 11 20 26 40 
32: 2 10 16 40 
33: 4 29 34 
34: 6 33 35 
35: 34 38 44 
36: 5 7 10 19 37 
37: 2 10 36 40 42 
38: 18 35 39 43 
39: 21 38 41 
40: 0 13 16 30 31 32 37 
41: 0 39 43 
42: 16 19 20 30 37 
43: 38 41 44 
44: 18 35 43 
2