0: 1 29 
1: 0 2 5 23 
2: 1 3 16 41 
3: 2 4 9 21 30 
4: 3 5 13 24 
5: 1 4 9 
6: 8 22 34 
7: 25 28 35 40 
8: 6 12 26 31 38 40 
9: 3 5 11 
10: 20 26 34 
11: 9 13 37 
12: 8 28 42 
13: 4 11 14 
14: 13 16 20 36 
15: 18 25 31 40 42 
16: 2 14 21 
17: 18 19 22 33 
18: 15 17 19 34 
19: 17 18 22 25 28 
20: 10 14 25 40 
21: 3 16 23 
22: 6 17 19 32 
23: 1 21 24 
24: 4 23 27 
25: 7 15 19 20 42 
26: 8 10 32 37 
27: 24 29 44 
28: 7 12 19 35 
29: 0 27 30 39 44 
30: 3 29 36 
31: 8 15 38 
32: 22 26 43 
33: 17 38 40 43 
34: 6 10 18 
35: 7 28 40 
36: 14 30 37 
37: 11 26 36 39 
38: 8 31 33 
39: 29 37 41 
40: 7 8 15 20 33 35 
41: 2 39 44 
42: 12 15 25 43 
43: 32 33 42 
44: 27 29 41 
2