0: 4 7 19 32 
1: 2 
2: 1 5 10 23 24 
3: 12 17 19 22 
4: 0 16 42 
5: 2 9 44 
6: 11 22 25 27 32 
7: 0 11 27 39 42 
8: 11 12 14 17 27 32 35 
9: 5 10 34 36 43 
10: 2 9 13 16 
11: 6 7 8 21 29 42 
12: 3 8 22 29 
13: 10 15 43 
14: 8 28 38 39 
15: 13 18 20 41 
16: 4 10 17 21 25 29 32 
17: 3 8 16 20 35 
18: 15 20 31 
19: 0 3 28 
20: 15 17 18 23 
21: 11 16 32 39 
22: 3 6 12 38 
23: 2 20 24 26 
24: 2 23 26 44 
25: 6 16 28 38 
26: 23 24 30 
27: 6 7 8 28 35 
28: 14 19 25 27 
29: 11 12 16 38 
30: 26 31 33 
31: 18 30 33 37 
32: 0 6 8 16 21 35 42 
33: 30 31 34 
34: 9 33 36 
35: 8 17 27 32 
36: 9 34 37 
37: 31 36 40 
38: 14 22 25 29 
39: 7 14 21 
40: 37 41 43 
41: 15 40 43 
42: 4 7 11 32 
43: 9 13 40 41 44 
44: 5 24 43 
2