0: 11 13 21 28 40 
1: 7 11 13 21 35 
2: 4 
3: 35 38 42 
4: 2 8 16 
5: 8 18 20 26 35 
6: 7 21 28 33 
7: 1 6 13 21 37 38 42 
8: 4 5 9 22 
9: 8 12 30 
10: 21 31 33 35 
11: 0 1 18 39 
12: 9 14 34 43 44 
13: 0 1 7 26 28 36 40 
14: 12 15 39 
15: 14 16 23 32 
16: 4 15 17 
17: 16 19 34 
18: 5 11 37 38 
19: 17 22 24 25 44 
20: 5 36 38 
21: 0 1 6 7 10 27 33 
22: 8 19 23 
23: 15 22 24 
24: 19 23 25 
25: 19 24 29 
26: 5 13 31 33 36 37 42 
27: 21 31 
28: 0 6 13 
29: 25 30 32 
30: 9 29 32 
31: 10 26 27 
32: 15 29 30 34 41 
33: 6 10 21 26 
34: 12 17 32 39 
35: 1 3 5 10 
36: 13 20 26 
37: 7 18 26 
38: 3 7 18 20 
39: 11 14 34 41 
40: 0 13 42 
41: 32 39 43 
42: 3 7 26 40 
43: 12 41 44 
44: 12 19 43 
2