0: 7 10 15 16 34 41 44 
1: 13 14 30 34 38 40 41 
2: 3 29 
3: 2 8 28 
4: 6 12 39 41 
5: 9 34 43 
6: 4 15 16 23 
7: 0 9 12 38 
8: 3 11 35 
9: 5 7 14 15 43 
10: 0 14 15 16 
11: 8 17 25 33 
12: 4 7 23 27 30 
13: 1 40 44 
14: 1 9 10 23 38 43 
15: 0 6 9 10 16 39 40 
16: 0 6 10 15 27 40 
17: 11 18 19 42 
18: 17 19 21 38 42 
19: 17 18 20 
20: 19 21 31 
21: 18 20 22 37 
22: 21 24 26 
23: 6 12 14 39 40 41 
24: 22 25 31 
25: 11 24 26 36 
26: 22 25 28 
27: 12 16 43 
28: 3 26 29 
29: 2 28 31 32 
30: 1 12 38 39 
31: 20 24 29 32 
32: 29 31 33 
33: 11 32 35 
34: 0 1 5 39 
35: 8 33 36 
36: 25 35 37 44 
37: 21 36 42 
38: 1 7 14 18 30 
39: 4 15 23 30 34 
40: 1 13 15 16 23 44 
41: 0 1 4 23 
42: 17 18 37 
43: 5 9 14 27 44 
44: 0 13 36 40 43 
2