0: 2 6 44 
1: 12 13 22 33 
2: 0 3 26 43 
3: 2 4 11 28 
4: 3 6 26 
5: 15 35 37 
6: 0 4 7 34 
7: 6 9 21 31 
8: 10 22 35 37 38 
9: 7 11 23 41 
10: 8 15 18 23 25 33 
11: 3 9 14 39 
12: 1 19 26 27 29 42 
13: 1 17 29 40 42 
14: 11 16 28 
15: 5 10 18 
16: 14 21 32 
17: 13 19 27 40 
18: 10 15 22 30 
19: 12 17 22 40 42 
20: 23 35 38 40 
21: 7 16 24 
22: 1 8 18 19 29 38 
23: 9 10 20 27 42 
24: 21 26 28 
25: 10 27 37 38 
26: 2 4 12 24 28 
27: 12 17 23 25 29 38 
28: 3 14 24 26 31 44 
29: 12 13 22 27 30 37 40 
30: 18 29 33 35 38 
31: 7 28 32 36 
32: 16 31 34 
33: 1 10 30 
34: 6 32 36 
35: 5 8 20 30 
36: 31 34 39 
37: 5 8 25 29 
38: 8 20 22 25 27 30 
39: 11 36 41 
40: 13 17 19 20 29 
41: 9 39 43 
42: 12 13 19 23 
43: 2 41 44 
44: 0 28 43 
2