0: 2 22 
1: 6 10 20 42 
2: 0 5 21 
3: 6 32 35 
4: 6 13 24 35 38 
5: 2 7 8 40 
6: 1 3 4 23 26 
7: 5 8 18 19 
8: 5 7 9 
9: 8 11 30 
10: 1 23 35 44 
11: 9 14 27 
12: 13 23 25 38 41 
13: 4 12 15 25 37 41 42 
14: 11 16 17 
15: 13 20 44 
16: 14 17 28 31 37 
17: 14 16 18 43 
18: 7 17 19 36 
19: 7 18 21 29 
20: 1 15 24 
21: 2 19 22 
22: 0 21 27 
23: 6 10 12 34 38 
24: 4 20 38 
25: 12 13 26 33 
26: 6 25 32 33 35 
27: 11 22 28 
28: 16 27 29 
29: 19 28 30 
30: 9 29 31 
31: 16 30 32 36 43 
32: 3 26 31 44 
33: 25 26 39 42 
34: 23 38 44 
35: 3 4 10 26 
36: 18 31 40 
37: 13 16 
38: 4 12 23 24 34 
39: 33 41 44 
40: 5 36 43 
41: 12 13 39 42 
42: 1 13 33 41 
43: 17 31 40 
44: 10 15 32 34 39 
2