0: 5 11 23 
1: 2 13 
2: 1 8 27 28 40 
3: 4 6 17 29 
4: 3 26 34 
5: 0 25 27 33 
6: 3 9 10 17 26 
7: 9 25 30 
8: 2 12 21 37 
9: 6 7 27 30 
10: 6 23 25 33 
11: 0 22 26 
12: 8 13 15 41 
13: 1 12 14 42 
14: 13 15 16 
15: 12 14 16 
16: 14 15 18 
17: 3 6 44 
18: 16 20 36 38 
19: 27 29 33 
20: 18 21 30 32 
21: 8 20 24 
22: 11 34 43 
23: 0 10 29 43 
24: 21 28 39 42 
25: 5 7 10 27 43 
26: 4 6 11 31 
27: 2 5 9 19 25 29 44 
28: 2 24 32 
29: 3 19 23 27 
30: 7 9 20 44 
31: 26 43 
32: 20 28 35 
33: 5 10 19 
34: 4 22 43 
35: 32 36 38 
36: 18 35 37 
37: 8 36 38 
38: 18 35 37 39 
39: 24 38 40 
40: 2 39 41 
41: 12 40 42 
42: 13 24 41 
43: 22 23 25 31 34 
44: 17 27 30 
2