0: 27 28 37 
1: 3 
2: 16 27 29 
3: 1 4 22 
4: 3 6 23 
5: 10 24 27 
6: 4 8 22 
7: 14 21 27 41 
8: 6 9 15 
9: 8 11 18 
10: 5 13 16 29 42 43 
11: 9 12 23 32 
12: 11 15 30 33 
13: 10 17 29 43 
14: 7 20 24 43 
15: 8 12 18 31 
16: 2 10 28 37 41 
17: 13 42 43 
18: 9 15 19 26 39 
19: 18 22 25 36 
20: 14 29 36 37 44 
21: 7 34 36 40 
22: 3 6 19 23 39 
23: 4 11 22 25 
24: 5 14 42 
25: 19 23 26 34 
26: 18 25 30 
27: 0 2 5 7 44 
28: 0 16 36 37 
29: 2 10 13 20 
30: 12 26 31 
31: 15 30 32 
32: 11 31 33 
33: 12 32 34 38 
34: 21 25 33 38 
35: 37 41 44 
36: 19 20 21 28 40 
37: 0 16 20 28 35 
38: 33 34 39 
39: 18 22 38 
40: 21 36 44 
41: 7 16 35 44 
42: 10 17 24 43 
43: 10 13 14 17 42 
44: 20 27 35 40 41 
2