0: 1 
1: 0 8 11 22 24 
2: 6 16 33 
3: 5 13 35 
4: 14 20 23 30 35 43 
5: 3 12 16 19 28 33 
6: 2 7 19 27 
7: 6 21 27 30 44 
8: 1 9 36 
9: 8 10 15 21 25 29 31 
10: 9 11 40 
11: 1 10 15 27 
12: 5 19 38 43 
13: 3 20 32 
14: 4 30 32 38 
15: 9 11 17 37 
16: 2 5 41 
17: 15 18 21 
18: 17 21 36 
19: 5 6 12 28 38 41 
20: 4 13 41 
21: 7 9 17 18 22 
22: 1 21 24 
23: 4 27 28 
24: 1 22 25 34 
25: 9 24 26 
26: 25 29 39 
27: 6 7 11 23 30 
28: 5 19 23 
29: 9 26 31 
30: 4 7 14 27 
31: 9 29 34 42 
32: 13 14 38 
33: 2 5 43 
34: 24 31 36 
35: 3 4 44 
36: 8 18 34 37 
37: 15 36 39 42 
38: 12 14 19 32 
39: 26 37 40 
40: 10 39 42 
41: 16 19 20 
42: 31 37 40 
43: 4 12 33 
44: 7 35 
2