0: 1 3 10 17 20 22 34 
1: 0 5 22 31 
2: 3 31 39 43 
3: 0 2 25 34 36 
4: 39 43 44 
5: 1 20 23 29 31 32 36 
6: 7 11 37 
7: 6 8 13 33 
8: 7 9 27 30 
9: 8 11 21 
10: 0 26 34 35 
11: 6 9 12 38 
12: 11 13 16 19 22 
13: 7 12 14 
14: 13 16 18 24 
15: 17 20 22 29 32 
16: 12 14 18 
17: 0 15 32 35 44 
18: 14 16 19 
19: 12 18 21 
20: 0 5 15 23 34 43 44 
21: 9 19 24 40 
22: 0 1 12 15 43 
23: 5 20 26 31 32 34 44 
24: 14 21 27 
25: 3 29 31 32 35 
26: 10 23 43 
27: 8 24 28 
28: 27 30 41 42 
29: 5 15 25 31 
30: 8 28 33 
31: 1 2 5 23 25 29 34 
32: 5 15 17 23 25 39 
33: 7 30 37 
34: 0 3 10 20 23 31 35 
35: 10 17 25 34 44 
36: 3 5 43 
37: 6 33 38 
38: 11 37 40 42 
39: 2 4 32 41 44 
40: 21 38 41 
41: 28 39 40 42 
42: 28 38 41 
43: 2 4 20 22 26 36 
44: 4 17 20 23 35 39 
2