0: 2 
1: 16 28 30 
2: 0 3 15 
3: 2 5 32 
4: 10 17 19 22 
5: 3 6 21 33 40 
6: 5 9 11 37 41 
7: 10 17 26 35 44 
8: 12 18 26 
9: 6 11 38 
10: 4 7 12 14 18 26 
11: 6 9 15 
12: 8 10 16 42 
13: 18 35 42 
14: 10 20 26 28 
15: 2 11 21 27 42 
16: 1 12 24 44 
17: 4 7 20 24 41 42 44 
18: 8 10 13 30 35 
19: 4 24 28 42 
20: 14 17 43 
21: 5 15 23 25 
22: 4 29 44 
23: 21 25 31 36 
24: 16 17 19 
25: 21 23 27 
26: 7 8 10 14 28 43 
27: 15 25 31 
28: 1 14 19 26 30 
29: 22 42 43 
30: 1 18 28 
31: 23 27 32 
32: 3 31 33 34 
33: 5 32 34 
34: 32 33 36 39 
35: 7 13 18 
36: 23 34 37 41 
37: 6 36 38 
38: 9 37 39 
39: 34 38 40 
40: 5 39 41 
41: 6 17 36 40 
42: 12 13 15 17 19 29 
43: 20 26 29 
44: 7 16 17 22 
2