0: 3 
1: 10 27 28 29 38 
2: 19 22 42 
3: 0 5 26 
4: 20 28 40 42 43 
5: 3 6 7 16 
6: 5 7 11 37 44 
7: 5 6 8 13 30 
8: 7 9 17 25 
9: 8 11 41 44 
10: 1 29 33 36 43 
11: 6 9 12 
12: 11 13 39 
13: 7 12 14 
14: 13 16 17 32 
15: 33 35 38 40 
16: 5 14 17 
17: 8 14 16 24 
18: 21 22 27 30 31 33 43 
19: 2 23 30 35 
20: 4 23 40 43 
21: 18 29 30 31 33 42 
22: 2 18 27 28 31 35 38 
23: 19 20 35 38 
24: 17 25 34 
25: 8 24 26 
26: 3 25 32 
27: 1 18 22 28 29 42 
28: 1 4 22 27 42 
29: 1 10 21 27 30 36 42 
30: 7 18 19 21 29 31 
31: 18 21 22 30 43 
32: 14 26 34 
33: 10 15 18 21 34 36 38 
34: 24 32 33 37 
35: 15 19 22 23 
36: 10 29 33 
37: 6 34 39 
38: 1 15 22 23 33 39 
39: 12 37 38 41 
40: 4 15 20 42 
41: 9 39 44 
42: 2 4 21 27 28 29 40 
43: 4 10 18 20 31 
44: 6 9 41 
3