0: 1 
1: 0 2 8 44 
2: 1 3 33 38 
3: 2 8 34 
4: 14 20 21 23 24 40 
5: 6 10 29 
6: 5 31 43 
7: 21 25 31 
8: 1 3 9 41 
9: 8 12 13 19 28 36 37 
10: 5 18 26 
11: 16 29 35 
12: 9 13 15 
13: 9 12 15 30 
14: 4 21 23 31 
15: 12 13 17 
16: 11 26 40 
17: 15 19 32 36 
18: 10 22 23 25 31 39 
19: 9 17 22 27 
20: 4 22 35 
21: 4 7 14 24 26 29 42 
22: 18 19 20 29 
23: 4 14 18 35 
24: 4 21 39 40 
25: 7 18 26 33 39 
26: 10 16 21 25 43 
27: 19 28 38 
28: 9 27 30 44 
29: 5 11 21 22 
30: 13 28 32 35 
31: 6 7 14 18 
32: 17 30 33 
33: 2 25 32 34 
34: 3 33 36 
35: 11 20 23 30 
36: 9 17 34 37 
37: 9 36 38 
38: 2 27 37 41 
39: 18 24 25 
40: 4 16 24 42 
41: 8 38 44 
42: 21 40 43 
43: 6 26 42 
44: 1 28 41 
3