0: 11 15 20 
1: 3 
2: 9 14 21 25 
3: 1 4 17 27 36 
4: 3 7 35 
5: 11 14 19 21 
6: 20 22 33 38 
7: 4 8 23 43 
8: 7 12 35 
9: 2 11 37 38 
10: 22 32 
11: 0 5 9 14 16 21 
12: 8 17 34 39 
13: 18 32 37 38 40 
14: 2 5 11 18 29 
15: 0 16 20 40 
16: 11 15 38 
17: 3 12 23 24 30 
18: 13 14 21 
19: 5 22 25 32 
20: 0 6 15 
21: 2 5 11 18 25 
22: 6 10 19 25 
23: 7 17 24 
24: 17 23 26 33 
25: 2 19 21 22 
26: 24 27 38 43 
27: 3 26 28 
28: 27 30 43 
29: 14 37 40 
30: 17 28 31 
31: 30 34 38 44 
32: 10 13 19 33 
33: 6 24 32 38 
34: 12 31 35 
35: 4 8 34 36 
36: 3 35 39 42 
37: 9 13 29 
38: 6 9 13 16 26 31 33 
39: 12 36 41 
40: 13 15 29 
41: 39 42 44 
42: 36 41 43 
43: 7 26 28 42 44 
44: 31 41 43 
3