0: 3 16 
1: 5 23 39 41 
2: 8 23 27 37 39 
3: 0 7 15 18 
4: 6 25 30 35 43 44 
5: 1 37 41 44 
6: 4 21 27 36 
7: 3 9 20 
8: 2 22 25 28 30 35 
9: 7 10 14 20 41 
10: 9 11 42 
11: 10 12 19 31 
12: 11 13 17 
13: 12 14 42 
14: 9 13 15 
15: 3 14 17 
16: 0 21 25 36 43 44 
17: 12 15 18 
18: 3 17 20 33 
19: 11 25 37 41 43 
20: 7 9 18 24 38 
21: 6 16 27 29 37 
22: 8 23 28 
23: 1 2 22 35 36 
24: 20 26 40 
25: 4 8 16 19 27 28 36 
26: 24 31 42 
27: 2 6 21 25 35 39 
28: 8 22 25 35 39 41 
29: 21 
30: 4 8 37 43 
31: 11 26 32 
32: 31 33 34 
33: 18 32 34 
34: 32 33 38 
35: 4 8 23 27 28 39 
36: 6 16 23 25 44 
37: 2 5 19 21 30 
38: 20 34 40 
39: 1 2 27 28 35 43 
40: 24 38 42 
41: 1 5 9 19 28 
42: 10 13 26 40 
43: 4 16 19 30 39 
44: 4 5 16 36 
3