0: 3 
1: 19 30 35 43 
2: 16 23 43 
3: 0 4 8 
4: 3 6 9 29 40 
5: 26 30 38 41 
6: 4 7 8 
7: 6 8 12 39 
8: 3 6 7 9 
9: 4 8 10 
10: 9 12 33 34 
11: 13 15 16 19 
12: 7 10 14 17 
13: 11 25 40 
14: 12 17 21 
15: 11 35 
16: 2 11 25 38 
17: 12 14 21 
18: 25 38 43 
19: 1 11 44 
20: 34 37 40 44 
21: 14 17 22 31 40 
22: 21 24 29 36 42 
23: 2 25 40 
24: 22 29 32 
25: 13 16 18 23 
26: 5 27 28 40 
27: 26 43 44 
28: 26 38 41 
29: 4 22 24 31 
30: 1 5 37 
31: 21 29 32 
32: 24 31 33 
33: 10 32 34 
34: 10 20 33 36 
35: 1 15 37 43 
36: 22 34 39 42 
37: 20 30 35 
38: 5 16 18 28 
39: 7 36 42 
40: 4 13 20 21 23 26 41 
41: 5 28 40 
42: 22 36 39 
43: 1 2 18 27 35 
44: 19 20 27 
3