0: 2 4 18 22 
1: 8 16 25 31 36 
2: 0 7 15 16 25 36 44 
3: 5 
4: 0 22 27 35 43 
5: 3 10 22 41 43 
6: 7 9 18 20 25 39 44 
7: 2 6 19 20 29 
8: 1 27 29 35 36 
9: 6 18 31 
10: 5 11 30 
11: 10 12 26 34 
12: 11 13 17 21 28 
13: 12 14 28 33 
14: 13 17 24 
15: 2 19 31 36 39 
16: 1 2 25 44 
17: 12 14 21 
18: 0 6 9 19 36 
19: 7 15 18 20 25 39 
20: 6 7 19 22 29 39 
21: 12 17 24 
22: 0 4 5 20 23 27 36 
23: 22 27 35 
24: 14 21 26 
25: 1 2 6 16 19 39 
26: 11 24 28 
27: 4 8 22 23 
28: 12 13 26 30 
29: 7 8 20 
30: 10 28 32 
31: 1 9 15 
32: 30 33 42 
33: 13 32 34 
34: 11 33 37 
35: 4 8 23 39 
36: 1 2 8 15 18 22 41 
37: 34 38 40 
38: 37 40 43 
39: 6 15 19 20 25 35 
40: 37 38 41 
41: 5 36 40 42 
42: 32 41 43 
43: 4 5 38 42 
44: 2 6 16 
3