0: 2 20 
1: 11 26 27 34 36 
2: 0 4 41 
3: 11 14 17 32 
4: 2 5 8 12 13 21 25 
5: 4 6 10 17 38 41 
6: 5 8 9 
7: 17 29 32 40 42 
8: 4 6 9 31 
9: 6 8 10 
10: 5 9 12 
11: 1 3 14 27 34 
12: 4 10 13 
13: 4 12 20 
14: 3 11 16 18 35 
15: 17 19 27 33 34 
16: 14 29 30 42 44 
17: 3 5 7 15 19 32 
18: 14 28 30 35 36 44 
19: 15 17 35 40 43 
20: 0 13 21 
21: 4 20 22 
22: 21 23 24 
23: 22 24 33 
24: 22 23 25 42 
25: 4 24 31 37 
26: 1 29 43 
27: 1 11 15 29 
28: 18 43 44 
29: 7 16 26 27 34 
30: 16 18 40 
31: 8 25 33 
32: 3 7 17 40 
33: 15 23 31 37 
34: 1 11 15 29 
35: 14 18 19 43 
36: 1 18 42 43 
37: 25 33 38 39 
38: 5 37 39 
39: 37 38 41 
40: 7 19 30 32 43 44 
41: 2 5 39 
42: 7 16 24 36 
43: 19 26 28 35 36 40 
44: 16 18 28 40 
3