0: 1 30 
1: 0 3 21 37 39 
2: 8 16 30 
3: 1 5 11 15 
4: 14 17 24 36 
5: 3 6 27 
6: 5 9 35 42 44 
7: 20 30 36 41 
8: 2 25 29 
9: 6 11 12 23 
10: 38 
11: 3 9 12 
12: 9 11 15 
13: 16 31 33 
14: 4 22 28 
15: 3 12 18 
16: 2 13 28 
17: 4 24 43 
18: 15 19 40 
19: 18 21 39 
20: 7 22 33 
21: 1 19 23 
22: 14 20 30 
23: 9 21 26 44 
24: 4 17 25 
25: 8 24 34 38 41 
26: 23 27 40 
27: 5 26 35 
28: 14 16 29 31 
29: 8 28 33 41 
30: 0 2 7 22 
31: 13 28 32 38 
32: 31 34 43 
33: 13 20 29 41 
34: 25 32 43 
35: 6 27 36 
36: 4 7 35 37 40 
37: 1 36 39 
38: 10 25 31 
39: 1 19 37 40 
40: 18 26 36 39 42 
41: 7 25 29 33 
42: 6 40 44 
43: 17 32 34 
44: 6 23 42 
3