0: 1 42 
1: 0 2 18 21 40 
2: 1 4 10 16 
3: 16 27 35 43 
4: 2 5 12 
5: 4 9 12 24 36 41 44 
6: 13 35 38 43 
7: 14 19 22 23 
8: 22 29 
9: 5 10 26 31 34 
10: 2 9 12 
11: 14 29 30 38 
12: 4 5 10 18 20 
13: 6 14 16 20 
14: 7 11 13 15 25 30 34 
15: 14 17 37 39 
16: 2 3 13 25 27 43 
17: 15 23 28 
18: 1 12 20 44 
19: 7 22 23 
20: 12 13 18 21 
21: 1 20 24 32 
22: 7 8 19 
23: 7 17 19 27 38 
24: 5 21 26 
25: 14 16 28 37 43 
26: 9 24 31 
27: 3 16 23 30 35 37 
28: 17 25 39 
29: 8 11 37 
30: 11 14 27 38 
31: 9 26 32 33 
32: 21 31 33 
33: 31 32 34 
34: 9 14 33 36 
35: 3 6 27 38 39 
36: 5 34 40 
37: 15 25 27 29 
38: 6 11 23 30 35 
39: 15 28 35 
40: 1 36 41 
41: 5 40 42 
42: 0 41 44 
43: 3 6 16 25 
44: 5 18 42 
3