0: 1 14 
1: 0 2 7 36 42 
2: 1 3 35 
3: 2 4 28 44 
4: 3 7 29 42 
5: 12 19 35 38 39 
6: 8 9 30 40 
7: 1 4 14 
8: 6 9 37 
9: 6 8 13 26 
10: 11 26 30 
11: 10 18 19 32 
12: 5 19 43 
13: 9 20 37 
14: 0 7 15 24 
15: 14 16 35 37 
16: 15 17 35 
17: 16 21 44 
18: 11 27 31 
19: 5 11 12 31 
20: 13 23 32 
21: 17 22 25 41 
22: 21 24 33 
23: 20 27 30 34 40 
24: 14 22 25 
25: 21 24 28 
26: 9 10 40 
27: 18 23 37 
28: 3 25 29 40 
29: 4 28 33 
30: 6 10 23 43 
31: 18 19 32 
32: 11 20 31 
33: 22 29 35 
34: 23 39 40 
35: 2 5 15 16 33 36 
36: 1 35 41 
37: 8 13 15 27 
38: 5 39 43 
39: 5 34 38 
40: 6 23 26 28 34 
41: 21 36 42 
42: 1 4 41 44 
43: 12 30 38 
44: 3 17 42 
3