0: 20 22 27 39 42 43 
1: 4 7 22 34 35 39 
2: 12 22 24 27 33 43 
3: 5 
4: 1 12 30 36 
5: 3 6 13 15 23 30 
6: 5 8 11 29 
7: 1 10 17 20 21 42 43 
8: 6 9 16 38 
9: 8 11 18 23 
10: 7 17 20 33 42 
11: 6 9 13 17 
12: 2 4 33 34 39 40 
13: 5 11 14 
14: 13 16 25 44 
15: 5 20 24 39 
16: 8 14 18 44 
17: 7 10 11 27 40 43 
18: 9 16 19 41 
19: 18 23 31 
20: 0 7 10 15 24 
21: 7 27 34 
22: 0 1 2 34 36 
23: 5 9 19 25 
24: 2 15 20 35 36 
25: 14 23 26 
26: 25 28 29 37 
27: 0 2 17 21 30 
28: 26 29 32 
29: 6 26 28 31 
30: 4 5 27 34 36 39 
31: 19 29 32 
32: 28 31 37 
33: 2 10 12 35 42 
34: 1 12 21 22 30 39 
35: 1 24 33 36 39 
36: 4 22 24 30 35 40 
37: 26 32 38 
38: 8 37 41 
39: 0 1 12 15 30 34 35 
40: 12 17 36 
41: 18 38 44 
42: 0 7 10 33 
43: 0 2 7 17 
44: 14 16 41 
3