0: 1 43 
1: 0 2 19 34 37 
2: 1 6 24 
3: 4 11 30 
4: 3 30 41 
5: 10 25 32 39 41 
6: 2 8 29 
7: 12 20 31 
8: 6 9 13 18 36 
9: 8 13 31 42 
10: 5 31 33 
11: 3 16 17 21 22 
12: 7 14 17 25 30 38 44 
13: 8 9 15 
14: 12 20 30 33 36 
15: 13 18 37 
16: 11 20 22 31 
17: 11 12 32 39 44 
18: 8 15 19 
19: 1 18 23 
20: 7 14 16 44 
21: 11 41 44 
22: 11 16 27 
23: 19 24 28 
24: 2 23 26 
25: 5 12 38 
26: 24 28 29 43 
27: 22 
28: 23 26 29 
29: 6 26 28 34 44 
30: 3 4 12 14 
31: 7 9 10 16 
32: 5 17 33 39 
33: 10 14 32 38 
34: 1 29 35 
35: 34 36 40 
36: 8 14 35 37 
37: 1 15 36 40 
38: 12 25 33 39 
39: 5 17 32 38 
40: 35 37 42 
41: 4 5 21 
42: 9 40 43 
43: 0 26 42 
44: 12 17 20 21 29 
3