0: 4 15 32 
1: 10 23 24 27 36 
2: 5 8 9 10 23 24 34 
3: 17 23 37 40 
4: 0 6 21 
5: 2 8 27 34 35 
6: 4 7 11 26 38 
7: 6 11 22 44 
8: 2 5 13 14 24 27 34 
9: 2 14 23 31 
10: 1 2 13 18 33 34 
11: 6 7 12 
12: 11 15 22 30 
13: 8 10 31 33 36 
14: 8 9 23 43 
15: 0 12 16 
16: 15 19 22 
17: 3 18 36 
18: 10 17 24 25 29 40 
19: 16 20 28 
20: 19 21 35 
21: 4 20 22 
22: 7 12 16 21 25 
23: 1 2 3 9 14 29 40 
24: 1 2 8 18 
25: 18 22 26 44 
26: 6 25 28 39 42 
27: 1 5 8 36 37 
28: 19 26 30 
29: 18 23 40 42 
30: 12 28 32 
31: 9 13 37 41 
32: 0 30 35 
33: 10 13 43 
34: 2 5 8 10 37 41 
35: 5 20 32 38 
36: 1 13 17 27 43 
37: 3 27 31 34 41 
38: 6 35 39 
39: 26 38 42 
40: 3 18 23 29 
41: 31 34 37 
42: 26 29 39 44 
43: 14 33 36 
44: 7 25 42 
3