0: 5 18 34 39 42 43 
1: 11 13 19 38 39 
2: 4 7 40 44 
3: 18 23 26 33 
4: 2 6 9 25 
5: 0 10 11 28 42 
6: 4 7 16 30 
7: 2 6 8 
8: 7 9 36 
9: 4 8 12 15 20 22 31 
10: 5 13 23 35 44 
11: 1 5 17 18 26 38 39 
12: 9 15 44 
13: 1 10 18 32 41 
14: 17 33 35 39 43 
15: 9 12 16 
16: 6 15 20 29 
17: 11 14 35 38 
18: 0 3 11 13 19 32 42 
19: 1 18 24 28 
20: 9 16 21 27 41 
21: 20 22 37 
22: 9 21 25 
23: 3 10 26 33 43 
24: 19 32 33 37 
25: 4 22 27 
26: 3 11 23 34 35 
27: 20 25 29 
28: 5 19 43 
29: 16 27 30 
30: 6 29 31 
31: 9 30 36 
32: 13 18 24 34 
33: 3 14 23 24 
34: 0 26 32 35 
35: 10 14 17 26 34 
36: 8 31 37 
37: 21 24 36 40 
38: 1 11 17 
39: 0 1 11 14 
40: 2 37 41 
41: 13 20 40 44 
42: 0 5 18 
43: 0 14 23 28 
44: 2 10 12 41 
3