0: 1 21 36 
1: 0 7 22 26 41 
2: 9 10 21 23 35 
3: 14 24 37 41 
4: 5 8 9 10 14 21 28 
5: 4 8 31 33 36 37 43 
6: 10 21 37 41 43 
7: 1 11 13 30 
8: 4 5 9 31 35 
9: 2 4 8 24 31 
10: 2 4 6 36 
11: 7 12 32 40 
12: 11 13 20 
13: 7 12 15 17 
14: 3 4 16 23 37 39 
15: 13 17 25 44 
16: 14 24 28 33 35 37 
17: 13 15 18 
18: 17 19 20 34 
19: 18 20 22 
20: 12 18 19 22 
21: 0 2 4 6 28 
22: 1 19 20 25 
23: 2 14 28 33 36 39 
24: 3 9 16 
25: 15 22 26 44 
26: 1 25 29 
27: 33 
28: 4 16 21 23 33 35 
29: 26 30 38 
30: 7 29 32 42 
31: 5 8 9 41 
32: 11 30 34 
33: 5 16 23 27 28 36 37 
34: 18 32 38 
35: 2 8 16 28 43 
36: 0 5 10 23 33 
37: 3 5 6 14 16 33 41 
38: 29 34 40 
39: 14 23 43 
40: 11 38 42 
41: 1 3 6 31 37 
42: 30 40 44 
43: 5 6 35 39 
44: 15 25 42 
3