0: 3 12 
1: 9 33 36 
2: 14 17 43 
3: 0 11 14 32 41 
4: 6 8 14 27 36 43 
5: 13 23 25 38 40 
6: 4 8 13 36 
7: 27 29 38 
8: 4 6 10 17 29 
9: 1 25 29 38 44 
10: 8 13 14 23 
11: 3 12 18 
12: 0 11 15 20 26 38 
13: 5 6 10 22 
14: 2 3 4 10 40 44 
15: 12 16 19 31 
16: 15 18 34 
17: 2 8 22 25 
18: 11 16 19 
19: 15 18 20 
20: 12 19 21 
21: 20 24 35 37 39 
22: 13 17 33 40 
23: 5 10 27 33 
24: 21 26 30 
25: 5 9 17 44 
26: 12 24 28 
27: 4 7 23 29 40 
28: 26 30 42 
29: 7 8 9 27 
30: 24 28 31 40 
31: 15 30 32 42 
32: 3 31 34 
33: 1 22 23 
34: 16 32 35 
35: 21 34 37 
36: 1 4 6 43 44 
37: 21 35 39 
38: 5 7 9 12 
39: 21 37 41 
40: 5 14 22 27 30 
41: 3 39 42 
42: 28 31 41 
43: 2 4 36 44 
44: 9 14 25 36 43 
3