0: 2 
1: 3 13 25 
2: 0 7 32 
3: 1 21 41 
4: 6 8 37 
5: 13 22 36 
6: 4 26 39 
7: 2 9 28 30 
8: 4 16 42 
9: 7 10 19 
10: 9 11 20 31 35 
11: 10 14 44 
12: 17 
13: 1 5 39 
14: 11 18 38 
15: 17 36 41 
16: 8 24 25 39 42 
17: 12 15 26 
18: 14 19 23 
19: 9 18 20 29 41 
20: 10 19 23 33 
21: 3 35 36 40 
22: 5 26 41 
23: 18 20 27 
24: 16 37 40 
25: 1 16 29 
26: 6 17 22 36 40 
27: 23 28 34 
28: 7 27 30 
29: 19 25 40 41 42 
30: 7 28 31 
31: 10 30 32 43 
32: 2 31 33 
33: 20 32 34 
34: 27 33 35 
35: 10 21 34 38 44 
36: 5 15 21 26 37 
37: 4 24 36 41 
38: 14 35 43 
39: 6 13 16 
40: 21 24 26 29 
41: 3 15 19 22 29 37 
42: 8 16 29 
43: 31 38 44 
44: 11 35 43 
3