0: 2 
1: 3 7 10 15 36 37 44 
2: 0 6 13 23 31 
3: 1 4 12 30 32 
4: 3 7 29 43 44 
5: 30 36 38 42 
6: 2 8 28 
7: 1 4 10 11 22 32 43 
8: 6 13 35 
9: 10 12 15 38 43 
10: 1 7 9 17 26 36 44 
11: 7 12 30 32 44 
12: 3 9 11 28 29 44 
13: 2 8 14 
14: 13 18 21 27 
15: 1 9 17 26 37 43 
16: 22 26 30 37 38 
17: 10 15 36 
18: 14 19 24 
19: 18 20 34 39 40 41 
20: 19 21 30 33 
21: 14 20 23 
22: 7 16 30 43 
23: 2 21 24 
24: 18 23 25 32 41 
25: 24 27 33 
26: 10 15 16 38 44 
27: 14 25 28 
28: 6 12 27 31 
29: 4 12 38 42 
30: 3 5 11 16 20 22 
31: 2 28 33 
32: 3 7 11 24 
33: 20 25 31 34 
34: 19 33 35 
35: 8 34 39 
36: 1 5 10 17 43 
37: 1 15 16 38 
38: 5 9 16 26 29 37 
39: 19 35 40 
40: 19 39 41 
41: 19 24 40 
42: 5 29 43 
43: 4 7 9 15 22 36 42 
44: 1 4 10 11 12 26 
3