0: 1 39 
1: 0 4 15 19 
2: 23 26 39 43 
3: 22 25 35 39 41 
4: 1 7 15 
5: 6 18 20 23 
6: 5 8 25 37 
7: 4 9 16 
8: 6 12 20 37 44 
9: 7 10 31 32 
10: 9 11 30 42 
11: 10 13 42 
12: 8 17 21 41 
13: 11 15 17 
14: 21 22 36 40 
15: 1 4 13 16 27 29 35 
16: 7 15 17 
17: 12 13 16 19 28 
18: 5 24 34 44 
19: 1 17 27 
20: 5 8 21 
21: 12 14 20 22 23 37 
22: 3 14 21 23 24 43 
23: 2 5 21 22 
24: 18 22 25 37 
25: 3 6 24 
26: 2 36 43 
27: 15 19 28 
28: 17 27 29 
29: 15 28 30 
30: 10 29 31 
31: 9 30 32 
32: 9 31 33 38 
33: 32 35 42 
34: 18 36 39 40 
35: 3 15 33 38 
36: 14 26 34 43 
37: 6 8 21 24 41 
38: 32 35 42 
39: 0 2 3 34 40 
40: 14 34 39 
41: 3 12 37 
42: 10 11 33 38 
43: 2 22 26 36 
44: 8 18 
3