0: 5 32 
1: 4 11 24 
2: 4 8 18 29 33 
3: 4 20 32 
4: 1 2 3 29 35 
5: 0 9 17 40 
6: 11 17 39 
7: 11 13 39 43 
8: 2 17 21 27 35 
9: 5 10 12 15 42 
10: 9 12 30 37 
11: 1 6 7 18 32 38 43 
12: 9 10 14 44 
13: 7 20 27 
14: 12 15 16 22 36 
15: 9 14 16 23 26 28 
16: 14 15 22 
17: 5 6 8 32 
18: 2 11 21 39 
19: 43 
20: 3 13 24 
21: 8 18 24 
22: 14 16 23 
23: 15 22 25 
24: 1 20 21 27 33 
25: 23 26 34 
26: 15 25 28 41 
27: 8 13 24 30 43 
28: 15 26 30 
29: 2 4 38 
30: 10 27 28 31 
31: 30 34 37 
32: 0 3 11 17 
33: 2 24 43 
34: 25 31 36 
35: 4 8 38 
36: 14 34 37 44 
37: 10 31 36 40 
38: 11 29 35 39 43 
39: 6 7 18 38 
40: 5 37 41 
41: 26 40 42 
42: 9 41 44 
43: 7 11 19 27 33 38 
44: 12 36 42 
3