0: 7 8 26 29 35 43 44 
1: 2 9 13 15 29 40 
2: 1 12 14 
3: 5 6 27 29 41 
4: 8 22 40 
5: 3 6 11 17 
6: 3 5 9 
7: 0 8 10 16 32 
8: 0 4 7 22 44 
9: 1 6 11 23 
10: 7 15 16 24 29 
11: 5 9 17 
12: 2 16 19 35 
13: 1 14 26 
14: 2 13 19 29 
15: 1 10 25 32 
16: 7 10 12 22 
17: 5 11 18 
18: 17 20 23 
19: 12 14 26 32 43 
20: 18 21 38 
21: 20 23 37 
22: 4 8 16 32 
23: 9 18 21 27 28 
24: 10 25 35 
25: 15 24 35 
26: 0 13 19 35 
27: 3 23 28 33 
28: 23 27 30 36 42 
29: 0 1 3 10 14 40 43 
30: 28 31 34 
31: 30 33 39 
32: 7 15 19 22 
33: 27 31 34 
34: 30 33 36 42 
35: 0 12 24 25 26 39 43 
36: 28 34 37 
37: 21 36 38 
38: 20 37 39 40 
39: 31 35 38 41 
40: 1 4 29 38 
41: 3 39 42 
42: 28 34 41 
43: 0 19 29 35 44 
44: 0 8 43 
4