0: 4 7 20 
1: 2 
2: 1 5 6 9 15 
3: 17 28 39 
4: 0 32 42 
5: 2 6 36 
6: 2 5 8 
7: 0 29 
8: 6 9 19 22 
9: 2 8 11 40 
10: 26 31 36 42 
11: 9 15 23 
12: 30 31 33 
13: 17 25 34 43 
14: 20 29 30 
15: 2 11 16 44 
16: 15 18 24 25 
17: 3 13 32 
18: 16 19 36 
19: 8 18 21 26 
20: 0 14 26 39 43 
21: 19 22 27 35 
22: 8 21 23 
23: 11 22 24 
24: 16 23 25 
25: 13 16 24 27 37 
26: 10 19 20 28 
27: 21 25 35 44 
28: 3 26 34 39 43 
29: 7 14 32 
30: 12 14 38 
31: 10 12 33 34 38 
32: 4 17 29 38 
33: 12 31 41 
34: 13 28 31 
35: 21 27 36 39 
36: 5 10 18 35 37 
37: 25 36 40 
38: 30 31 32 
39: 3 20 28 35 41 
40: 9 37 44 
41: 33 39 42 
42: 4 10 41 
43: 13 20 28 
44: 15 27 40 
4