0: 1 24 41 
1: 0 3 10 13 
2: 16 17 32 36 42 
3: 1 9 14 
4: 11 21 29 31 
5: 11 13 43 
6: 8 18 20 32 40 
7: 16 18 29 36 
8: 6 23 27 32 38 
9: 3 10 27 33 
10: 1 9 12 30 37 40 
11: 4 5 17 36 40 
12: 10 14 28 34 39 
13: 1 5 18 36 43 
14: 3 12 15 19 
15: 14 19 22 
16: 2 7 27 43 
17: 2 11 20 31 
18: 6 7 13 20 
19: 14 15 22 
20: 6 17 18 21 38 42 
21: 4 20 38 
22: 15 19 24 
23: 8 26 32 42 
24: 0 22 25 
25: 24 26 44 
26: 23 25 28 39 
27: 8 9 16 32 36 
28: 12 26 30 
29: 4 7 31 36 
30: 10 28 33 
31: 4 17 29 
32: 2 6 8 23 27 
33: 9 30 34 
34: 12 33 35 
35: 34 37 39 44 
36: 2 7 11 13 27 29 43 
37: 10 35 39 
38: 8 20 21 40 
39: 12 26 35 37 41 
40: 6 10 11 38 
41: 0 39 44 
42: 2 20 23 
43: 5 13 16 36 
44: 25 35 41 
4