0: 13 14 30 31 36 38 
1: 2 7 12 
2: 1 3 8 9 
3: 2 4 16 
4: 3 5 34 43 
5: 4 7 17 
6: 11 12 16 19 27 
7: 1 5 8 18 
8: 2 7 10 28 
9: 2 13 24 31 
10: 8 12 16 
11: 6 21 26 27 29 32 37 
12: 1 6 10 15 43 
13: 0 9 22 37 
14: 0 21 26 29 37 
15: 12 16 39 41 
16: 3 6 10 15 17 
17: 5 16 18 
18: 7 17 25 33 44 
19: 6 23 24 31 
20: 21 23 26 29 30 35 44 
21: 11 14 20 22 
22: 13 21 26 30 31 35 
23: 19 20 31 35 
24: 9 19 26 29 38 
25: 18 28 34 
26: 11 14 20 22 24 32 44 
27: 6 11 44 
28: 8 25 33 
29: 11 14 20 24 31 35 36 
30: 0 20 22 38 
31: 0 9 19 22 23 29 
32: 11 26 36 
33: 18 28 34 42 
34: 4 25 33 39 40 
35: 20 22 23 29 38 
36: 0 29 32 38 
37: 11 13 14 
38: 0 24 30 35 36 
39: 15 34 40 
40: 34 39 41 
41: 15 40 42 
42: 33 41 43 
43: 4 12 42 
44: 18 20 26 27 
4