0: 1 6 
1: 0 2 23 
2: 1 3 20 
3: 2 5 10 
4: 13 21 28 
5: 3 6 26 
6: 0 5 7 36 
7: 6 10 11 
8: 18 21 32 
9: 21 32 38 
10: 3 7 11 
11: 7 10 13 15 24 27 30 
12: 25 35 41 
13: 4 11 19 29 34 
14: 23 29 33 35 38 42 
15: 11 16 20 
16: 15 20 37 43 
17: 19 21 28 38 44 
18: 8 25 32 35 38 
19: 13 17 22 32 33 
20: 2 15 16 23 39 
21: 4 8 9 17 41 
22: 19 33 35 38 
23: 1 14 20 24 
24: 11 23 26 
25: 12 18 41 44 
26: 5 24 27 35 
27: 11 26 30 
28: 4 17 42 
29: 13 14 31 44 
30: 11 27 36 40 
31: 29 42 
32: 8 9 18 19 
33: 14 19 22 41 
34: 13 35 41 44 
35: 12 14 18 22 26 34 41 
36: 6 30 37 
37: 16 36 39 43 
38: 9 14 17 18 22 
39: 20 37 40 42 
40: 30 39 43 
41: 12 21 25 33 34 35 
42: 14 28 31 39 
43: 16 37 40 
44: 17 25 29 34 
4