0: 14 26 37 43 
1: 4 12 28 37 39 
2: 6 8 9 24 26 32 42 
3: 5 7 
4: 1 34 37 39 
5: 3 7 40 
6: 2 24 30 34 
7: 3 5 10 12 36 
8: 2 9 16 35 
9: 2 8 19 38 43 
10: 7 11 18 
11: 10 12 29 
12: 1 7 11 13 
13: 12 17 41 
14: 0 15 16 24 26 30 39 
15: 14 19 21 34 37 
16: 8 14 26 32 37 
17: 13 18 20 44 
18: 10 17 20 
19: 9 15 30 31 35 43 
20: 17 18 22 
21: 15 26 35 39 
22: 20 23 25 42 
23: 22 25 33 
24: 2 6 14 38 
25: 22 23 27 
26: 0 2 14 16 21 35 
27: 25 29 40 
28: 1 34 43 
29: 11 27 33 44 
30: 6 14 19 
31: 19 
32: 2 16 34 43 
33: 23 29 36 
34: 4 6 15 28 32 
35: 8 19 21 26 
36: 7 33 38 
37: 0 1 4 15 16 39 
38: 9 24 36 40 42 
39: 1 4 14 21 37 
40: 5 27 38 41 
41: 13 40 42 
42: 2 22 38 41 44 
43: 0 9 19 28 32 
44: 17 29 42 
4