0: 4 21 23 25 32 
1: 18 31 41 
2: 3 
3: 2 5 16 28 42 
4: 0 9 11 12 21 32 38 
5: 3 7 20 37 
6: 12 15 35 40 41 
7: 5 8 10 
8: 7 10 17 35 
9: 4 12 13 18 27 31 40 
10: 7 8 14 
11: 4 15 38 41 44 
12: 4 6 9 13 17 21 
13: 9 12 38 
14: 10 16 43 
15: 6 11 35 41 44 
16: 3 14 17 22 
17: 8 12 16 20 
18: 1 9 25 31 
19: 29 32 35 44 
20: 5 17 22 26 33 36 
21: 0 4 12 
22: 16 20 24 
23: 0 29 36 40 
24: 22 26 30 39 
25: 0 18 31 41 
26: 20 24 28 
27: 9 29 41 
28: 3 26 30 43 
29: 19 23 27 32 
30: 24 28 33 
31: 1 9 18 25 40 41 
32: 0 4 19 29 36 44 
33: 20 30 34 
34: 33 36 39 
35: 6 8 15 19 
36: 20 23 32 34 37 
37: 5 36 39 
38: 4 11 13 
39: 24 34 37 42 
40: 6 9 23 31 
41: 1 6 11 15 25 27 31 
42: 3 39 43 
43: 14 28 42 
44: 11 15 19 32 
4