0: 2 
1: 4 7 24 25 39 
2: 0 3 13 32 43 
3: 2 5 8 38 
4: 1 16 22 29 
5: 3 8 11 
6: 18 20 23 28 31 39 
7: 1 20 23 28 
8: 3 5 9 19 26 35 
9: 8 10 34 
10: 9 11 14 
11: 5 10 13 
12: 31 39 44 
13: 2 11 14 
14: 10 13 17 25 
15: 25 28 30 40 
16: 4 25 40 
17: 14 18 33 43 
18: 6 17 19 22 41 
19: 8 18 22 
20: 6 7 39 40 44 
21: 27 30 36 
22: 4 18 19 26 
23: 6 7 25 36 42 
24: 1 25 39 42 
25: 1 14 15 16 23 24 
26: 8 22 32 
27: 21 31 37 
28: 6 7 15 
29: 4 37 40 
30: 15 21 36 42 
31: 6 12 27 42 
32: 2 26 33 
33: 17 32 34 42 
34: 9 33 35 
35: 8 34 38 
36: 21 23 30 40 44 
37: 27 29 42 
38: 3 35 41 
39: 1 6 12 20 24 40 
40: 15 16 20 29 36 39 
41: 18 38 43 
42: 23 24 30 31 33 37 
43: 2 17 41 
44: 12 20 36 
4