0: 9 10 25 42 
1: 8 33 42 44 
2: 3 11 14 15 29 33 39 
3: 2 13 15 44 
4: 5 
5: 4 7 14 43 
6: 19 25 32 40 42 
7: 5 12 24 26 31 
8: 1 10 25 29 37 
9: 0 29 37 39 
10: 0 8 23 33 39 
11: 2 13 19 29 37 
12: 7 14 21 38 
13: 3 11 19 26 
14: 2 5 12 16 
15: 2 3 29 32 40 41 
16: 14 17 21 30 34 43 
17: 16 18 22 27 36 
18: 17 20 35 
19: 6 11 13 
20: 18 21 36 
21: 12 16 20 22 
22: 17 21 24 
23: 10 26 
24: 7 22 27 
25: 0 6 8 32 37 
26: 7 13 23 44 
27: 17 24 28 
28: 27 30 41 
29: 2 8 9 11 15 37 40 
30: 16 28 31 
31: 7 30 34 
32: 6 15 25 38 42 
33: 1 2 10 37 39 
34: 16 31 35 
35: 18 34 36 
36: 17 20 35 38 
37: 8 9 11 25 29 33 42 
38: 12 32 36 41 
39: 2 9 10 33 42 
40: 6 15 29 
41: 15 28 38 43 
42: 0 1 6 32 37 39 
43: 5 16 41 
44: 1 3 26 
4