0: 9 10 43 
1: 3 26 41 
2: 16 23 28 43 
3: 1 9 19 
4: 19 26 40 
5: 33 36 41 
6: 7 
7: 6 8 31 33 
8: 7 11 29 
9: 0 3 19 25 38 
10: 0 14 25 28 
11: 8 12 15 26 
12: 11 13 22 
13: 12 15 17 24 44 
14: 10 16 21 36 40 41 
15: 11 13 17 
16: 2 14 41 
17: 13 15 18 
18: 17 20 29 
19: 3 4 9 34 35 41 
20: 18 21 31 
21: 14 20 22 42 
22: 12 21 24 
23: 2 33 34 35 
24: 13 22 27 
25: 9 10 36 
26: 1 4 11 38 
27: 24 29 30 
28: 2 10 35 
29: 8 18 27 30 
30: 27 29 31 37 39 
31: 7 20 30 32 
32: 31 37 44 
33: 5 7 23 40 
34: 19 23 43 
35: 19 23 28 38 
36: 5 14 25 39 43 
37: 30 32 39 
38: 9 26 35 41 
39: 30 36 37 42 
40: 4 14 33 
41: 1 5 14 16 19 38 
42: 21 39 44 
43: 0 2 34 36 
44: 13 32 42 
4