0: 10 33 40 
1: 3 7 
2: 33 42 44 
3: 1 5 16 
4: 13 26 38 43 
5: 3 6 8 16 27 
6: 5 7 36 
7: 1 6 8 30 
8: 5 7 11 14 
9: 17 25 43 
10: 0 14 17 40 42 
11: 8 12 22 
12: 11 15 41 
13: 4 18 35 38 
14: 8 10 17 26 40 42 
15: 12 16 19 39 42 
16: 3 5 15 18 19 
17: 9 10 14 18 44 
18: 13 16 17 24 
19: 15 16 20 
20: 19 21 23 32 
21: 20 22 36 
22: 11 21 23 
23: 20 22 28 
24: 18 
25: 9 29 35 40 
26: 4 14 27 
27: 5 26 29 37 
28: 23 30 31 41 
29: 25 27 34 37 43 44 
30: 7 28 31 
31: 28 30 32 
32: 20 31 36 
33: 0 2 34 
34: 29 33 37 42 
35: 13 25 38 
36: 6 21 32 39 
37: 27 29 34 38 
38: 4 13 35 37 
39: 15 36 41 
40: 0 10 14 25 
41: 12 28 39 
42: 2 10 14 15 34 
43: 4 9 29 
44: 2 17 29 
4