0: 35 36 42 
1: 10 13 35 36 
2: 3 27 28 38 
3: 2 5 15 
4: 6 12 17 22 32 
5: 3 8 14 29 44 
6: 4 9 12 43 
7: 17 23 25 26 
8: 5 9 11 
9: 6 8 11 18 40 
10: 1 16 22 31 32 41 
11: 8 9 14 
12: 4 6 16 20 
13: 1 16 32 42 
14: 5 11 15 22 
15: 3 14 18 37 41 
16: 10 12 13 17 20 
17: 4 7 16 35 
18: 9 15 21 
19: 22 26 41 
20: 12 16 26 41 43 
21: 18 24 40 
22: 4 10 14 19 31 33 
23: 7 36 41 
24: 21 27 44 
25: 7 35 42 43 
26: 7 19 20 31 35 41 
27: 2 24 28 
28: 2 27 29 30 
29: 5 28 30 33 
30: 28 29 33 
31: 10 22 26 35 43 
32: 4 10 13 42 
33: 22 29 30 34 39 
34: 33 37 40 
35: 0 1 17 25 26 31 
36: 0 1 23 41 
37: 15 34 38 
38: 2 37 39 
39: 33 38 40 
40: 9 21 34 39 44 
41: 10 15 19 20 23 26 36 
42: 0 13 25 32 
43: 6 20 25 31 
44: 5 24 40 
4