0: 1 
1: 0 3 40 
2: 18 28 31 
3: 1 4 11 
4: 3 11 37 39 
5: 6 8 16 28 
6: 5 25 41 
7: 10 13 26 28 35 
8: 5 9 23 29 
9: 8 23 25 
10: 7 16 25 
11: 3 4 12 
12: 11 17 30 44 
13: 7 23 28 34 
14: 22 23 25 
15: 18 27 28 
16: 5 10 27 
17: 12 19 26 
18: 2 15 25 29 
19: 17 20 26 
20: 19 26 38 44 
21: 22 25 28 
22: 14 21 41 
23: 8 9 13 14 24 25 
24: 23 27 31 35 
25: 6 9 10 14 18 21 23 
26: 7 17 19 20 29 42 
27: 15 16 24 
28: 2 5 7 13 15 21 41 
29: 8 18 26 30 33 
30: 12 29 31 32 
31: 2 24 30 35 
32: 30 33 44 
33: 29 32 36 43 
34: 13 
35: 7 24 31 
36: 33 37 40 
37: 4 36 38 
38: 20 37 39 
39: 4 38 40 
40: 1 36 39 42 
41: 6 22 28 
42: 26 40 43 
43: 33 42 44 
44: 12 20 32 43 
4