0: 26 35 36 44 
1: 12 26 30 
2: 3 4 
3: 2 4 7 11 23 38 
4: 2 3 6 37 
5: 8 15 26 35 
6: 4 7 41 
7: 3 6 10 17 
8: 5 18 29 44 
9: 14 18 34 36 38 
10: 7 11 24 25 
11: 3 10 16 
12: 1 13 34 44 
13: 12 35 40 43 
14: 9 15 29 34 
15: 5 14 30 
16: 11 17 32 38 39 
17: 7 16 19 40 
18: 8 9 28 
19: 17 21 39 
20: 36 38 40 
21: 19 23 42 
22: 29 35 40 
23: 3 21 24 28 
24: 10 23 25 31 
25: 10 24 27 
26: 0 1 5 
27: 25 31 33 
28: 18 23 34 44 
29: 8 14 22 34 
30: 1 15 43 
31: 24 27 32 
32: 16 31 33 42 
33: 27 32 37 
34: 9 12 14 28 29 35 
35: 0 5 13 22 34 38 
36: 0 9 20 44 
37: 4 33 39 
38: 3 9 16 20 35 
39: 16 19 37 41 
40: 13 17 20 22 
41: 6 39 42 
42: 21 32 41 
43: 13 30 
44: 0 8 12 28 36 
4