0: 2 8 21 44 
1: 7 9 10 13 42 
2: 0 5 9 33 34 41 
3: 10 13 15 24 
4: 6 33 37 40 
5: 2 9 13 22 32 
6: 4 11 18 20 31 
7: 1 15 21 41 
8: 0 15 22 29 34 42 
9: 1 2 5 24 40 
10: 1 3 24 26 34 40 
11: 6 12 16 
12: 11 14 16 
13: 1 3 5 21 22 41 
14: 12 16 25 
15: 3 7 8 42 43 
16: 11 12 14 18 
17: 35 41 
18: 6 16 19 
19: 18 20 28 31 
20: 6 19 23 
21: 0 7 13 42 43 
22: 5 8 13 34 43 
23: 20 25 39 
24: 3 9 10 26 
25: 14 23 27 44 
26: 10 24 41 
27: 25 28 30 39 
28: 19 27 30 
29: 8 32 40 
30: 27 28 31 38 
31: 6 19 30 33 35 
32: 5 29 34 42 
33: 2 4 31 35 
34: 2 8 10 22 32 
35: 17 31 33 36 
36: 35 37 44 
37: 4 36 38 
38: 30 37 39 
39: 23 27 38 44 
40: 4 9 10 29 43 
41: 2 7 13 17 26 
42: 1 8 15 21 32 
43: 15 21 22 40 
44: 0 25 36 39 
4