0: 1 43 
1: 0 2 33 40 
2: 1 4 16 
3: 22 24 26 35 41 
4: 2 6 20 39 44 
5: 9 31 38 
6: 4 10 17 
7: 19 26 30 44 
8: 11 12 19 
9: 5 27 30 32 
10: 6 14 25 28 
11: 8 31 41 
12: 8 13 31 41 
13: 12 24 42 
14: 10 15 20 
15: 14 16 36 
16: 2 15 17 35 
17: 6 16 18 34 37 
18: 17 20 23 32 43 
19: 7 8 24 
20: 4 14 18 23 
21: 22 27 32 
22: 3 21 29 
23: 18 20 25 
24: 3 13 19 
25: 10 23 28 
26: 3 7 41 
27: 9 21 38 
28: 10 25 33 
29: 22 42 
30: 7 9 35 
31: 5 11 12 36 
32: 9 18 21 42 
33: 1 28 34 
34: 17 33 36 
35: 3 16 30 44 
36: 15 31 34 37 
37: 17 36 39 
38: 5 27 44 
39: 4 37 40 
40: 1 39 43 
41: 3 11 12 26 42 
42: 13 29 32 41 
43: 0 18 40 
44: 4 7 35 38 
4