0: 1 6 
1: 0 4 5 22 23 30 
2: 9 10 21 30 35 39 44 
3: 5 15 35 37 
4: 1 15 30 44 
5: 1 3 9 15 26 33 44 
6: 0 8 13 
7: 10 17 22 37 42 
8: 6 11 34 
9: 2 5 18 
10: 2 7 21 23 26 30 
11: 8 12 20 25 28 
12: 11 13 38 
13: 6 12 16 24 
14: 18 22 30 35 
15: 3 4 5 23 26 37 42 
16: 13 19 29 40 
17: 7 21 37 
18: 9 14 30 44 
19: 16 20 27 33 
20: 11 19 24 
21: 2 10 17 27 37 44 
22: 1 7 14 33 39 
23: 1 10 15 26 35 
24: 13 20 25 
25: 11 24 27 33 
26: 5 10 15 23 
27: 19 21 25 28 
28: 11 27 29 43 
29: 16 28 31 32 43 
30: 1 2 4 10 14 18 37 
31: 29 32 41 
32: 29 31 34 
33: 5 19 22 25 42 
34: 8 32 36 
35: 2 3 14 23 37 
36: 34 38 41 
37: 3 7 15 17 21 30 35 
38: 12 36 40 
39: 2 22 42 
40: 16 38 41 
41: 31 36 40 43 
42: 7 15 33 39 
43: 28 29 41 
44: 2 4 5 18 21 
4