0: 1 15 29 
1: 0 8 16 30 
2: 3 
3: 2 9 16 23 
4: 14 17 28 
5: 6 7 8 17 36 
6: 5 12 16 17 19 29 37 
7: 5 8 36 
8: 1 5 7 9 28 
9: 3 8 10 24 26 33 
10: 9 11 19 40 
11: 10 13 44 
12: 6 15 21 34 
13: 11 18 40 
14: 4 21 25 28 
15: 0 12 25 29 35 
16: 1 3 6 21 29 
17: 4 5 6 30 
18: 13 20 32 37 44 
19: 6 10 28 31 
20: 18 22 27 
21: 12 14 16 
22: 20 23 38 41 
23: 3 22 24 39 
24: 9 23 26 
25: 14 15 31 34 
26: 9 24 27 
27: 20 26 32 
28: 4 8 14 19 
29: 0 6 15 16 42 
30: 1 17 34 
31: 19 25 35 
32: 18 27 33 
33: 9 32 37 
34: 12 25 30 
35: 15 31 42 
36: 5 7 42 
37: 6 18 33 38 43 
38: 22 37 39 
39: 23 38 40 
40: 10 13 39 41 
41: 22 40 43 
42: 29 35 36 
43: 37 41 44 
44: 11 18 43 
4