0: 2 3 13 40 
1: 12 27 39 
2: 0 3 16 33 
3: 0 2 4 9 
4: 3 7 41 
5: 8 17 19 35 44 
6: 8 19 25 33 35 38 
7: 4 9 10 
8: 5 6 14 15 17 35 42 
9: 3 7 10 
10: 7 9 11 
11: 10 16 32 
12: 1 28 33 
13: 0 35 39 43 44 
14: 8 30 38 
15: 8 20 30 35 38 
16: 2 11 21 
17: 5 8 18 25 
18: 17 33 42 
19: 5 6 43 
20: 15 27 38 43 
21: 16 22 23 31 
22: 21 23 24 26 36 
23: 21 22 24 
24: 22 23 26 29 42 
25: 6 17 43 44 
26: 22 24 29 
27: 1 20 28 
28: 12 27 33 38 
29: 24 26 31 
30: 14 15 35 39 
31: 21 29 32 
32: 11 31 34 41 
33: 2 6 12 18 28 
34: 32 36 37 
35: 5 6 8 13 15 30 40 
36: 22 34 37 
37: 34 36 40 
38: 6 14 15 20 28 
39: 1 13 30 
40: 0 35 37 41 
41: 4 32 40 
42: 8 18 24 43 
43: 13 19 20 25 42 
44: 5 13 25 
4