0: 3 8 39 
1: 18 19 29 34 37 
2: 28 41 42 44 
3: 0 4 7 14 15 33 
4: 3 5 6 
5: 4 6 23 
6: 4 5 7 10 
7: 3 6 8 20 
8: 0 7 9 
9: 8 10 11 
10: 6 9 11 
11: 9 10 13 38 
12: 16 33 40 
13: 11 14 25 32 41 
14: 3 13 15 17 39 
15: 3 14 20 
16: 12 17 36 41 
17: 14 16 22 24 
18: 1 24 33 
19: 1 34 37 
20: 7 15 21 31 
21: 20 23 26 
22: 17 29 43 
23: 5 21 25 27 
24: 17 18 30 35 41 
25: 13 23 26 
26: 21 25 27 
27: 23 26 31 
28: 2 40 43 44 
29: 1 22 33 37 
30: 24 35 38 44 
31: 20 27 32 
32: 13 31 39 
33: 3 12 18 29 42 
34: 1 19 35 42 
35: 24 30 34 43 
36: 16 41 43 44 
37: 1 19 29 44 
38: 11 30 
39: 0 14 32 
40: 12 28 43 
41: 2 13 16 24 36 
42: 2 33 34 
43: 22 28 35 36 40 
44: 2 28 30 36 37 
4