0: 4 16 29 
1: 3 8 10 17 19 34 
2: 3 10 37 
3: 1 2 7 9 28 36 
4: 0 9 14 
5: 6 17 35 39 44 
6: 5 12 19 36 
7: 3 27 34 39 
8: 1 19 35 37 
9: 3 4 11 22 31 38 41 
10: 1 2 17 21 44 
11: 9 13 32 43 
12: 6 24 36 41 
13: 11 14 15 
14: 4 13 15 43 
15: 13 14 16 20 
16: 0 15 18 
17: 1 5 10 19 34 
18: 16 20 23 42 
19: 1 6 8 17 25 28 
20: 15 18 22 25 
21: 10 25 26 44 
22: 9 20 23 
23: 18 22 29 30 
24: 12 27 28 
25: 19 20 21 26 
26: 21 25 34 35 
27: 7 24 36 39 
28: 3 19 24 44 
29: 0 23 30 
30: 23 29 31 
31: 9 30 32 
32: 11 31 33 
33: 32 35 38 40 
34: 1 7 17 26 
35: 5 8 26 33 39 44 
36: 3 6 12 27 44 
37: 2 8 39 41 
38: 9 33 40 
39: 5 7 27 35 37 
40: 33 38 41 
41: 9 12 37 40 42 
42: 18 41 43 
43: 11 14 42 
44: 5 10 21 28 35 36 
5