0: 1 2 13 15 
1: 0 2 27 
2: 0 1 3 5 39 40 
3: 2 6 24 
4: 25 29 35 38 
5: 2 11 18 26 34 
6: 3 12 28 
7: 34 37 42 
8: 9 10 14 17 38 42 
9: 8 25 28 29 30 
10: 8 29 30 36 
11: 5 22 29 34 36 43 
12: 6 13 16 21 31 
13: 0 12 15 
14: 8 36 41 42 43 
15: 0 13 16 
16: 12 15 19 
17: 8 26 30 42 
18: 5 29 34 38 41 
19: 16 20 44 
20: 19 21 33 
21: 12 20 23 
22: 11 26 34 42 
23: 21 24 44 
24: 3 23 27 
25: 4 9 30 41 42 
26: 5 17 22 36 38 
27: 1 24 28 32 
28: 6 9 27 31 
29: 4 9 10 11 18 
30: 9 10 17 25 42 44 
31: 12 28 32 
32: 27 31 33 36 
33: 20 32 39 
34: 5 7 11 18 22 35 43 
35: 4 34 43 
36: 10 11 14 26 32 
37: 7 38 43 
38: 4 8 18 26 37 
39: 2 33 40 
40: 2 39 41 44 
41: 14 18 25 40 
42: 7 8 14 17 22 25 30 
43: 11 14 34 35 37 
44: 19 23 30 40 
5