0: 1 42 
1: 0 2 7 35 
2: 1 4 32 37 
3: 11 21 26 
4: 2 13 20 38 44 
5: 14 17 27 43 
6: 10 14 15 33 36 
7: 1 9 11 12 21 26 
8: 19 27 30 34 
9: 7 14 17 21 27 
10: 6 11 14 17 
11: 3 7 10 19 
12: 7 34 36 
13: 4 16 33 40 
14: 5 6 9 10 33 
15: 6 31 34 
16: 13 18 25 
17: 5 9 10 
18: 16 20 28 41 
19: 8 11 21 25 29 36 43 
20: 4 18 22 
21: 3 7 9 19 27 
22: 20 23 24 
23: 22 24 35 44 
24: 22 23 25 
25: 16 19 24 28 
26: 3 7 39 
27: 5 8 9 21 43 
28: 18 25 30 
29: 19 33 36 39 
30: 8 28 32 40 
31: 15 
32: 2 30 35 
33: 6 13 14 29 
34: 8 12 15 
35: 1 23 32 37 
36: 6 12 19 29 
37: 2 35 38 
38: 4 37 40 
39: 26 29 40 43 
40: 13 30 38 39 41 
41: 18 40 42 
42: 0 41 44 
43: 5 19 27 39 
44: 4 23 42 
5