0: 13 21 24 32 
1: 2 38 
2: 1 5 42 
3: 26 29 37 
4: 27 34 36 40 
5: 2 6 25 44 
6: 5 7 31 
7: 6 8 31 
8: 7 11 32 
9: 20 26 28 40 
10: 13 34 40 
11: 8 12 19 22 
12: 11 14 31 34 
13: 0 10 28 
14: 12 15 32 
15: 14 16 41 
16: 15 17 23 
17: 16 19 23 
18: 24 26 28 35 39 
19: 11 17 20 22 
20: 9 19 34 35 39 
21: 0 35 36 37 38 
22: 11 19 23 
23: 16 17 22 25 
24: 0 18 36 38 
25: 5 23 31 
26: 3 9 18 35 
27: 4 30 39 41 
28: 9 13 18 30 
29: 3 30 38 40 
30: 27 28 29 
31: 6 7 12 25 32 
32: 0 8 14 31 33 
33: 32 41 44 
34: 4 10 12 20 43 
35: 18 20 21 26 
36: 4 21 24 
37: 3 21 43 
38: 1 21 24 29 
39: 18 20 27 43 
40: 4 9 10 29 
41: 15 27 33 42 
42: 2 41 44 
43: 34 37 39 
44: 5 33 42 
5