0: 10 16 20 39 
1: 6 8 41 
2: 3 44 
3: 2 4 5 
4: 3 5 23 
5: 3 4 7 27 38 
6: 1 22 42 
7: 5 9 12 32 
8: 1 10 20 40 
9: 7 11 35 
10: 0 8 18 41 42 
11: 9 12 26 30 36 
12: 7 11 13 20 
13: 12 14 33 
14: 13 19 35 44 
15: 18 27 28 39 
16: 0 17 18 31 36 40 
17: 16 27 29 40 42 
18: 10 15 16 24 27 
19: 14 23 35 
20: 0 8 12 21 31 41 42 
21: 20 40 41 
22: 6 28 34 
23: 4 19 25 40 
24: 18 29 30 40 
25: 23 26 36 
26: 11 25 32 
27: 5 15 17 18 30 
28: 15 22 29 34 39 
29: 17 24 28 41 
30: 11 24 27 34 
31: 16 20 41 
32: 7 26 33 
33: 13 32 35 
34: 22 28 30 39 
35: 9 14 19 33 36 
36: 11 16 25 35 37 
37: 36 38 43 
38: 5 37 43 
39: 0 15 28 34 
40: 8 16 17 21 23 24 
41: 1 10 20 21 29 31 
42: 6 10 17 20 
43: 37 38 44 
44: 2 14 43 
5