0: 1 13 17 20 
1: 0 7 9 11 15 32 
2: 9 21 23 24 25 37 
3: 7 16 25 
4: 5 30 33 
5: 4 6 12 
6: 5 8 13 18 
7: 1 3 19 35 37 
8: 6 12 31 
9: 1 2 13 17 19 32 44 
10: 13 19 20 25 36 
11: 1 13 17 25 44 
12: 5 8 14 26 29 
13: 0 6 9 10 11 19 32 
14: 12 18 39 
15: 1 16 24 32 40 
16: 3 15 32 36 
17: 0 9 11 23 35 
18: 6 14 21 22 27 42 
19: 7 9 10 13 21 37 
20: 0 10 24 34 44 
21: 2 18 19 22 39 43 
22: 18 21 26 
23: 2 17 
24: 2 15 20 36 37 
25: 2 3 10 11 
26: 12 22 27 
27: 18 26 28 
28: 27 29 34 
29: 12 28 30 
30: 4 29 31 43 
31: 8 30 33 38 
32: 1 9 13 15 16 
33: 4 31 34 40 
34: 20 28 33 38 41 
35: 7 17 40 
36: 10 16 24 37 40 
37: 2 7 19 24 36 40 44 
38: 31 34 39 
39: 14 21 38 41 
40: 15 33 35 36 37 
41: 34 39 42 
42: 18 41 43 
43: 21 30 42 
44: 9 11 20 37 
5