0: 2 16 17 23 27 32 37 
1: 2 5 
2: 0 1 8 11 25 
3: 10 15 30 
4: 6 9 23 38 39 
5: 1 6 17 21 28 30 33 
6: 4 5 7 14 17 23 39 
7: 6 14 21 39 
8: 2 11 41 
9: 4 31 37 39 
10: 3 16 32 39 
11: 2 8 12 26 
12: 11 13 24 33 42 
13: 12 18 44 
14: 6 7 38 
15: 3 21 28 38 
16: 0 10 20 28 30 33 
17: 0 5 6 20 28 
18: 13 19 29 35 36 
19: 18 22 34 
20: 16 17 33 
21: 5 7 15 
22: 19 24 25 27 
23: 0 4 6 33 
24: 12 22 25 37 
25: 2 22 24 26 
26: 11 25 27 
27: 0 22 26 29 
28: 5 15 16 17 31 37 
29: 18 27 34 
30: 3 5 16 31 39 
31: 9 28 30 37 38 
32: 0 10 33 
33: 5 12 16 20 23 32 
34: 19 29 35 
35: 18 34 36 
36: 18 35 40 
37: 0 9 24 28 31 38 
38: 4 14 15 31 37 39 
39: 4 6 7 9 10 30 38 
40: 36 41 43 44 
41: 8 40 42 
42: 12 41 43 
43: 40 42 44 
44: 13 40 43 
5