0: 1 19 
1: 0 2 29 31 37 
2: 1 3 7 20 39 
3: 2 7 20 21 
4: 8 15 38 
5: 16 26 42 
6: 16 22 24 
7: 2 3 9 13 
8: 4 12 18 21 35 
9: 7 10 14 
10: 9 13 24 43 
11: 12 26 33 38 
12: 8 11 24 
13: 7 10 14 17 
14: 9 13 17 
15: 4 18 32 
16: 5 6 32 
17: 13 14 19 
18: 8 15 44 
19: 0 17 20 
20: 2 3 19 21 28 
21: 3 8 20 25 
22: 6 34 44 
23: 27 32 33 
24: 6 10 12 42 
25: 21 28 31 
26: 5 11 33 39 
27: 23 34 44 
28: 20 25 29 41 
29: 1 28 30 36 
30: 29 31 40 
31: 1 25 30 36 
32: 15 16 23 35 37 
33: 11 23 26 37 
34: 22 27 39 
35: 8 32 38 
36: 29 31 40 
37: 1 32 33 39 
38: 4 11 35 40 42 
39: 2 26 34 37 
40: 30 36 38 41 43 
41: 28 40 43 
42: 5 24 38 
43: 10 40 41 
44: 18 22 27 
5