0: 2 
1: 20 22 26 34 37 
2: 0 3 28 38 
3: 2 4 24 25 33 
4: 3 6 21 
5: 19 
6: 4 9 21 
7: 16 39 40 
8: 16 37 39 40 
9: 6 11 32 
10: 13 14 15 22 31 40 
11: 9 12 17 
12: 11 17 29 
13: 10 14 22 40 
14: 10 13 37 
15: 10 26 31 33 
16: 7 8 23 37 
17: 11 12 18 27 41 
18: 17 21 29 33 
19: 5 25 35 36 
20: 1 37 43 
21: 4 6 18 24 
22: 1 10 13 23 44 
23: 16 22 43 
24: 3 21 25 
25: 3 19 24 27 30 44 
26: 1 15 31 33 36 
27: 17 25 28 42 
28: 2 27 29 44 
29: 12 18 28 30 39 
30: 25 29 32 
31: 10 15 26 37 
32: 9 30 38 
33: 3 15 18 26 35 40 
34: 1 39 43 
35: 19 33 36 
36: 19 26 35 
37: 1 8 14 16 20 31 
38: 2 32 41 
39: 7 8 29 34 
40: 7 8 10 13 33 
41: 17 38 42 
42: 27 41 44 
43: 20 23 34 
44: 22 25 28 42 
5