0: 3 
1: 2 14 32 37 
2: 1 7 8 25 28 33 
3: 0 4 24 
4: 3 6 30 41 
5: 8 14 23 28 41 44 
6: 4 11 31 39 
7: 2 13 16 33 38 
8: 2 5 31 33 
9: 10 13 20 27 28 
10: 9 17 27 32 
11: 6 12 29 
12: 11 15 20 22 
13: 7 9 28 34 
14: 1 5 41 
15: 12 18 36 
16: 7 20 34 
17: 10 27 37 41 44 
18: 15 19 30 
19: 18 21 40 
20: 9 12 16 32 34 
21: 19 22 26 
22: 12 21 23 
23: 5 22 24 35 43 
24: 3 23 26 43 
25: 2 31 44 
26: 21 24 29 
27: 9 10 17 38 
28: 2 5 9 13 34 37 38 
29: 11 26 30 
30: 4 18 29 35 37 
31: 6 8 25 37 44 
32: 1 10 20 
33: 2 7 8 
34: 13 16 20 28 
35: 23 30 36 
36: 15 35 39 
37: 1 17 28 30 31 
38: 7 27 28 
39: 6 36 40 42 
40: 19 39 42 
41: 4 5 14 17 
42: 39 40 43 
43: 23 24 42 
44: 5 17 25 31 
5