0: 1 
1: 0 2 21 
2: 1 5 38 41 
3: 6 25 31 36 40 42 
4: 6 8 9 14 27 28 
5: 2 7 10 21 23 34 
6: 3 4 23 25 31 32 
7: 5 10 26 39 
8: 4 13 22 24 25 40 44 
9: 4 13 17 24 31 32 
10: 5 7 11 
11: 10 15 16 30 
12: 13 19 44 
13: 8 9 12 28 
14: 4 32 40 
15: 11 20 21 22 
16: 11 17 42 44 
17: 9 16 18 44 
18: 17 25 31 
19: 12 24 31 
20: 15 21 30 
21: 1 5 15 20 23 29 
22: 8 15 27 42 
23: 5 6 21 26 35 
24: 8 9 19 28 43 
25: 3 6 8 18 27 
26: 7 23 29 
27: 4 22 25 36 
28: 4 13 24 36 
29: 21 26 30 
30: 11 20 29 33 
31: 3 6 9 18 19 
32: 6 9 14 
33: 30 34 43 
34: 5 33 35 
35: 23 34 37 
36: 3 27 28 40 
37: 35 38 43 
38: 2 37 39 
39: 7 38 41 
40: 3 8 14 36 
41: 2 39 43 44 
42: 3 16 22 
43: 24 33 37 41 
44: 8 12 16 17 41 
5