0: 4 8 11 21 
1: 2 
2: 1 10 25 34 43 
3: 4 6 8 37 
4: 0 3 13 
5: 8 24 33 38 39 
6: 3 7 44 
7: 6 22 31 
8: 0 3 5 40 
9: 22 25 31 35 
10: 2 12 14 19 23 
11: 0 25 29 31 40 
12: 10 14 18 21 27 28 
13: 4 24 31 
14: 10 12 15 26 
15: 14 16 39 
16: 15 17 30 39 
17: 16 18 36 
18: 12 17 19 
19: 10 18 21 32 
20: 24 44 
21: 0 12 19 23 
22: 7 9 42 
23: 10 21 26 
24: 5 13 20 29 38 
25: 2 9 11 38 
26: 14 23 27 42 
27: 12 26 28 
28: 12 27 30 
29: 11 24 42 
30: 16 28 32 33 
31: 7 9 11 13 
32: 19 30 33 
33: 5 30 32 34 43 
34: 2 33 36 
35: 9 41 44 
36: 17 34 39 
37: 3 41 42 
38: 5 24 25 
39: 5 15 16 36 43 
40: 8 11 41 44 
41: 35 37 40 
42: 22 26 29 37 
43: 2 33 39 
44: 6 20 35 40 
5