0: 5 28 30 
1: 4 19 27 29 
2: 3 
3: 2 7 8 33 
4: 1 22 28 
5: 0 20 40 44 
6: 28 36 41 42 
7: 3 8 9 17 
8: 3 7 9 
9: 7 8 10 31 
10: 9 11 19 39 
11: 10 13 32 
12: 18 20 29 
13: 11 14 21 
14: 13 15 16 35 
15: 14 25 36 40 
16: 14 17 18 39 
17: 7 16 21 38 
18: 12 16 29 36 44 
19: 1 10 22 29 42 
20: 5 12 23 26 44 
21: 13 17 24 25 
22: 4 19 23 27 42 
23: 20 22 30 
24: 21 31 39 43 
25: 15 21 
26: 20 30 41 
27: 1 22 29 
28: 0 4 6 
29: 1 12 18 19 27 40 41 
30: 0 23 26 41 
31: 9 24 32 41 
32: 11 31 33 37 43 
33: 3 32 34 
34: 33 35 39 
35: 14 34 37 
36: 6 15 18 
37: 32 35 38 
38: 17 37 39 
39: 10 16 24 34 38 43 
40: 5 15 29 
41: 6 26 29 30 31 
42: 6 19 22 
43: 24 32 39 
44: 5 18 20 
5