0: 2 5 16 31 
1: 5 16 31 40 
2: 0 13 25 26 35 
3: 4 15 
4: 3 6 17 23 
5: 0 1 6 18 36 
6: 4 5 7 42 44 
7: 6 8 10 38 
8: 7 9 20 27 
9: 8 10 28 29 
10: 7 9 14 21 22 
11: 18 33 40 44 
12: 25 34 35 
13: 2 27 31 34 41 
14: 10 15 20 
15: 3 14 17 
16: 0 1 29 30 
17: 4 15 20 43 
18: 5 11 19 
19: 18 27 40 
20: 8 14 17 21 
21: 10 20 22 
22: 10 21 23 
23: 4 22 24 
24: 23 28 37 
25: 2 12 30 
26: 2 36 41 
27: 8 13 19 30 33 41 
28: 9 24 29 
29: 9 16 28 30 37 
30: 16 25 27 29 
31: 0 1 13 
32: 33 34 35 
33: 11 27 32 
34: 12 13 32 
35: 2 12 32 
36: 5 26 44 
37: 24 29 38 
38: 7 37 39 
39: 38 42 43 
40: 1 11 19 44 
41: 13 26 27 
42: 6 39 43 
43: 17 39 42 
44: 6 11 36 40 
5