0: 1 
1: 0 2 11 36 41 
2: 1 4 26 
3: 6 13 16 21 42 
4: 2 5 12 
5: 4 7 10 
6: 3 18 34 44 
7: 5 9 31 
8: 14 20 35 41 42 
9: 7 10 17 28 
10: 5 9 11 44 
11: 1 10 12 
12: 4 11 17 
13: 3 35 39 
14: 8 21 23 
15: 20 22 35 
16: 3 24 29 
17: 9 12 25 
18: 6 41 42 
19: 33 35 37 
20: 8 15 34 36 
21: 3 14 41 
22: 15 23 37 
23: 14 22 37 
24: 16 39 41 
25: 17 26 43 
26: 2 25 27 
27: 26 28 31 40 
28: 9 27 29 30 42 
29: 16 28 
30: 28 31 38 
31: 7 27 30 36 
32: 34 35 41 42 
33: 19 34 35 39 
34: 6 20 32 33 
35: 8 13 15 19 32 33 
36: 1 20 31 38 
37: 19 22 23 
38: 30 36 40 
39: 13 24 33 
40: 27 38 43 44 
41: 1 8 18 21 24 32 
42: 3 8 18 28 32 
43: 25 40 44 
44: 6 10 40 43 
5