0: 6 10 34 
1: 16 37 
2: 11 14 28 43 
3: 11 21 33 37 41 
4: 17 22 26 31 43 
5: 29 37 43 
6: 0 8 25 27 
7: 10 26 29 31 41 
8: 6 9 15 20 
9: 8 15 23 32 
10: 0 7 12 21 26 37 
11: 2 3 12 14 21 41 
12: 10 11 13 22 25 31 
13: 12 14 22 33 
14: 2 11 13 25 29 35 41 
15: 8 9 17 18 40 42 
16: 1 28 29 35 
17: 4 15 18 38 
18: 15 17 19 
19: 18 20 23 44 
20: 8 19 23 
21: 3 10 11 29 35 37 
22: 4 12 13 31 43 
23: 9 19 20 24 43 
24: 23 25 30 
25: 6 12 14 24 27 39 
26: 4 7 10 28 
27: 6 25 30 
28: 2 16 26 35 
29: 5 7 14 16 21 33 41 
30: 24 27 32 
31: 4 7 12 22 
32: 9 30 34 36 
33: 3 13 29 
34: 0 32 36 
35: 14 16 21 28 41 
36: 32 34 38 
37: 1 3 5 10 21 
38: 17 36 39 44 
39: 25 38 40 
40: 15 39 42 
41: 3 7 11 14 29 35 
42: 15 40 44 
43: 2 4 5 22 23 
44: 19 38 42 
5