0: 1 2 7 15 
1: 0 2 10 
2: 0 1 6 15 33 
3: 5 12 38 
4: 15 16 35 37 38 
5: 3 8 21 43 
6: 2 7 17 28 
7: 0 6 9 13 34 
8: 5 21 28 33 43 
9: 7 10 28 
10: 1 9 13 26 
11: 21 33 35 40 
12: 3 14 30 
13: 7 10 17 44 
14: 12 15 43 
15: 0 2 4 14 37 
16: 4 30 33 
17: 6 13 18 27 
18: 17 20 42 
19: 25 35 36 
20: 18 22 23 28 
21: 5 8 11 31 39 
22: 20 23 24 41 
23: 20 22 24 
24: 22 23 26 
25: 19 
26: 10 24 27 
27: 17 26 28 
28: 6 8 9 20 27 32 
29: 31 37 39 
30: 12 16 38 
31: 21 29 40 
32: 28 34 36 44 
33: 2 8 11 16 
34: 7 32 41 
35: 4 11 19 39 
36: 19 32 38 43 
37: 4 15 29 
38: 3 4 30 36 40 
39: 21 29 35 
40: 11 31 38 
41: 22 34 42 
42: 18 41 44 
43: 5 8 14 36 
44: 13 32 42 
5