0: 4 21 28 30 44 
1: 10 11 28 32 
2: 7 10 19 31 34 37 
3: 11 18 27 37 
4: 0 5 26 
5: 4 6 9 23 24 
6: 5 8 14 36 41 
7: 2 9 10 15 39 
8: 6 13 16 38 
9: 5 7 25 32 35 
10: 1 2 7 17 20 35 
11: 1 3 17 18 20 34 42 
12: 19 31 39 
13: 8 14 22 24 
14: 6 13 16 
15: 7 17 18 25 34 35 
16: 8 14 21 25 43 
17: 10 11 15 28 31 36 42 
18: 3 11 15 28 31 42 
19: 2 12 37 39 
20: 10 11 28 32 34 37 
21: 0 16 22 29 
22: 13 21 23 33 40 
23: 5 22 24 
24: 5 13 23 26 
25: 9 15 16 39 
26: 4 24 29 
27: 3 31 32 39 
28: 0 1 17 18 20 42 
29: 21 26 30 
30: 0 29 33 
31: 2 12 17 18 27 44 
32: 1 9 20 27 39 
33: 22 30 36 
34: 2 11 15 20 35 
35: 9 10 15 34 39 42 
36: 6 17 33 38 44 
37: 2 3 19 20 
38: 8 36 40 
39: 7 12 19 25 27 32 35 
40: 22 38 41 
41: 6 40 43 
42: 11 17 18 28 35 
43: 16 41 44 
44: 0 31 36 43 
5