0: 3 8 10 
1: 6 14 23 37 
2: 9 33 43 
3: 0 4 36 
4: 3 10 26 27 39 
5: 7 8 14 
6: 1 11 13 37 43 
7: 5 33 40 44 
8: 0 5 30 37 42 
9: 2 11 13 21 37 38 
10: 0 4 16 
11: 6 9 15 
12: 15 21 33 38 
13: 6 9 21 30 35 42 
14: 1 5 15 40 
15: 11 12 14 44 
16: 10 17 31 35 
17: 16 19 32 41 
18: 27 42 43 
19: 17 20 32 41 
20: 19 22 32 
21: 9 12 13 27 38 44 
22: 20 23 24 
23: 1 22 24 28 39 
24: 22 23 25 
25: 24 26 29 
26: 4 25 28 34 
27: 4 18 21 42 
28: 23 26 29 
29: 25 28 31 
30: 8 13 
31: 16 29 32 
32: 17 19 20 31 34 
33: 2 7 12 
34: 26 32 35 
35: 13 16 34 36 
36: 3 35 39 
37: 1 6 8 9 43 
38: 9 12 21 40 
39: 4 23 36 41 43 
40: 7 14 38 43 
41: 17 19 39 
42: 8 13 18 27 
43: 2 6 18 37 39 40 
44: 7 15 21 
5