0: 1 
1: 0 2 4 
2: 1 4 7 44 
3: 16 23 27 28 
4: 1 2 5 
5: 4 6 7 29 
6: 5 7 8 11 
7: 2 5 6 8 41 
8: 6 7 9 14 17 39 
9: 8 11 24 
10: 20 25 28 36 41 
11: 6 9 12 22 
12: 11 14 37 44 
13: 18 29 38 
14: 8 12 15 
15: 14 17 26 37 
16: 3 33 34 
17: 8 15 22 35 42 
18: 13 27 38 
19: 23 25 27 41 
20: 10 21 27 30 36 37 43 
21: 20 30 37 41 
22: 11 17 24 
23: 3 19 31 36 
24: 9 22 26 40 
25: 10 19 26 31 32 
26: 15 24 25 35 
27: 3 18 19 20 36 
28: 3 10 30 43 
29: 5 13 34 38 
30: 20 21 28 32 37 
31: 23 25 33 
32: 25 30 34 
33: 16 31 37 
34: 16 29 32 
35: 17 26 39 
36: 10 20 23 27 38 43 
37: 12 15 20 21 30 33 
38: 13 18 29 36 43 
39: 8 35 40 
40: 24 39 42 
41: 7 10 19 21 
42: 17 40 44 
43: 20 28 36 38 
44: 2 12 42 
5