0: 3 28 
1: 15 18 19 36 
2: 23 29 30 
3: 0 5 25 
4: 11 13 18 32 33 
5: 3 7 37 
6: 10 11 12 14 32 38 
7: 5 8 9 
8: 7 9 16 34 
9: 7 8 16 26 
10: 6 13 22 28 
11: 4 6 21 41 
12: 6 13 15 42 
13: 4 10 12 20 23 33 
14: 6 15 21 
15: 1 12 14 20 
16: 8 9 17 24 29 43 44 
17: 16 24 40 
18: 1 4 22 23 
19: 1 20 21 22 32 42 
20: 13 15 19 28 41 
21: 11 14 19 28 29 
22: 10 18 19 23 32 42 
23: 2 13 18 22 
24: 16 17 25 39 42 
25: 3 24 26 
26: 9 25 27 
27: 26 31 36 
28: 0 10 20 21 30 
29: 2 16 21 30 41 42 
30: 2 28 29 33 
31: 27 34 38 
32: 4 6 19 22 40 
33: 4 13 30 42 
34: 8 31 35 
35: 34 36 37 
36: 1 27 35 37 
37: 5 35 36 38 
38: 6 31 37 39 44 
39: 24 38 40 
40: 17 32 39 43 
41: 11 20 29 
42: 12 19 22 24 29 33 
43: 16 40 44 
44: 16 38 43 
6