0: 2 
1: 6 22 42 
2: 0 5 7 23 
3: 9 28 29 
4: 25 29 32 43 
5: 2 7 11 24 42 
6: 1 39 40 
7: 2 5 10 
8: 10 15 17 28 35 36 
9: 3 25 35 
10: 7 8 11 16 30 42 
11: 5 10 12 27 
12: 11 13 14 41 
13: 12 14 21 
14: 12 13 16 19 38 
15: 8 26 32 42 
16: 10 14 18 
17: 8 22 33 34 37 
18: 16 19 24 
19: 14 18 20 
20: 19 21 31 
21: 13 20 23 
22: 1 17 37 
23: 2 21 24 
24: 5 18 23 27 44 
25: 4 9 26 39 
26: 15 25 32 34 44 
27: 11 24 30 40 
28: 3 8 29 40 
29: 3 4 28 
30: 10 27 31 
31: 20 30 38 
32: 4 15 26 
33: 17 36 40 
34: 17 26 36 39 
35: 8 9 37 40 
36: 8 33 34 
37: 17 22 35 42 
38: 14 31 40 41 44 
39: 6 25 34 
40: 6 27 28 33 35 38 
41: 12 38 44 
42: 1 5 10 15 37 
43: 4 
44: 24 26 38 41 
6