0: 23 24 26 
1: 15 27 40 
2: 4 38 39 42 
3: 6 11 18 44 
4: 2 7 29 
5: 44 
6: 3 23 43 
7: 4 8 10 
8: 7 9 32 
9: 8 10 32 
10: 7 9 12 
11: 3 24 26 
12: 10 14 17 19 33 
13: 18 20 22 37 41 
14: 12 16 25 28 35 
15: 1 21 27 37 44 
16: 14 17 20 
17: 12 16 19 42 
18: 3 13 33 34 
19: 12 17 20 
20: 13 16 19 21 
21: 15 20 25 28 30 
22: 13 24 34 44 
23: 0 6 41 
24: 0 11 22 
25: 14 21 28 
26: 0 11 31 
27: 1 15 36 37 
28: 14 21 25 29 31 
29: 4 28 30 
30: 21 29 32 
31: 26 28 36 41 43 
32: 8 9 30 35 36 43 
33: 12 18 40 44 
34: 18 22 43 
35: 14 32 38 
36: 27 31 32 40 
37: 13 15 27 
38: 2 35 39 
39: 2 38 42 
40: 1 33 36 
41: 13 23 31 
42: 2 17 39 
43: 6 31 32 34 
44: 3 5 15 22 33 
6