0: 2 3 27 44 
1: 6 15 23 28 
2: 0 3 6 31 
3: 0 2 7 34 
4: 14 18 28 37 43 
5: 8 22 23 35 38 
6: 1 2 20 25 
7: 3 10 12 16 33 
8: 5 11 25 
9: 14 19 23 42 
10: 7 12 13 24 32 
11: 8 18 22 42 
12: 7 10 13 26 41 
13: 10 12 16 21 44 
14: 4 9 17 22 33 
15: 1 27 37 38 
16: 7 13 21 
17: 14 19 25 39 
18: 4 11 22 27 
19: 9 17 
20: 6 28 35 
21: 13 16 24 
22: 5 11 14 18 23 25 30 
23: 1 5 9 22 
24: 10 21 26 39 
25: 6 8 17 22 
26: 12 24 29 
27: 0 15 18 38 
28: 1 4 20 42 
29: 26 31 40 
30: 22 35 37 44 
31: 2 29 32 
32: 10 31 33 
33: 7 14 32 34 
34: 3 33 36 
35: 5 20 30 42 
36: 34 39 43 
37: 4 15 30 
38: 5 15 27 
39: 17 24 36 40 
40: 29 39 41 
41: 12 40 43 
42: 9 11 28 35 
43: 4 36 41 44 
44: 0 13 30 43 
6