0: 4 32 36 
1: 3 6 9 15 17 
2: 5 7 21 37 
3: 1 6 19 30 36 40 
4: 0 22 25 
5: 2 7 12 
6: 1 3 32 36 
7: 2 5 10 39 
8: 22 25 32 34 
9: 1 15 25 29 30 44 
10: 7 12 18 28 40 41 43 
11: 12 29 31 39 
12: 5 10 11 13 
13: 12 14 18 
14: 13 16 17 20 
15: 1 9 36 
16: 14 17 38 
17: 1 14 16 18 
18: 10 13 17 20 26 
19: 3 30 44 
20: 14 18 21 42 
21: 2 20 24 25 
22: 4 8 23 30 
23: 22 30 31 34 
24: 21 26 27 
25: 4 8 9 21 35 
26: 18 24 27 31 43 
27: 24 26 28 
28: 10 27 33 
29: 9 11 32 40 
30: 3 9 19 22 23 
31: 11 23 26 35 
32: 0 6 8 29 36 
33: 28 37 38 
34: 8 23 39 44 
35: 25 31 39 
36: 0 3 6 15 32 44 
37: 2 33 38 
38: 16 33 37 41 
39: 7 11 34 35 40 
40: 3 10 29 39 
41: 10 38 42 
42: 20 41 43 
43: 10 26 42 
44: 9 19 34 36 
6