0: 1 2 41 
1: 0 2 14 20 
2: 0 1 4 31 
3: 7 11 28 29 
4: 2 5 13 33 44 
5: 4 8 15 19 
6: 7 24 26 44 
7: 3 6 24 29 
8: 5 10 43 
9: 26 30 39 40 42 
10: 8 13 37 
11: 3 20 21 24 42 44 
12: 21 22 24 42 
13: 4 10 14 
14: 1 13 15 30 
15: 5 14 16 
16: 15 19 28 37 
17: 22 24 39 
18: 20 24 25 30 
19: 5 16 31 38 
20: 1 11 18 21 32 
21: 11 12 20 28 29 39 
22: 12 17 27 29 
23: 26 27 28 39 42 
24: 6 7 11 12 17 18 
25: 18 30 34 
26: 6 9 23 34 
27: 22 23 29 32 42 
28: 3 16 21 23 30 32 
29: 3 7 21 22 27 
30: 9 14 18 25 28 
31: 2 19 33 
32: 20 27 28 34 
33: 4 31 35 
34: 25 26 32 42 
35: 33 36 40 
36: 35 37 40 44 
37: 10 16 36 38 
38: 19 37 40 
39: 9 17 21 23 
40: 9 35 36 38 41 
41: 0 40 43 
42: 9 11 12 23 27 34 
43: 8 41 44 
44: 4 6 11 36 43 
6