0: 2 
1: 13 16 25 42 
2: 0 4 20 34 
3: 30 36 37 44 
4: 2 7 39 
5: 17 18 25 30 36 
6: 14 16 17 21 24 31 
7: 4 8 23 39 
8: 7 9 35 
9: 8 11 32 44 
10: 19 23 36 41 
11: 9 12 43 
12: 11 15 22 28 
13: 1 18 19 31 36 
14: 6 19 29 
15: 12 20 33 
16: 1 6 21 42 
17: 5 6 24 29 
18: 5 13 19 36 41 
19: 10 13 14 18 25 35 
20: 2 15 22 
21: 6 16 23 24 
22: 12 20 26 
23: 7 10 21 37 42 
24: 6 17 21 30 37 
25: 1 5 19 36 
26: 22 27 36 40 
27: 26 28 40 
28: 12 27 32 
29: 14 17 41 42 
30: 3 5 24 31 42 
31: 6 13 30 38 44 
32: 9 28 33 
33: 15 32 34 
34: 2 33 35 
35: 8 19 34 39 
36: 3 5 10 13 18 25 26 
37: 3 23 24 
38: 31 
39: 4 7 35 40 42 
40: 26 27 39 43 44 
41: 10 18 29 42 
42: 1 16 23 29 30 39 41 
43: 11 40 44 
44: 3 9 31 40 43 
6