0: 3 4 36 
1: 20 21 31 39 
2: 12 17 41 
3: 0 4 9 15 
4: 0 3 8 
5: 22 23 37 42 
6: 7 17 21 
7: 6 8 41 44 
8: 4 7 9 43 
9: 3 8 10 
10: 9 11 34 
11: 10 15 18 34 
12: 2 16 33 
13: 17 23 25 32 
14: 16 23 42 44 
15: 3 11 18 
16: 12 14 44 
17: 2 6 13 35 41 
18: 11 15 19 27 
19: 18 22 43 
20: 1 26 39 41 
21: 1 6 23 39 
22: 5 19 24 40 
23: 5 13 14 21 37 
24: 22 27 29 30 43 
25: 13 26 32 
26: 20 25 33 
27: 18 24 28 
28: 27 29 35 
29: 24 28 30 42 
30: 24 29 34 
31: 1 
32: 13 25 37 
33: 12 26 42 
34: 10 11 30 35 
35: 17 28 34 36 38 
36: 0 35 38 
37: 5 23 32 
38: 35 36 40 41 
39: 1 20 21 40 
40: 22 38 39 43 
41: 2 7 17 20 38 
42: 5 14 29 33 
43: 8 19 24 40 
44: 7 14 16 
6