0: 14 17 27 
1: 39 40 44 
2: 3 
3: 2 5 41 
4: 6 34 39 
5: 3 8 13 
6: 4 7 20 35 
7: 6 9 25 
8: 5 10 18 
9: 7 26 27 
10: 8 11 36 41 
11: 10 12 16 29 
12: 11 13 31 
13: 5 12 16 
14: 0 22 26 35 
15: 20 32 38 
16: 11 13 18 
17: 0 22 35 
18: 8 16 19 24 
19: 18 21 33 
20: 6 15 44 
21: 19 23 27 28 29 32 
22: 14 17 40 42 
23: 21 28 42 
24: 18 27 30 44 
25: 7 30 38 
26: 9 14 34 44 
27: 0 9 21 24 31 38 43 
28: 21 23 29 43 
29: 11 21 28 31 
30: 24 25 39 
31: 12 27 29 33 37 
32: 15 21 39 40 
33: 19 31 36 
34: 4 26 
35: 6 14 17 
36: 10 33 37 
37: 31 36 41 
38: 15 25 27 
39: 1 4 30 32 
40: 1 22 32 
41: 3 10 37 42 43 
42: 22 23 41 43 
43: 27 28 41 42 
44: 1 20 24 26 
6