0: 10 11 37 
1: 3 34 
2: 13 15 25 28 29 
3: 1 6 38 
4: 5 9 12 28 35 41 43 
5: 4 10 12 35 37 
6: 3 8 16 22 
7: 30 43 44 
8: 6 13 16 20 41 42 
9: 4 13 29 43 
10: 0 5 11 44 
11: 0 10 12 23 
12: 4 5 11 29 
13: 2 8 9 14 23 28 
14: 13 23 31 44 
15: 2 21 23 31 
16: 6 8 17 18 
17: 16 18 40 
18: 16 17 19 
19: 18 20 26 32 
20: 8 19 21 
21: 15 20 22 25 27 36 
22: 6 21 24 35 
23: 11 13 14 15 28 40 
24: 22 25 42 
25: 2 21 24 26 
26: 19 25 27 
27: 21 26 32 39 
28: 2 4 13 23 
29: 2 9 12 41 
30: 7 31 33 
31: 14 15 30 
32: 19 27 34 
33: 30 35 37 41 44 
34: 1 32 36 
35: 4 5 22 33 43 
36: 21 34 38 
37: 0 5 33 
38: 3 36 39 
39: 27 38 40 
40: 17 23 39 42 
41: 4 8 29 33 
42: 8 24 40 
43: 4 7 9 35 
44: 7 10 14 33 
6