0: 6 11 19 27 30 43 
1: 2 20 24 44 
2: 1 8 10 32 
3: 4 13 26 
4: 3 12 34 
5: 9 10 11 17 18 24 42 
6: 0 8 11 18 44 
7: 11 15 41 
8: 2 6 24 30 40 
9: 5 15 40 
10: 2 5 11 17 24 27 
11: 0 5 6 7 10 27 40 
12: 4 13 14 23 
13: 3 12 14 19 42 
14: 12 13 16 
15: 7 9 27 40 
16: 14 17 35 37 38 
17: 5 10 16 19 28 
18: 5 6 27 31 
19: 0 13 17 20 21 
20: 1 19 22 28 
21: 19 27 32 41 43 
22: 20 23 28 
23: 12 22 25 
24: 1 5 8 10 30 44 
25: 23 26 29 
26: 3 25 28 
27: 0 10 11 15 18 21 40 
28: 17 20 22 26 29 
29: 25 28 33 
30: 0 8 24 36 40 
31: 18 32 40 43 44 
32: 2 21 31 36 
33: 29 34 35 42 
34: 4 33 35 
35: 16 33 34 37 39 
36: 30 32 41 
37: 16 35 38 
38: 16 37 39 
39: 35 38 42 
40: 8 9 11 15 27 30 31 
41: 7 21 36 
42: 5 13 33 39 
43: 0 21 31 
44: 1 6 24 31 
6