0: 1 18 22 32 36 
1: 0 3 23 38 
2: 5 
3: 1 15 26 28 32 43 
4: 11 26 42 43 
5: 2 6 30 37 
6: 5 8 9 33 
7: 11 13 43 
8: 6 9 40 
9: 6 8 10 35 
10: 9 15 16 
11: 4 7 13 14 19 36 42 
12: 14 25 34 
13: 7 11 27 36 44 
14: 11 12 22 27 29 
15: 3 10 16 21 
16: 10 15 17 
17: 16 20 37 
18: 0 22 24 42 44 
19: 11 22 23 34 44 
20: 17 21 39 
21: 15 20 24 29 
22: 0 14 18 19 27 32 34 
23: 1 19 38 44 
24: 18 21 25 28 31 
25: 12 24 26 36 43 
26: 3 4 25 38 43 44 
27: 13 14 22 
28: 3 24 29 31 41 
29: 14 21 28 30 
30: 5 29 31 34 
31: 24 28 30 33 
32: 0 3 22 
33: 6 31 35 41 
34: 12 19 22 30 43 
35: 9 33 37 
36: 0 11 13 25 
37: 5 17 35 39 
38: 1 23 26 
39: 20 37 40 
40: 8 39 41 
41: 28 33 40 
42: 4 11 18 
43: 3 4 7 25 26 34 
44: 13 18 19 23 26 
6