0: 10 22 25 42 
1: 2 20 
2: 1 4 16 
3: 18 21 26 27 28 41 
4: 2 5 15 30 
5: 4 6 43 
6: 5 7 29 
7: 6 8 15 19 24 
8: 7 13 23 
9: 11 21 26 
10: 0 11 12 18 37 40 
11: 9 10 14 31 34 36 42 
12: 10 27 38 40 
13: 8 15 33 35 
14: 11 20 22 42 
15: 4 7 13 16 
16: 2 15 19 
17: 25 28 29 44 
18: 3 10 21 26 27 30 34 
19: 7 16 20 32 
20: 1 14 19 23 39 
21: 3 9 18 25 34 
22: 0 14 26 41 
23: 8 20 24 
24: 7 23 29 
25: 0 17 21 36 38 40 42 
26: 3 9 18 22 41 44 
27: 3 12 18 44 
28: 3 17 41 
29: 6 17 24 30 34 
30: 4 18 29 32 
31: 11 
32: 19 30 33 
33: 13 32 35 37 43 
34: 11 18 21 29 40 41 44 
35: 13 33 37 38 
36: 11 25 40 
37: 10 33 35 39 
38: 12 25 35 42 
39: 20 37 43 
40: 10 12 25 34 36 
41: 3 22 26 28 34 
42: 0 11 14 25 38 
43: 5 33 39 
44: 17 26 27 34 
6