0: 2 14 20 41 
1: 15 18 39 
2: 0 8 9 26 31 
3: 5 
4: 16 19 22 25 
5: 3 7 21 
6: 16 22 39 
7: 5 10 34 41 
8: 2 33 37 43 
9: 2 15 33 
10: 7 11 27 
11: 10 12 17 38 
12: 11 17 23 32 42 43 
13: 15 26 37 
14: 0 16 31 
15: 1 9 13 20 
16: 4 6 14 
17: 11 12 21 24 
18: 1 23 37 
19: 4 43 
20: 0 15 39 
21: 5 17 24 
22: 4 6 30 
23: 12 18 25 33 
24: 17 21 27 
25: 4 23 33 
26: 2 13 30 39 
27: 10 24 28 
28: 27 29 42 
29: 28 32 35 
30: 22 26 31 44 
31: 2 14 30 
32: 12 29 34 
33: 8 9 23 25 37 
34: 7 32 35 
35: 29 34 36 
36: 35 38 44 
37: 8 13 18 33 42 
38: 11 36 40 44 
39: 1 6 20 26 
40: 38 41 42 
41: 0 7 40 42 
42: 12 28 37 40 41 43 
43: 8 12 19 42 44 
44: 30 36 38 43 
6