0: 1 14 
1: 0 3 17 26 
2: 26 30 44 
3: 1 4 6 12 37 39 
4: 3 5 13 17 
5: 4 6 32 
6: 3 5 8 
7: 22 26 28 43 
8: 6 11 34 
9: 14 21 31 
10: 16 23 28 35 42 
11: 8 12 17 
12: 3 11 13 
13: 4 12 15 
14: 0 9 27 28 43 
15: 13 17 29 
16: 10 22 23 43 
17: 1 4 11 15 20 35 42 
18: 24 27 30 
19: 21 28 43 
20: 17 25 42 
21: 9 19 30 40 
22: 7 16 38 
23: 10 16 24 31 36 41 
24: 18 23 30 38 
25: 20 29 33 41 
26: 1 2 7 36 44 
27: 14 18 38 
28: 7 10 14 19 
29: 15 25 32 
30: 2 18 21 24 
31: 9 23 40 43 
32: 5 29 33 35 
33: 25 32 34 
34: 8 33 37 
35: 10 17 32 36 38 44 
36: 23 26 35 
37: 3 34 39 
38: 22 24 27 35 40 
39: 3 37 41 
40: 21 31 38 
41: 23 25 39 42 
42: 10 17 20 41 
43: 7 14 16 19 31 
44: 2 26 35 
6