0: 7 34 43 44 
1: 2 34 
2: 1 3 21 
3: 2 6 29 
4: 12 18 27 35 43 44 
5: 13 14 35 42 
6: 3 8 10 15 19 32 41 
7: 0 10 12 20 23 
8: 6 9 22 28 39 
9: 8 10 17 33 
10: 6 7 9 11 
11: 10 15 30 
12: 4 7 20 31 35 
13: 5 16 20 36 
14: 5 18 23 31 38 
15: 6 11 17 
16: 13 27 42 44 
17: 9 15 19 24 
18: 4 14 42 
19: 6 17 21 
20: 7 12 13 34 42 
21: 2 19 24 41 
22: 8 23 26 44 
23: 7 14 22 40 
24: 17 21 25 26 
25: 24 28 38 43 
26: 22 24 27 44 
27: 4 16 26 34 
28: 8 25 29 
29: 3 28 30 
30: 11 29 32 
31: 12 14 34 
32: 6 30 33 
33: 9 32 38 
34: 0 1 20 27 31 35 
35: 4 5 12 34 36 40 
36: 13 35 37 42 
37: 36 42 43 
38: 14 25 33 39 
39: 8 38 41 
40: 23 35 
41: 6 21 39 
42: 5 16 18 20 36 37 44 
43: 0 4 25 37 
44: 0 4 16 22 26 42 
6