0: 4 17 
1: 3 28 29 34 39 
2: 5 25 31 38 
3: 1 8 10 
4: 0 6 14 15 
5: 2 13 27 37 44 
6: 4 7 8 36 
7: 6 9 43 
8: 3 6 33 34 39 40 
9: 7 11 26 
10: 3 35 44 
11: 9 12 22 
12: 11 14 19 
13: 5 23 33 
14: 4 12 15 28 
15: 4 14 17 27 
16: 35 38 40 
17: 0 15 18 44 
18: 17 19 30 
19: 12 18 20 
20: 19 22 35 41 
21: 25 28 34 
22: 11 20 24 
23: 13 32 37 
24: 22 26 32 42 
25: 2 21 29 44 
26: 9 24 27 
27: 5 15 26 30 
28: 1 14 21 40 
29: 1 25 33 
30: 18 27 36 
31: 2 32 35 37 
32: 23 24 31 34 
33: 8 13 29 
34: 1 8 21 32 
35: 10 16 20 31 
36: 6 30 41 43 
37: 5 23 31 
38: 2 16 39 
39: 1 8 38 
40: 8 16 28 
41: 20 36 42 
42: 24 41 43 
43: 7 36 42 
44: 5 10 17 25 
6