0: 8 24 38 43 
1: 5 15 18 24 26 
2: 4 
3: 15 18 38 
4: 2 6 14 
5: 1 8 23 43 44 
6: 4 10 19 29 
7: 8 27 28 30 
8: 0 5 7 9 20 
9: 8 18 28 42 
10: 6 12 17 18 25 37 
11: 15 27 42 
12: 10 13 20 39 
13: 12 14 26 
14: 4 13 16 40 
15: 1 3 11 21 23 28 44 
16: 14 19 33 
17: 10 21 22 23 41 
18: 1 3 9 10 27 
19: 6 16 20 42 
20: 8 12 19 25 
21: 15 17 22 27 38 
22: 17 21 24 41 43 
23: 5 15 17 
24: 0 1 22 30 42 43 
25: 10 20 26 
26: 1 13 25 29 40 
27: 7 11 18 21 41 
28: 7 9 15 44 
29: 6 26 31 
30: 7 24 42 
31: 29 32 35 
32: 31 33 36 43 
33: 16 32 34 
34: 33 35 39 
35: 31 34 36 
36: 32 35 37 
37: 10 36 39 
38: 0 3 21 44 
39: 12 34 37 40 
40: 14 26 39 
41: 17 22 27 43 
42: 9 11 19 24 30 
43: 0 5 22 24 32 41 
44: 5 15 28 38 
6