0: 5 7 9 15 33 
1: 2 14 19 41 
2: 1 4 17 
3: 10 12 21 
4: 2 6 8 
5: 0 23 40 43 
6: 4 8 35 
7: 0 15 38 40 
8: 4 6 9 
9: 0 8 11 13 31 
10: 3 30 34 40 
11: 9 13 27 
12: 3 21 26 
13: 9 11 14 30 38 
14: 1 13 17 20 37 
15: 0 7 28 
16: 23 34 41 
17: 2 14 19 42 
18: 21 26 30 
19: 1 17 20 
20: 14 19 22 
21: 3 12 18 40 
22: 20 24 35 
23: 5 16 26 29 41 44 
24: 22 27 42 
25: 34 
26: 12 18 23 33 34 35 
27: 11 24 31 
28: 15 30 41 
29: 23 33 39 44 
30: 10 13 18 28 
31: 9 27 32 
32: 31 35 36 
33: 0 26 29 43 44 
34: 10 16 25 26 
35: 6 22 26 32 36 43 
36: 32 35 37 
37: 14 36 38 
38: 7 13 37 42 
39: 29 41 43 
40: 5 7 10 21 
41: 1 16 23 28 39 
42: 17 24 38 
43: 5 33 35 39 
44: 23 29 33 
6