0: 1 
1: 0 2 44 
2: 1 3 11 
3: 2 5 24 40 
4: 8 10 19 33 
5: 3 11 28 36 
6: 13 33 37 
7: 10 17 30 32 
8: 4 9 10 12 23 38 
9: 8 12 13 18 29 41 
10: 4 7 8 18 20 34 
11: 2 5 14 
12: 8 9 17 43 
13: 6 9 20 29 
14: 11 15 21 
15: 14 17 21 31 32 
16: 29 30 42 
17: 7 12 15 19 28 33 
18: 9 10 30 34 37 
19: 4 17 29 39 41 
20: 10 13 30 41 42 
21: 14 15 22 
22: 21 24 31 
23: 8 37 38 
24: 3 22 25 26 27 
25: 24 26 44 
26: 24 25 27 
27: 24 26 28 
28: 5 17 27 31 
29: 9 13 16 19 42 
30: 7 16 18 20 33 36 43 
31: 15 22 28 32 
32: 7 15 31 34 35 
33: 4 6 17 30 
34: 10 18 32 38 
35: 32 36 39 44 
36: 5 30 35 39 
37: 6 18 23 
38: 8 23 34 43 
39: 19 35 36 40 
40: 3 39 44 
41: 9 19 20 
42: 16 20 29 43 
43: 12 30 38 42 
44: 1 25 35 40 
6