0: 11 19 37 
1: 2 36 44 47 
2: 1 18 21 26 38 
3: 4 30 
4: 3 5 23 28 48 
5: 4 6 8 14 
6: 5 9 15 
7: 17 26 34 41 
8: 5 16 17 19 
9: 6 10 27 40 
10: 9 12 46 
11: 0 18 33 34 42 
12: 10 13 20 25 
13: 12 14 24 
14: 5 13 15 16 
15: 6 14 20 39 45 
16: 8 14 22 32 34 36 
17: 7 8 18 22 29 33 47 
18: 2 11 17 29 34 49 
19: 0 8 21 36 38 
20: 12 15 23 
21: 2 19 26 34 41 
22: 16 17 33 36 37 
23: 4 20 24 31 43 
24: 13 23 25 48 
25: 12 24 27 
26: 2 7 21 38 42 47 49 
27: 9 25 28 
28: 4 27 30 35 
29: 17 18 33 49 
30: 3 28 31 
31: 23 30 35 
32: 16 37 41 49 
33: 11 17 22 29 44 
34: 7 11 16 18 21 41 44 
35: 28 31 39 
36: 1 16 19 22 
37: 0 22 32 
38: 2 19 26 
39: 15 35 40 
40: 9 39 43 
41: 7 21 32 34 42 
42: 11 26 41 47 
43: 23 40 45 
44: 1 33 34 
45: 15 43 46 
46: 10 45 48 
47: 1 17 26 42 49 
48: 4 24 46 
49: 18 26 29 32 47 
2