0: 10 12 13 47 49 
1: 2 33 
2: 1 3 11 39 46 
3: 2 5 22 
4: 10 26 45 
5: 3 7 48 
6: 12 16 18 43 
7: 5 8 15 29 
8: 7 9 14 
9: 8 11 17 
10: 0 4 12 16 21 22 
11: 2 9 14 
12: 0 6 10 21 26 40 
13: 0 16 18 24 47 
14: 8 11 15 23 
15: 7 14 17 
16: 6 10 13 21 27 49 
17: 9 15 19 
18: 6 13 25 32 34 43 49 
19: 17 22 35 
20: 21 27 28 40 47 
21: 10 12 16 20 
22: 3 10 19 23 37 
23: 14 22 29 36 
24: 13 25 28 30 32 34 45 
25: 18 24 30 44 49 
26: 4 12 36 40 43 44 45 
27: 16 20 40 44 45 
28: 20 24 34 47 
29: 7 23 31 38 41 48 
30: 24 25 34 42 43 
31: 29 33 35 
32: 18 24 
33: 1 31 35 
34: 18 24 28 30 42 44 49 
35: 19 31 33 36 
36: 23 26 35 37 
37: 22 36 38 
38: 29 37 39 
39: 2 38 41 
40: 12 20 26 27 
41: 29 39 46 
42: 30 34 47 
43: 6 18 26 30 
44: 25 26 27 34 49 
45: 4 24 26 27 
46: 2 41 48 
47: 0 13 20 28 42 
48: 5 29 46 
49: 0 16 18 25 34 44 
2