0: 11 28 42 
1: 2 
2: 1 4 39 
3: 11 15 19 25 45 
4: 2 5 18 
5: 4 6 21 
6: 5 7 24 41 
7: 6 8 46 
8: 7 13 22 32 
9: 15 21 27 38 45 
10: 20 25 38 
11: 0 3 12 23 30 36 47 
12: 11 23 35 45 49 
13: 8 14 39 
14: 13 16 29 32 
15: 3 9 26 36 44 45 
16: 14 17 34 
17: 16 18 33 
18: 4 17 21 43 
19: 3 23 35 
20: 10 25 28 47 48 
21: 5 9 18 22 
22: 8 21 24 40 
23: 11 12 19 36 48 
24: 6 22 29 
25: 3 10 20 26 31 44 
26: 15 25 28 30 42 43 
27: 9 28 31 35 47 
28: 0 20 26 27 35 38 48 
29: 14 24 32 
30: 11 26 38 
31: 25 27 38 44 45 49 
32: 8 14 29 33 
33: 17 32 34 
34: 16 33 37 
35: 12 19 27 28 
36: 11 15 23 42 47 
37: 34 39 46 
38: 9 10 28 30 31 48 
39: 2 13 37 40 
40: 22 39 41 
41: 6 40 43 
42: 0 26 36 44 47 
43: 18 26 41 46 
44: 15 25 31 42 45 48 
45: 3 9 12 15 31 44 
46: 7 37 43 
47: 11 20 27 36 42 
48: 20 23 28 38 44 
49: 12 31 
2