0: 9 28 
1: 5 15 22 26 35 44 45 
2: 3 4 12 16 37 
3: 2 4 6 40 44 
4: 2 3 35 40 
5: 1 6 12 
6: 3 5 8 22 25 35 
7: 8 16 41 
8: 6 7 44 45 
9: 0 10 11 47 
10: 9 11 27 
11: 9 10 13 
12: 2 5 41 
13: 11 14 42 47 
14: 13 17 39 
15: 1 35 40 
16: 2 7 26 34 36 46 
17: 14 19 47 
18: 23 41 45 
19: 17 20 29 33 
20: 19 21 31 
21: 20 24 25 30 31 35 43 
22: 1 6 26 41 44 
23: 18 26 40 
24: 21 25 48 
25: 6 21 24 27 
26: 1 16 22 23 41 
27: 10 25 28 
28: 0 27 29 
29: 19 28 30 
30: 21 29 31 
31: 20 21 30 33 49 
32: 37 41 45 
33: 19 31 38 
34: 16 36 40 46 
35: 1 4 6 15 21 36 
36: 16 34 35 46 
37: 2 32 
38: 33 39 49 
39: 14 38 42 
40: 3 4 15 23 34 45 
41: 7 12 18 22 26 32 46 
42: 13 39 43 
43: 21 42 47 
44: 1 3 8 22 
45: 1 8 18 32 40 
46: 16 34 36 41 
47: 9 13 17 43 48 
48: 24 47 49 
49: 31 38 48 
2