0: 15 17 22 27 39 44 
1: 4 6 11 12 17 22 
2: 5 
3: 11 13 15 36 44 
4: 1 7 15 22 27 30 38 
5: 2 8 9 
6: 1 13 22 30 
7: 4 11 20 38 43 
8: 5 9 23 24 
9: 5 8 10 49 
10: 9 14 34 40 49 
11: 1 3 7 33 38 47 
12: 1 15 17 20 37 43 
13: 3 6 15 17 22 32 37 
14: 10 16 23 
15: 0 3 4 12 13 20 37 
16: 14 18 41 
17: 0 1 12 13 27 32 48 
18: 16 19 21 38 
19: 18 21 25 
20: 7 12 15 47 
21: 18 19 23 
22: 0 1 4 6 13 30 39 
23: 8 14 21 24 28 
24: 8 23 25 26 
25: 19 24 26 29 
26: 24 25 28 
27: 0 4 17 33 39 48 
28: 23 26 29 31 
29: 25 28 31 
30: 4 6 22 36 37 
31: 28 29 34 42 45 
32: 13 17 37 39 44 
33: 11 27 37 38 43 
34: 10 31 35 46 47 
35: 34 40 41 
36: 3 30 43 
37: 12 13 15 30 32 33 38 
38: 4 7 11 18 33 37 
39: 0 22 27 32 
40: 10 35 41 
41: 16 35 40 42 
42: 31 41 45 
43: 7 12 33 36 
44: 0 3 32 
45: 31 42 46 
46: 34 45 49 
47: 11 20 34 48 
48: 17 27 47 
49: 9 10 46 
2