0: 7 9 10 18 25 47 
1: 20 22 25 26 35 
2: 10 13 18 47 
3: 7 27 28 33 35 44 
4: 5 16 22 27 28 43 
5: 4 26 44 
6: 8 
7: 0 3 10 25 29 
8: 6 11 12 24 37 
9: 0 22 28 33 47 
10: 0 2 7 27 
11: 8 12 30 
12: 8 11 14 
13: 2 20 32 33 
14: 12 15 36 
15: 14 17 24 31 
16: 4 18 35 
17: 15 19 21 
18: 0 2 16 20 
19: 17 21 39 
20: 1 13 18 
21: 17 19 23 34 
22: 1 4 9 32 44 
23: 21 24 38 49 
24: 8 15 23 30 
25: 0 1 7 27 35 37 
26: 1 5 29 33 
27: 3 4 10 25 28 
28: 3 4 9 27 29 38 
29: 7 26 28 47 
30: 11 24 31 
31: 15 30 34 
32: 13 22 43 
33: 3 9 13 26 43 47 
34: 21 31 36 
35: 1 3 16 25 
36: 14 34 37 
37: 8 25 36 38 41 48 
38: 23 28 37 39 
39: 19 38 40 
40: 39 41 45 49 
41: 37 40 42 
42: 41 45 46 
43: 4 32 33 
44: 3 5 22 
45: 40 42 46 
46: 42 45 48 
47: 0 2 9 29 33 
48: 37 46 49 
49: 23 40 48 
2