0: 3 18 
1: 5 9 19 27 34 48 
2: 4 5 14 30 44 
3: 0 6 12 46 
4: 2 5 35 
5: 1 2 4 8 20 27 36 
6: 3 10 46 
7: 37 44 45 49 
8: 5 37 48 
9: 1 19 21 27 30 36 45 
10: 6 11 16 31 40 
11: 10 12 22 
12: 3 11 13 17 
13: 12 15 26 
14: 2 25 27 35 44 
15: 13 16 42 
16: 10 15 17 
17: 12 16 18 
18: 0 17 22 23 32 
19: 1 9 25 27 39 48 
20: 5 25 34 45 
21: 9 25 28 30 39 
22: 11 18 23 
23: 18 22 24 
24: 23 26 28 40 
25: 14 19 20 21 36 43 
26: 13 24 28 
27: 1 5 9 14 19 
28: 21 24 26 29 
29: 28 31 33 41 
30: 2 9 21 34 36 38 
31: 10 29 32 
32: 18 31 33 47 
33: 29 32 40 
34: 1 20 30 38 49 
35: 4 14 38 48 
36: 5 9 25 30 37 
37: 7 8 36 38 
38: 30 34 35 37 39 
39: 19 21 38 49 
40: 10 24 33 41 44 
41: 29 40 42 
42: 15 41 46 47 
43: 25 48 
44: 2 7 14 40 45 49 
45: 7 9 20 44 
46: 3 6 42 47 
47: 32 42 46 
48: 1 8 19 35 43 49 
49: 7 34 39 44 48 
2