0: 3 18 
1: 7 28 29 32 
2: 17 25 37 
3: 0 5 11 27 
4: 16 22 25 29 36 49 
5: 3 6 33 47 
6: 5 8 39 
7: 1 12 17 36 44 
8: 6 9 14 
9: 8 11 33 
10: 20 32 38 
11: 3 9 14 
12: 7 16 28 30 32 37 
13: 17 25 36 44 
14: 8 11 18 
15: 20 29 38 
16: 4 12 30 41 
17: 2 7 13 36 
18: 0 14 19 46 
19: 18 21 26 43 
20: 10 15 41 45 
21: 19 23 40 
22: 4 24 37 41 
23: 21 26 35 38 
24: 22 32 44 
25: 2 4 13 30 
26: 19 23 27 
27: 3 26 31 
28: 1 12 35 38 
29: 1 4 15 30 
30: 12 16 25 29 45 
31: 27 33 39 
32: 1 10 12 24 
33: 5 9 31 34 48 
34: 33 35 48 
35: 23 28 34 39 
36: 4 7 13 17 45 
37: 2 12 22 
38: 10 15 23 28 49 
39: 6 31 35 40 42 
40: 21 39 42 
41: 16 20 22 45 
42: 39 40 43 
43: 19 42 46 
44: 7 13 24 
45: 20 30 36 41 49 
46: 18 43 47 
47: 5 46 48 
48: 33 34 47 
49: 4 38 45 
2