0: 4 13 40 
1: 2 19 20 34 45 
2: 1 8 25 
3: 7 11 26 33 34 
4: 0 7 11 35 48 
5: 6 
6: 5 9 22 37 
7: 3 4 34 41 
8: 2 14 40 48 
9: 6 10 42 
10: 9 12 39 
11: 3 4 41 
12: 10 14 17 
13: 0 19 33 40 
14: 8 12 15 16 
15: 14 16 21 43 47 
16: 14 15 17 
17: 12 16 18 
18: 17 21 42 
19: 1 13 30 46 
20: 1 30 35 
21: 15 18 22 49 
22: 6 21 23 
23: 22 24 36 44 47 
24: 23 27 28 31 
25: 2 34 38 
26: 3 29 46 
27: 24 28 31 
28: 24 27 31 
29: 26 30 38 45 
30: 19 20 29 33 49 
31: 24 27 28 32 
32: 31 36 37 
33: 3 13 30 45 49 
34: 1 3 7 25 35 
35: 4 20 34 40 46 
36: 23 32 37 
37: 6 32 36 39 
38: 25 29 41 
39: 10 37 42 
40: 0 8 13 35 45 48 
41: 7 11 38 
42: 9 18 39 43 
43: 15 42 44 
44: 23 43 47 
45: 1 29 33 40 
46: 19 26 35 
47: 15 23 44 
48: 4 8 40 49 
49: 21 30 33 48 
2