0: 1 48 
1: 0 4 40 45 
2: 15 16 36 41 43 
3: 17 24 35 41 43 44 
4: 1 5 23 28 
5: 4 10 39 
6: 12 14 33 38 
7: 8 18 21 30 
8: 7 16 19 24 36 44 
9: 18 19 38 44 
10: 5 11 49 
11: 10 13 47 
12: 6 14 15 16 21 24 44 
13: 11 20 42 
14: 6 12 41 43 
15: 2 12 17 35 38 41 
16: 2 8 12 21 36 
17: 3 15 19 30 46 
18: 7 9 27 30 
19: 8 9 17 35 
20: 13 22 26 
21: 7 12 16 27 36 43 46 
22: 20 23 29 
23: 4 22 25 
24: 3 8 12 27 43 
25: 23 26 44 49 
26: 20 25 28 34 
27: 18 21 24 41 
28: 4 26 29 
29: 22 28 31 
30: 7 17 18 33 43 44 
31: 29 32 37 
32: 31 34 37 
33: 6 30 36 43 
34: 26 32 37 
35: 3 15 19 38 44 
36: 2 8 16 21 33 38 
37: 31 32 34 39 
38: 6 9 15 35 36 46 49 
39: 5 37 40 
40: 1 39 42 
41: 2 3 14 15 27 
42: 13 40 45 
43: 2 3 14 21 24 30 33 
44: 3 8 9 12 25 30 35 
45: 1 42 47 
46: 17 21 38 
47: 11 45 48 
48: 0 47 49 
49: 10 25 38 48 
2