0: 14 23 34 36 44 
1: 2 33 
2: 1 5 12 17 
3: 16 25 27 38 
4: 9 11 15 25 30 39 48 
5: 2 6 45 
6: 5 7 28 
7: 6 8 11 37 40 46 
8: 7 10 26 46 
9: 4 22 39 42 44 
10: 8 11 19 42 
11: 4 7 10 12 18 
12: 2 11 17 
13: 22 23 34 38 43 
14: 0 25 36 
15: 4 31 32 39 43 
16: 3 30 31 35 36 
17: 2 12 18 20 
18: 11 17 19 
19: 10 18 20 
20: 17 19 21 
21: 20 24 41 
22: 9 13 43 44 
23: 0 13 49 
24: 21 26 45 
25: 3 4 14 32 34 
26: 8 24 28 
27: 3 35 36 48 
28: 6 26 29 
29: 28 33 45 
30: 4 16 34 
31: 15 16 38 44 49 
32: 15 25 48 
33: 1 29 37 
34: 0 13 25 30 39 49 
35: 16 27 39 47 49 
36: 0 14 16 27 
37: 7 33 40 
38: 3 13 31 48 49 
39: 4 9 15 34 35 
40: 7 37 41 
41: 21 40 42 
42: 9 10 41 45 
43: 13 15 22 44 48 
44: 0 9 22 31 43 
45: 5 24 29 42 46 
46: 7 8 45 
47: 35 49 
48: 4 27 32 38 43 
49: 23 31 34 35 38 47 
2