0: 5 21 22 43 
1: 5 14 18 23 30 
2: 8 34 46 
3: 23 41 49 
4: 13 27 45 46 
5: 0 1 6 19 35 42 
6: 5 7 12 
7: 6 10 48 
8: 2 13 16 30 
9: 11 15 27 37 49 
10: 7 12 17 
11: 9 27 46 
12: 6 10 17 20 47 
13: 4 8 23 36 
14: 1 16 30 37 40 
15: 9 16 27 30 31 
16: 8 14 15 18 30 
17: 10 12 19 32 
18: 1 16 23 27 31 38 
19: 5 17 20 
20: 12 19 21 25 
21: 0 20 22 
22: 0 21 24 33 
23: 1 3 13 18 34 36 46 
24: 22 25 28 
25: 20 24 26 
26: 25 28 29 39 
27: 4 9 11 15 18 32 36 
28: 24 26 29 
29: 26 28 32 44 
30: 1 8 14 15 16 31 38 
31: 15 18 30 38 
32: 17 27 29 33 
33: 22 32 35 
34: 2 23 41 46 
35: 5 33 39 
36: 13 23 27 37 46 
37: 9 14 36 41 45 
38: 18 30 31 40 
39: 26 35 42 
40: 14 38 41 45 
41: 3 34 37 40 
42: 5 39 43 
43: 0 42 44 48 
44: 29 43 47 
45: 4 37 40 
46: 2 4 11 23 34 36 49 
47: 12 44 48 
48: 7 43 47 
49: 3 9 46 
2