0: 15 16 21 31 37 45 
1: 9 19 45 
2: 5 6 22 23 43 
3: 23 29 31 37 43 
4: 7 
5: 2 21 28 
6: 2 19 21 27 31 47 
7: 4 8 40 
8: 7 11 25 
9: 1 12 15 23 24 34 
10: 12 16 39 45 
11: 8 13 17 36 44 
12: 9 10 15 22 29 
13: 11 14 24 33 
14: 13 17 40 
15: 0 9 12 23 31 
16: 0 10 34 39 
17: 11 14 18 
18: 17 20 32 
19: 1 6 26 37 
20: 18 24 32 
21: 0 5 6 
22: 2 12 27 28 
23: 2 3 9 15 45 
24: 9 13 20 25 35 46 
25: 8 24 26 48 
26: 19 25 30 40 
27: 6 22 31 37 39 
28: 5 22 37 43 
29: 3 12 31 45 
30: 26 32 38 41 
31: 0 3 6 15 27 29 45 
32: 18 20 30 33 
33: 13 32 35 42 
34: 9 16 39 
35: 24 33 36 49 
36: 11 35 38 
37: 0 3 19 27 28 43 47 
38: 30 36 40 49 
39: 10 16 27 34 45 
40: 7 14 26 38 41 
41: 30 40 42 
42: 33 41 44 
43: 2 3 28 37 47 
44: 11 42 46 
45: 0 1 10 23 29 31 39 
46: 24 44 48 
47: 6 37 43 
48: 25 46 49 
49: 35 38 48 
2