0: 4 18 38 40 
1: 12 13 21 35 40 
2: 3 
3: 2 5 6 26 
4: 0 35 40 44 48 
5: 3 6 31 36 
6: 3 5 7 
7: 6 10 11 20 49 
8: 19 21 34 
9: 25 29 38 
10: 7 11 28 
11: 7 10 14 
12: 1 19 25 45 
13: 1 18 35 46 
14: 11 20 22 
15: 25 30 35 44 
16: 19 29 32 34 48 
17: 19 29 40 46 48 
18: 0 13 32 45 
19: 8 12 16 17 32 
20: 7 14 22 27 49 
21: 1 8 34 44 
22: 14 20 23 24 
23: 22 24 43 
24: 22 23 26 37 44 
25: 9 12 15 30 40 47 
26: 3 24 27 33 
27: 20 26 28 
28: 10 27 31 
29: 9 16 17 32 46 48 
30: 15 25 46 48 
31: 5 28 33 
32: 16 18 19 29 34 38 45 
33: 26 31 36 41 42 
34: 8 16 21 32 44 
35: 1 4 13 15 
36: 5 33 37 
37: 24 36 39 
38: 0 9 32 
39: 37 41 47 
40: 0 1 4 17 25 
41: 33 39 42 
42: 33 41 43 
43: 23 42 47 
44: 4 15 21 24 34 
45: 12 18 32 
46: 13 17 29 30 
47: 25 39 43 49 
48: 4 16 17 29 30 
49: 7 20 47 
2