0: 12 32 46 48 
1: 2 
2: 1 4 7 26 
3: 6 10 20 25 35 39 
4: 2 5 14 16 
5: 4 7 45 
6: 3 12 39 
7: 2 5 8 24 32 
8: 7 9 17 19 
9: 8 11 30 
10: 3 15 22 27 31 32 
11: 9 14 37 
12: 0 6 20 22 38 41 42 
13: 32 34 39 41 42 
14: 4 11 16 33 
15: 10 25 27 36 41 43 
16: 4 14 17 
17: 8 16 19 
18: 20 22 32 41 
19: 8 17 21 
20: 3 12 18 22 42 
21: 19 23 29 40 
22: 10 12 18 20 28 48 
23: 21 24 49 
24: 7 23 26 49 
25: 3 15 31 36 
26: 2 24 29 
27: 10 15 34 38 46 
28: 22 34 35 
29: 21 26 30 44 
30: 9 29 33 
31: 10 25 34 38 39 
32: 0 7 10 13 18 36 
33: 14 30 37 
34: 13 27 28 31 
35: 3 28 36 39 48 
36: 15 25 32 35 46 48 
37: 11 33 40 47 
38: 12 27 31 
39: 3 6 13 31 35 
40: 21 37 44 
41: 12 13 15 18 43 46 48 
42: 12 13 20 46 
43: 15 41 48 
44: 29 40 45 
45: 5 44 47 
46: 0 27 36 41 42 49 
47: 37 45 49 
48: 0 22 35 36 41 43 
49: 23 24 46 47 
2