0: 9 12 28 34 36 48 
1: 4 8 21 22 27 
2: 3 
3: 2 7 33 
4: 1 8 9 41 44 45 48 
5: 8 17 31 37 38 41 
6: 16 21 22 
7: 3 10 35 
8: 1 4 5 44 48 
9: 0 4 31 38 40 
10: 7 11 26 
11: 10 13 15 
12: 0 28 37 43 
13: 11 14 18 
14: 13 15 38 46 
15: 11 14 18 
16: 6 23 40 43 
17: 5 38 43 
18: 13 15 19 24 
19: 18 20 29 46 
20: 19 24 36 
21: 1 6 31 37 
22: 1 6 41 48 
23: 16 28 41 
24: 18 20 25 
25: 24 26 49 
26: 10 25 29 
27: 1 34 38 40 
28: 0 12 23 31 41 44 
29: 19 26 30 
30: 29 32 46 
31: 5 9 21 28 
32: 30 33 39 42 
33: 3 32 35 
34: 0 27 40 
35: 7 33 36 
36: 0 20 35 39 
37: 5 12 21 40 
38: 5 9 14 17 27 45 
39: 32 36 42 47 
40: 9 16 27 34 37 41 44 
41: 4 5 22 23 28 40 
42: 32 39 46 49 
43: 12 16 17 45 
44: 4 8 28 40 
45: 4 38 43 
46: 14 19 30 42 47 
47: 39 46 49 
48: 0 4 8 22 
49: 25 42 47 
2