0: 1 13 32 44 
1: 0 14 38 39 42 46 
2: 3 
3: 2 5 21 35 
4: 22 32 37 
5: 3 6 17 45 
6: 5 7 12 35 
7: 6 9 26 35 
8: 13 27 32 37 39 42 
9: 7 10 24 31 
10: 9 11 18 20 
11: 10 12 31 
12: 6 11 17 
13: 0 8 22 27 30 49 
14: 1 16 32 43 46 49 
15: 27 30 42 46 
16: 14 36 43 44 48 49 
17: 5 12 18 
18: 10 17 20 37 
19: 22 30 39 
20: 10 18 21 
21: 3 20 24 
22: 4 13 19 23 46 
23: 22 30 37 38 42 49 
24: 9 21 25 
25: 24 26 40 
26: 7 25 28 
27: 8 13 15 30 
28: 26 29 33 
29: 28 31 33 43 47 
30: 13 15 19 23 27 43 
31: 9 11 29 33 
32: 0 4 8 14 38 
33: 28 29 31 34 
34: 33 35 47 
35: 3 6 7 34 40 
36: 16 37 41 44 
37: 4 8 18 23 36 44 
38: 1 23 32 43 44 46 
39: 1 8 19 
40: 25 35 45 
41: 36 
42: 1 8 15 23 44 46 49 
43: 14 16 29 30 38 48 
44: 0 16 36 37 38 42 49 
45: 5 40 47 
46: 1 14 15 22 38 42 
47: 29 34 45 
48: 16 43 49 
49: 13 14 16 23 42 44 48 
2