0: 1 22 
1: 0 4 9 20 40 
2: 17 21 29 33 34 39 44 
3: 26 29 39 41 
4: 1 5 48 
5: 4 7 48 
6: 26 27 37 49 
7: 5 8 23 45 
8: 7 9 32 
9: 1 8 16 
10: 12 21 39 43 49 
11: 14 30 33 37 39 
12: 10 13 15 26 41 47 
13: 12 35 37 39 42 
14: 11 17 27 29 30 42 
15: 12 21 30 34 41 
16: 9 18 24 36 
17: 2 14 34 43 
18: 16 19 24 31 
19: 18 20 25 
20: 1 19 22 
21: 2 10 15 33 35 37 
22: 0 20 23 
23: 7 22 24 
24: 16 18 23 25 38 
25: 19 24 28 
26: 3 6 12 27 30 
27: 6 14 26 33 37 
28: 25 30 31 32 
29: 2 3 14 
30: 11 14 15 26 28 42 
31: 18 28 32 
32: 8 28 31 36 44 
33: 2 11 21 27 34 43 47 
34: 2 15 17 33 35 
35: 13 21 34 37 43 
36: 16 32 38 
37: 6 11 13 21 27 35 
38: 24 36 40 
39: 2 3 10 11 13 42 
40: 1 38 44 46 
41: 3 12 15 43 
42: 13 14 30 39 
43: 10 17 33 35 41 
44: 2 32 40 45 
45: 7 44 46 
46: 40 45 48 
47: 12 33 49 
48: 4 5 46 
49: 6 10 47 
2