0: 1 31 
1: 0 4 9 37 
2: 44 
3: 26 27 28 
4: 1 5 34 35 49 
5: 4 9 15 
6: 8 10 26 
7: 10 36 47 
8: 6 11 13 21 
9: 1 5 10 11 
10: 6 7 9 45 
11: 8 9 14 37 41 
12: 25 29 30 
13: 8 16 26 27 44 
14: 11 15 32 
15: 5 14 18 
16: 13 20 42 47 
17: 21 25 28 42 44 
18: 15 19 22 32 
19: 18 22 24 38 
20: 16 30 47 
21: 8 17 47 48 
22: 18 19 23 33 
23: 22 24 49 
24: 19 23 31 39 
25: 12 17 42 
26: 3 6 13 29 
27: 3 13 29 36 46 
28: 3 17 30 42 
29: 12 26 27 46 
30: 12 20 28 48 
31: 0 24 32 
32: 14 18 31 33 40 
33: 22 32 34 
34: 4 33 35 
35: 4 34 37 
36: 7 27 45 
37: 1 11 35 38 
38: 19 37 39 43 
39: 24 38 40 
40: 32 39 41 
41: 11 40 43 
42: 16 17 25 28 46 
43: 38 41 49 
44: 2 13 17 48 
45: 10 36 47 
46: 27 29 42 
47: 7 16 20 21 45 
48: 21 30 44 
49: 4 23 43 
2