0: 4 
1: 14 16 17 26 40 49 
2: 24 31 
3: 11 13 47 
4: 0 5 7 38 42 
5: 4 6 27 
6: 5 7 33 
7: 4 6 9 
8: 13 16 17 19 22 44 45 
9: 7 10 38 
10: 9 12 28 
11: 3 14 25 36 40 41 46 
12: 10 15 23 
13: 3 8 20 22 41 44 
14: 1 11 29 36 
15: 12 18 43 
16: 1 8 17 21 31 45 
17: 1 8 16 19 21 
18: 15 23 37 
19: 8 17 40 41 
20: 13 22 26 31 36 45 49 
21: 16 17 29 40 46 
22: 8 13 20 40 41 48 
23: 12 18 24 35 
24: 2 23 27 30 43 
25: 11 31 40 44 49 
26: 1 20 49 
27: 5 24 28 
28: 10 27 30 
29: 14 21 31 49 
30: 24 28 32 34 
31: 2 16 20 25 29 40 46 
32: 30 33 48 
33: 6 32 34 
34: 30 33 35 39 
35: 23 34 37 
36: 11 14 20 41 46 
37: 18 35 38 48 
38: 4 9 37 39 
39: 34 38 42 
40: 1 11 19 21 22 25 31 
41: 11 13 19 22 36 44 45 
42: 4 39 43 
43: 15 24 42 48 
44: 8 13 25 41 45 
45: 8 16 20 41 44 47 
46: 11 21 31 36 49 
47: 3 45 49 
48: 22 32 37 43 
49: 1 20 25 26 29 46 47 
2