0: 13 28 32 42 43 
1: 20 25 30 37 48 
2: 4 6 31 
3: 25 28 30 41 
4: 2 6 12 
5: 18 19 20 26 29 40 
6: 2 4 8 11 45 
7: 17 18 20 41 43 
8: 6 9 22 24 
9: 8 10 14 37 38 
10: 9 11 23 
11: 6 10 12 
12: 4 11 14 
13: 0 19 20 26 42 
14: 9 12 15 
15: 14 16 21 33 
16: 15 21 39 
17: 7 19 35 42 
18: 5 7 25 40 42 48 
19: 5 13 17 29 34 43 
20: 1 5 7 13 28 34 40 
21: 15 16 22 46 
22: 8 21 23 
23: 10 22 24 
24: 8 23 27 40 47 
25: 1 3 18 32 41 47 
26: 5 13 35 41 42 
27: 24 31 36 
28: 0 3 20 
29: 5 19 41 44 48 
30: 1 3 43 
31: 2 27 33 
32: 0 25 34 40 41 44 
33: 15 31 36 
34: 19 20 32 35 37 41 
35: 17 26 34 44 
36: 27 33 38 
37: 1 9 34 43 48 
38: 9 36 39 49 
39: 16 38 45 
40: 5 18 20 24 32 
41: 3 7 25 26 29 32 34 
42: 0 13 17 18 26 
43: 0 7 19 30 37 
44: 29 32 35 
45: 6 39 46 49 
46: 21 45 47 
47: 24 25 46 49 
48: 1 18 29 37 
49: 38 45 47 
3