0: 12 29 32 36 
1: 2 
2: 1 3 14 49 
3: 2 4 6 
4: 3 5 39 
5: 4 6 43 
6: 3 5 9 
7: 10 36 38 
8: 11 17 29 30 
9: 6 14 15 22 
10: 7 18 20 29 30 45 
11: 8 13 27 30 38 
12: 0 26 36 
13: 11 16 20 34 
14: 2 9 15 
15: 9 14 22 
16: 13 19 36 
17: 8 35 46 
18: 10 27 30 38 
19: 16 27 28 31 38 
20: 10 13 29 35 
21: 26 30 31 38 46 
22: 9 15 23 47 49 
23: 22 24 32 48 
24: 23 25 40 
25: 24 32 37 
26: 12 21 29 35 39 
27: 11 18 19 34 
28: 19 31 34 46 
29: 0 8 10 20 26 31 38 
30: 8 10 11 18 21 45 
31: 19 21 28 29 45 
32: 0 23 25 33 
33: 32 37 41 44 
34: 13 27 28 35 45 46 
35: 17 20 26 34 45 
36: 0 7 12 16 
37: 25 33 39 
38: 7 11 18 19 21 29 45 
39: 4 26 37 40 
40: 24 39 41 
41: 33 40 42 
42: 41 43 44 46 
43: 5 42 44 
44: 33 42 43 47 
45: 10 30 31 34 35 38 46 
46: 17 21 28 34 42 45 
47: 22 44 48 
48: 23 47 49 
49: 2 22 48 
3