0: 2 
1: 11 14 15 25 44 46 
2: 0 3 15 31 32 
3: 2 4 19 
4: 3 5 17 33 
5: 4 6 8 
6: 5 7 10 36 49 
7: 6 8 9 
8: 5 7 9 40 
9: 7 8 10 
10: 6 9 12 
11: 1 14 16 24 27 45 46 
12: 10 13 49 
13: 12 17 28 
14: 1 11 15 42 
15: 1 2 14 22 26 
16: 11 18 22 38 
17: 4 13 19 
18: 16 23 37 38 41 
19: 3 17 28 
20: 21 39 44 
21: 20 25 
22: 15 16 32 42 46 
23: 18 24 26 
24: 11 23 41 
25: 1 21 30 
26: 15 23 30 33 
27: 11 39 45 
28: 13 19 29 34 
29: 28 31 47 
30: 25 26 32 43 44 
31: 2 29 33 35 48 
32: 2 22 30 42 
33: 4 26 31 34 
34: 28 33 35 
35: 31 34 36 
36: 6 35 40 
37: 18 38 45 
38: 16 18 37 43 
39: 20 27 41 
40: 8 36 47 
41: 18 24 39 42 
42: 14 22 32 41 43 
43: 30 38 42 
44: 1 20 30 
45: 11 27 37 
46: 1 11 22 
47: 29 40 48 
48: 31 47 49 
49: 6 12 48 
3