0: 1 14 49 
1: 0 2 15 18 
2: 1 3 43 
3: 2 10 37 
4: 12 32 36 
5: 6 12 22 35 36 
6: 5 24 47 
7: 29 39 47 
8: 15 19 32 
9: 19 42 45 
10: 3 11 43 
11: 10 13 34 48 
12: 4 5 23 32 
13: 11 14 46 
14: 0 13 16 21 35 
15: 1 8 26 42 
16: 14 17 40 
17: 16 18 31 44 
18: 1 17 20 
19: 8 9 44 
20: 18 21 49 
21: 14 20 25 
22: 5 30 47 
23: 12 36 39 
24: 6 30 32 39 
25: 21 31 37 
26: 15 28 36 45 
27: 29 30 36 
28: 26 38 42 
29: 7 27 36 38 44 
30: 22 24 27 45 
31: 17 25 33 
32: 4 8 12 24 
33: 31 34 41 
34: 11 33 35 
35: 5 14 34 37 
36: 4 5 23 26 27 29 38 
37: 3 25 35 40 
38: 28 29 36 39 
39: 7 23 24 38 
40: 16 37 41 
41: 33 40 43 
42: 9 15 28 
43: 2 10 41 46 
44: 17 19 29 45 
45: 9 26 30 44 
46: 13 43 48 
47: 6 7 22 
48: 11 46 49 
49: 0 20 48 
3