0: 6 11 12 27 44 47 
1: 2 
2: 1 4 22 48 
3: 17 42 43 46 
4: 2 5 34 37 
5: 4 7 15 48 
6: 0 14 18 27 
7: 5 8 30 
8: 7 9 36 
9: 8 15 28 
10: 14 18 32 38 
11: 0 32 42 
12: 0 31 32 49 
13: 16 32 35 46 
14: 6 10 19 23 42 45 
15: 5 9 20 33 
16: 13 17 22 38 42 43 
17: 3 16 38 45 47 
18: 6 10 19 23 35 44 45 
19: 14 18 20 44 49 
20: 15 19 21 48 
21: 20 22 40 
22: 2 16 21 24 
23: 14 18 24 31 38 47 
24: 22 23 25 28 
25: 24 26 40 
26: 25 28 40 
27: 0 6 31 42 49 
28: 9 24 26 29 
29: 28 30 40 
30: 7 29 33 
31: 12 23 27 35 43 45 47 
32: 10 11 12 13 47 
33: 15 30 34 
34: 4 33 36 41 
35: 13 18 31 38 42 44 46 
36: 8 34 37 
37: 4 36 39 
38: 10 16 17 23 35 44 46 
39: 37 40 48 
40: 21 25 26 29 39 41 
41: 34 40 48 
42: 3 11 14 16 27 35 
43: 3 16 31 44 
44: 0 18 19 35 38 43 45 
45: 14 17 18 31 44 49 
46: 3 13 35 38 
47: 0 17 23 31 32 
48: 2 5 20 39 41 
49: 12 19 27 45 
3