0: 1 
1: 0 2 45 
2: 1 5 49 
3: 29 31 34 44 
4: 20 41 43 44 
5: 2 6 8 35 
6: 5 8 39 
7: 16 26 28 32 36 
8: 5 6 11 
9: 21 23 32 34 41 
10: 26 32 38 44 
11: 8 13 14 48 
12: 18 27 32 38 
13: 11 14 45 
14: 11 13 17 
15: 29 31 34 41 46 48 
16: 7 22 28 32 
17: 14 19 30 
18: 12 21 26 32 46 
19: 17 23 33 49 
20: 4 27 41 43 
21: 9 18 31 34 38 
22: 16 29 31 32 41 
23: 9 19 24 25 
24: 23 25 39 
25: 23 24 30 
26: 7 10 18 44 
27: 12 20 46 
28: 7 16 43 
29: 3 15 22 36 49 
30: 17 25 33 
31: 3 15 21 22 
32: 7 9 10 12 16 18 22 
33: 19 30 35 
34: 3 9 15 21 
35: 5 33 37 
36: 7 29 38 
37: 35 39 40 
38: 10 12 21 36 
39: 6 24 37 40 
40: 37 39 42 
41: 4 9 15 20 22 
42: 40 45 47 
43: 4 20 28 
44: 3 4 10 26 46 
45: 1 13 42 47 
46: 15 18 27 44 
47: 42 45 48 
48: 11 15 47 49 
49: 2 19 29 48 
3