0: 15 22 23 25 32 48 
1: 2 
2: 1 3 27 35 
3: 2 6 40 
4: 14 15 20 30 38 
5: 23 43 45 49 
6: 3 7 19 46 
7: 6 8 29 
8: 7 9 11 
9: 8 10 40 
10: 9 11 21 24 
11: 8 10 12 
12: 11 13 33 39 
13: 12 17 39 
14: 4 15 18 36 45 
15: 0 4 14 37 
16: 20 28 36 
17: 13 19 39 
18: 14 25 28 36 44 49 
19: 6 17 21 47 
20: 4 16 28 
21: 10 19 24 26 
22: 0 28 32 34 
23: 0 5 32 40 43 45 47 
24: 10 21 26 47 
25: 0 18 41 
26: 21 24 27 
27: 2 26 29 
28: 16 18 20 22 36 
29: 7 27 31 
30: 4 34 38 41 44 
31: 29 33 39 
32: 0 22 23 38 44 
33: 12 31 35 
34: 22 30 37 42 
35: 2 33 39 
36: 14 16 18 28 
37: 15 34 48 
38: 4 30 32 42 44 
39: 12 13 17 31 35 40 48 
40: 3 9 23 39 46 
41: 25 30 43 49 
42: 34 38 44 
43: 5 23 41 
44: 18 30 32 38 42 
45: 5 14 23 48 
46: 6 40 47 
47: 19 23 24 46 
48: 0 37 39 45 
49: 5 18 41 
3