0: 6 9 21 24 45 
1: 2 46 
2: 1 3 22 33 49 
3: 2 4 7 34 
4: 3 7 20 37 
5: 11 12 17 21 39 43 45 
6: 0 16 38 
7: 3 4 10 30 38 
8: 9 13 14 17 39 44 
9: 0 8 13 17 21 38 
10: 7 18 28 31 36 
11: 5 12 15 16 29 39 45 
12: 5 11 21 25 38 43 
13: 8 9 24 39 43 
14: 8 44 48 
15: 11 25 35 44 
16: 6 11 29 39 42 
17: 5 8 9 27 29 
18: 10 19 20 47 49 
19: 18 20 23 
20: 4 18 19 22 32 
21: 0 5 9 12 35 
22: 2 20 23 
23: 19 22 26 
24: 0 13 27 35 43 48 
25: 12 15 42 44 
26: 23 28 34 41 
27: 17 24 38 48 
28: 10 26 30 
29: 11 16 17 43 
30: 7 28 31 
31: 10 30 32 40 
32: 20 31 33 
33: 2 32 34 
34: 3 26 33 36 
35: 15 21 24 42 49 
36: 10 34 37 
37: 4 36 40 
38: 6 7 9 12 27 48 
39: 5 8 11 13 16 48 
40: 31 37 41 44 
41: 26 40 46 
42: 16 25 35 
43: 5 12 13 24 29 
44: 8 14 15 25 40 
45: 0 5 11 
46: 1 41 47 
47: 18 46 49 
48: 14 24 27 38 39 
49: 2 18 35 47 
3