0: 2 9 24 
1: 6 25 44 49 
2: 0 3 20 29 39 
3: 2 4 32 48 
4: 3 5 14 
5: 4 9 47 
6: 1 35 37 46 
7: 13 16 30 44 
8: 28 33 40 
9: 0 5 10 
10: 9 11 36 
11: 10 12 32 
12: 11 14 47 
13: 7 40 42 49 
14: 4 12 18 22 
15: 16 30 42 
16: 7 15 17 31 
17: 16 22 23 42 
18: 14 20 21 45 
19: 23 35 44 
20: 2 18 21 
21: 18 20 24 
22: 14 17 28 29 
23: 17 19 29 
24: 0 21 26 
25: 1 35 37 40 
26: 24 27 29 39 
27: 26 32 34 38 
28: 8 22 35 41 
29: 2 22 23 26 49 
30: 7 15 37 46 
31: 16 35 41 
32: 3 11 27 34 
33: 8 
34: 27 32 36 
35: 6 19 25 28 31 
36: 10 34 38 
37: 6 25 30 49 
38: 27 36 39 
39: 2 26 38 43 
40: 8 13 25 
41: 28 31 44 46 
42: 13 15 17 
43: 39 45 48 
44: 1 7 19 41 
45: 18 43 47 
46: 6 30 41 
47: 5 12 45 48 
48: 3 43 47 
49: 1 13 29 37 
3