0: 18 20 34 35 41 44 45 
1: 5 
2: 4 13 17 18 27 41 49 
3: 17 25 42 48 49 
4: 2 13 14 
5: 1 6 26 33 
6: 5 7 12 47 
7: 6 8 9 10 32 
8: 7 9 19 31 
9: 7 8 10 11 37 
10: 7 9 12 
11: 9 14 18 41 
12: 6 10 15 
13: 2 4 17 20 25 27 
14: 4 11 18 20 25 
15: 12 16 32 
16: 15 19 24 30 43 
17: 2 3 13 34 39 42 45 
18: 0 2 11 14 48 
19: 8 16 22 
20: 0 13 14 39 48 
21: 29 34 35 39 41 
22: 19 23 28 46 
23: 22 24 30 40 
24: 16 23 26 
25: 3 13 14 29 39 45 
26: 5 24 28 
27: 2 13 29 36 42 45 
28: 22 26 30 
29: 21 25 27 36 44 
30: 16 23 28 31 
31: 8 30 32 
32: 7 15 31 33 38 48 
33: 5 32 37 46 
34: 0 17 21 36 42 
35: 0 21 44 47 49 
36: 27 29 34 42 
37: 9 33 38 
38: 32 37 40 
39: 17 20 21 25 44 
40: 23 38 43 
41: 0 2 11 21 44 47 
42: 3 17 27 34 36 
43: 16 40 46 
44: 0 29 35 39 41 45 
45: 0 17 25 27 44 
46: 22 33 43 
47: 6 35 41 48 49 
48: 3 18 20 32 47 
49: 2 3 35 47 
3