0: 1 15 28 45 46 
1: 0 23 37 45 
2: 3 
3: 2 4 33 
4: 3 5 36 
5: 4 6 33 
6: 5 8 28 42 
7: 11 17 30 39 49 
8: 6 9 33 43 47 
9: 8 10 31 
10: 9 13 38 
11: 7 12 17 19 30 32 37 
12: 11 21 23 24 28 38 44 
13: 10 14 38 
14: 13 16 48 
15: 0 26 30 
16: 14 18 35 
17: 7 11 27 28 34 37 
18: 16 20 38 41 44 
19: 11 23 29 39 
20: 18 22 31 
21: 12 26 27 28 39 45 
22: 20 25 33 
23: 1 12 19 29 37 46 
24: 12 30 34 37 46 
25: 22 31 42 
26: 15 21 28 
27: 17 21 28 32 49 
28: 0 6 12 17 21 26 27 
29: 19 23 30 46 
30: 7 11 15 24 29 40 
31: 9 20 25 33 
32: 11 27 34 40 49 
33: 3 5 8 22 31 35 48 
34: 17 24 32 39 45 46 
35: 16 33 36 
36: 4 35 38 
37: 1 11 17 23 24 
38: 10 12 13 18 36 41 
39: 7 19 21 34 46 
40: 30 32 49 
41: 18 38 42 
42: 6 25 41 43 
43: 8 42 47 
44: 12 18 45 46 
45: 0 1 21 34 44 
46: 0 23 24 29 34 39 44 
47: 8 43 48 
48: 14 33 47 
49: 7 27 32 40 
3