0: 4 23 
1: 2 21 24 39 48 
2: 1 21 30 43 
3: 15 19 21 24 30 45 46 
4: 0 7 14 18 
5: 17 31 32 36 
6: 20 25 27 34 
7: 4 8 16 42 
8: 7 9 44 
9: 8 10 26 
10: 9 11 17 44 49 
11: 10 14 26 
12: 24 29 41 43 46 48 
13: 20 24 36 
14: 4 11 16 
15: 3 20 
16: 7 14 17 
17: 5 10 16 18 
18: 4 17 22 37 
19: 3 27 43 
20: 6 13 15 46 
21: 1 2 3 29 31 
22: 18 23 33 35 40 
23: 0 22 26 
24: 1 3 12 13 31 
25: 6 39 41 
26: 9 11 23 28 47 
27: 6 19 41 
28: 26 33 38 
29: 12 21 39 46 
30: 2 3 34 36 
31: 5 21 24 34 
32: 5 34 39 42 
33: 22 28 35 
34: 6 30 31 32 
35: 22 33 37 
36: 5 13 30 
37: 18 35 38 45 
38: 28 37 40 
39: 1 25 29 32 
40: 22 38 42 49 
41: 12 25 27 48 
42: 7 32 40 44 
43: 2 12 19 
44: 8 10 42 45 
45: 3 37 44 47 
46: 3 12 20 29 
47: 26 45 49 
48: 1 12 41 
49: 10 40 47 
3