0: 17 35 
1: 2 20 
2: 1 5 22 23 
3: 4 43 44 45 47 
4: 3 21 43 45 47 
5: 2 6 7 
6: 5 7 11 35 
7: 5 6 8 42 
8: 7 11 28 36 38 
9: 17 30 38 
10: 14 17 35 49 
11: 6 8 15 
12: 19 27 35 44 47 
13: 14 21 47 
14: 10 13 18 19 29 30 35 
15: 11 16 33 36 40 
16: 15 20 41 
17: 0 9 10 34 
18: 14 34 45 
19: 12 14 27 38 
20: 1 16 22 32 
21: 4 13 25 34 43 44 
22: 2 20 23 24 
23: 2 22 24 
24: 22 23 26 
25: 21 30 39 
26: 24 28 31 48 
27: 12 19 45 
28: 8 26 31 
29: 14 38 43 47 
30: 9 14 25 47 
31: 26 28 32 
32: 20 31 33 
33: 15 32 36 
34: 17 18 21 37 39 43 
35: 0 6 10 12 14 39 43 
36: 8 15 33 37 46 
37: 34 36 40 48 
38: 8 9 19 29 
39: 25 34 35 
40: 15 37 41 
41: 16 40 42 
42: 7 41 46 
43: 3 4 21 29 34 35 
44: 3 12 21 49 
45: 3 4 18 27 49 
46: 36 42 48 
47: 3 4 12 13 29 30 49 
48: 26 37 46 
49: 10 44 45 47 
3