0: 2 37 
1: 7 22 24 30 
2: 0 4 8 
3: 7 12 35 
4: 2 5 17 
5: 4 6 8 49 
6: 5 8 26 
7: 1 3 39 
8: 2 5 6 10 46 
9: 14 20 27 35 36 
10: 8 11 17 
11: 10 15 19 
12: 3 29 36 
13: 22 33 45 
14: 9 24 35 
15: 11 16 19 23 
16: 15 17 27 
17: 4 10 16 18 
18: 17 19 25 
19: 11 15 18 21 
20: 9 31 43 
21: 19 23 41 48 49 
22: 1 13 29 32 
23: 15 21 25 
24: 1 14 42 
25: 18 23 26 
26: 6 25 27 28 
27: 9 16 26 28 
28: 26 27 34 
29: 12 22 32 41 
30: 1 31 38 49 
31: 20 30 32 40 
32: 22 29 31 45 47 
33: 13 41 42 45 
34: 28 37 44 
35: 3 9 14 47 
36: 9 12 43 
37: 0 34 44 
38: 30 
39: 7 42 43 
40: 31 41 47 
41: 21 29 33 40 
42: 24 33 39 
43: 20 36 39 
44: 34 37 46 
45: 13 32 33 
46: 8 44 48 
47: 32 35 40 
48: 21 46 49 
49: 5 21 30 48 
3