0: 4 32 36 42 49 
1: 2 23 
2: 1 3 9 45 
3: 2 7 20 
4: 0 10 16 18 29 34 
5: 15 21 37 47 
6: 16 18 37 41 42 
7: 3 8 46 
8: 7 9 17 20 
9: 2 8 11 38 
10: 4 21 24 34 39 48 49 
11: 9 12 22 35 43 
12: 11 13 28 30 31 41 
13: 12 17 33 
14: 29 34 39 42 43 
15: 5 19 37 41 48 
16: 4 6 29 36 40 47 
17: 8 13 20 
18: 4 6 21 34 40 48 
19: 15 36 42 43 48 49 
20: 3 8 17 22 25 
21: 5 10 18 39 42 
22: 11 20 23 
23: 1 22 24 
24: 10 23 25 33 
25: 20 24 26 
26: 25 28 46 
27: 34 39 
28: 12 26 30 44 
29: 4 14 16 34 49 
30: 12 28 31 
31: 12 30 33 
32: 0 36 49 
33: 13 24 31 35 
34: 4 10 14 18 27 29 40 
35: 11 33 38 
36: 0 16 19 32 40 42 
37: 5 6 15 
38: 9 35 44 
39: 10 14 21 27 41 43 
40: 16 18 34 36 49 
41: 6 12 15 39 47 48 
42: 0 6 14 19 21 36 
43: 11 14 19 39 
44: 28 38 45 
45: 2 44 46 
46: 7 26 45 
47: 5 16 41 48 49 
48: 10 15 18 19 41 47 
49: 0 10 19 29 32 40 47 
3