0: 6 10 14 30 34 
1: 2 4 21 30 39 40 
2: 1 24 27 41 44 
3: 5 43 
4: 1 14 23 24 29 34 35 
5: 3 8 19 
6: 0 14 30 41 42 44 
7: 21 25 27 30 40 46 
8: 5 9 32 46 
9: 8 11 17 
10: 0 41 
11: 9 12 18 
12: 11 13 20 45 48 
13: 12 15 16 37 
14: 0 4 6 23 41 46 
15: 13 16 31 
16: 13 15 17 33 
17: 9 16 18 
18: 11 17 19 38 
19: 5 18 20 
20: 12 19 23 26 
21: 1 7 29 36 41 
22: 27 30 39 
23: 4 14 20 46 
24: 2 4 35 36 39 41 46 
25: 7 40 49 
26: 20 28 45 
27: 2 7 22 36 44 
28: 26 31 45 
29: 4 21 34 35 
30: 0 1 6 7 22 40 41 
31: 15 28 32 
32: 8 31 33 
33: 16 32 37 42 47 
34: 0 4 29 35 36 
35: 4 24 29 34 46 
36: 21 24 27 34 39 49 
37: 13 33 38 
38: 18 37 42 
39: 1 22 24 36 
40: 1 7 25 30 49 
41: 2 6 10 14 21 24 30 
42: 6 33 38 43 
43: 3 42 45 48 
44: 2 6 27 49 
45: 12 26 28 43 47 
46: 7 8 14 23 24 35 
47: 33 45 48 
48: 12 43 47 
49: 25 36 40 44 
3