0: 5 14 34 
1: 3 30 40 
2: 6 26 28 
3: 1 7 12 16 
4: 19 38 46 49 
5: 0 13 19 31 38 
6: 2 24 34 49 
7: 3 8 9 41 
8: 7 9 17 
9: 7 8 12 
10: 19 21 29 31 
11: 13 21 31 33 49 
12: 3 9 16 27 
13: 5 11 19 23 47 
14: 0 43 47 49 
15: 35 43 47 
16: 3 12 17 
17: 8 16 18 
18: 17 20 22 44 
19: 4 5 10 13 49 
20: 18 22 41 
21: 10 11 26 34 35 
22: 18 20 24 25 
23: 13 31 43 47 
24: 6 22 25 39 
25: 22 24 27 36 
26: 2 21 28 
27: 12 25 30 48 
28: 2 26 29 
29: 10 28 32 43 46 49 
30: 1 27 32 45 
31: 5 10 11 23 
32: 29 30 36 42 
33: 11 34 35 43 
34: 0 6 21 33 
35: 15 21 33 39 
36: 25 32 37 
37: 36 39 48 
38: 4 5 
39: 24 35 37 40 
40: 1 39 41 
41: 7 20 40 42 
42: 32 41 44 
43: 14 15 23 29 33 
44: 18 42 45 
45: 30 44 48 
46: 4 29 49 
47: 13 14 15 23 
48: 27 37 45 
49: 4 6 11 14 19 29 46 
3