0: 1 35 
1: 0 5 49 
2: 19 25 29 36 39 42 
3: 4 34 46 
4: 3 7 19 39 
5: 1 8 45 
6: 17 23 38 47 
7: 4 13 17 
8: 5 9 47 
9: 8 10 11 45 
10: 9 12 15 40 
11: 9 13 34 39 
12: 10 15 21 32 
13: 7 11 14 29 38 
14: 13 38 46 
15: 10 12 16 
16: 15 18 44 
17: 6 7 36 48 
18: 16 20 31 
19: 2 4 23 39 43 
20: 18 22 49 
21: 12 23 24 25 46 
22: 20 26 47 
23: 6 19 21 28 34 
24: 21 37 38 43 
25: 2 21 36 37 38 48 
26: 22 27 31 
27: 26 30 45 
28: 23 38 42 
29: 2 13 43 
30: 27 31 49 
31: 18 26 30 32 41 
32: 12 31 33 
33: 32 35 47 
34: 3 11 23 42 
35: 0 33 40 
36: 2 17 25 
37: 24 25 43 48 
38: 6 13 14 24 25 28 43 
39: 2 4 11 19 
40: 10 35 41 
41: 31 40 44 
42: 2 28 34 
43: 19 24 29 37 38 48 
44: 16 41 45 
45: 5 9 27 44 47 
46: 3 14 21 
47: 6 8 22 33 45 49 
48: 17 25 37 43 
49: 1 20 30 47 
3