0: 24 43 46 
1: 6 25 
2: 21 28 36 44 
3: 8 19 
4: 5 10 19 44 
5: 4 34 49 
6: 1 7 45 
7: 6 9 22 
8: 3 10 33 35 48 
9: 7 12 16 45 
10: 4 8 20 28 29 
11: 24 36 43 49 
12: 9 13 39 
13: 12 14 22 30 
14: 13 15 41 
15: 14 16 38 
16: 9 15 17 
17: 16 18 26 
18: 17 22 38 
19: 3 4 34 40 
20: 10 37 49 
21: 2 33 46 
22: 7 13 18 25 
23: 29 34 35 
24: 0 11 36 49 
25: 1 22 26 47 
26: 17 25 27 
27: 26 30 41 
28: 2 10 48 
29: 10 23 37 
30: 13 27 31 46 
31: 30 32 42 47 
32: 31 38 40 
33: 8 21 48 
34: 5 19 23 48 
35: 8 23 43 46 
36: 2 11 24 
37: 20 29 44 
38: 15 18 32 39 
39: 12 38 40 
40: 19 32 39 41 48 
41: 14 27 40 42 
42: 31 41 45 
43: 0 11 35 
44: 2 4 37 
45: 6 9 42 47 
46: 0 21 30 35 
47: 25 31 45 
48: 8 28 33 34 40 
49: 5 11 20 24 
3