0: 1 49 
1: 0 3 15 27 28 
2: 6 17 22 32 33 
3: 1 4 11 14 26 42 
4: 3 5 10 23 29 
5: 4 7 13 38 
6: 2 22 30 36 44 47 
7: 5 10 27 34 
8: 17 19 24 
9: 16 35 37 45 
10: 4 7 11 49 
11: 3 10 12 21 39 
12: 11 13 31 41 48 
13: 5 12 14 
14: 3 13 15 
15: 1 14 21 40 
16: 9 20 30 32 35 36 
17: 2 8 19 20 30 32 43 
18: 19 20 28 37 
19: 8 17 18 22 30 44 47 
20: 16 17 18 22 28 44 45 
21: 11 15 23 
22: 2 6 19 20 24 
23: 4 21 26 
24: 8 22 35 
25: 28 45 46 47 
26: 3 23 27 
27: 1 7 26 29 
28: 1 18 20 25 35 36 
29: 4 27 31 
30: 6 16 17 19 35 43 46 
31: 12 29 34 
32: 2 16 17 33 35 37 46 
33: 2 32 37 43 44 
34: 7 31 38 
35: 9 16 24 28 30 32 36 
36: 6 16 28 35 45 
37: 9 18 32 33 39 
38: 5 34 40 
39: 11 37 43 47 
40: 15 38 41 
41: 12 40 42 
42: 3 41 48 
43: 17 30 33 39 46 
44: 6 19 20 33 
45: 9 20 25 36 
46: 25 30 32 43 
47: 6 19 25 39 49 
48: 12 42 49 
49: 0 10 47 48 
3