0: 6 12 28 33 35 39 47 
1: 2 
2: 1 3 8 11 15 
3: 2 5 23 24 34 
4: 20 29 35 47 
5: 3 8 9 41 
6: 0 10 25 27 45 
7: 13 22 33 36 39 
8: 2 5 9 
9: 5 8 11 32 
10: 6 36 43 
11: 2 9 15 
12: 0 17 25 28 39 
13: 7 19 20 29 44 
14: 20 35 42 45 
15: 2 11 16 49 
16: 15 18 26 40 
17: 12 45 
18: 16 21 23 47 
19: 13 20 25 26 
20: 4 13 14 19 
21: 18 22 46 
22: 7 21 23 44 
23: 3 18 22 24 49 
24: 3 23 30 
25: 6 12 19 27 31 
26: 16 19 31 36 39 42 
27: 6 25 33 45 
28: 0 12 31 42 43 
29: 4 13 43 47 
30: 24 32 40 
31: 25 26 28 33 45 
32: 9 30 34 
33: 0 7 27 31 36 
34: 3 32 37 38 
35: 0 4 14 47 
36: 7 10 26 33 43 
37: 34 38 46 
38: 34 37 40 
39: 0 7 12 26 43 47 
40: 16 30 38 41 48 
41: 5 40 44 
42: 14 26 28 
43: 10 28 29 36 39 45 
44: 13 22 41 46 
45: 6 14 17 27 31 43 
46: 21 37 44 48 
47: 0 4 18 29 35 39 
48: 40 46 49 
49: 15 23 48 
4