0: 1 
1: 0 4 6 7 
2: 15 26 40 
3: 10 19 21 40 
4: 1 5 33 
5: 4 6 7 
6: 1 5 7 12 
7: 1 5 6 9 
8: 20 23 26 28 46 
9: 7 11 31 
10: 3 18 23 27 
11: 9 12 16 34 41 
12: 6 11 13 
13: 12 16 36 
14: 19 20 37 41 44 
15: 2 42 47 
16: 11 13 21 44 45 
17: 28 40 
18: 10 27 28 
19: 3 14 20 24 44 
20: 8 14 19 23 26 
21: 3 16 22 35 
22: 21 25 38 
23: 8 10 20 
24: 19 29 46 47 
25: 22 31 36 
26: 2 8 20 41 
27: 10 18 47 
28: 8 17 18 29 30 37 
29: 24 28 41 44 47 49 
30: 28 35 41 42 44 49 
31: 9 25 32 
32: 31 33 38 
33: 4 32 34 
34: 11 33 35 39 43 48 
35: 21 30 34 36 
36: 13 25 35 38 
37: 14 28 40 
38: 22 32 36 39 
39: 34 38 43 
40: 2 3 17 37 49 
41: 11 14 26 29 30 44 46 
42: 15 30 46 
43: 34 39 45 48 
44: 14 16 19 29 30 41 
45: 16 43 48 
46: 8 24 41 42 
47: 15 24 27 29 
48: 34 43 45 
49: 29 30 40 
4