0: 1 41 
1: 0 2 19 20 
2: 1 5 30 
3: 16 22 27 39 45 
4: 15 28 33 45 
5: 2 7 25 29 48 
6: 12 13 33 44 
7: 5 10 29 
8: 12 15 18 48 
9: 18 27 35 
10: 7 14 18 43 
11: 17 22 23 35 
12: 6 8 27 35 
13: 6 16 17 33 
14: 10 19 36 38 
15: 4 8 28 32 
16: 3 13 37 39 
17: 11 13 32 33 
18: 8 9 10 24 43 
19: 1 14 20 
20: 1 19 21 
21: 20 25 30 46 
22: 3 11 27 37 
23: 11 24 39 45 
24: 18 23 33 
25: 5 21 26 
26: 25 29 42 49 
27: 3 9 12 22 34 
28: 4 15 36 44 
29: 5 7 26 30 
30: 2 21 29 31 
31: 30 36 42 47 
32: 15 17 39 45 
33: 4 6 13 17 24 44 
34: 27 35 37 
35: 9 11 12 34 
36: 14 28 31 38 
37: 16 22 34 
38: 14 36 40 
39: 3 16 23 32 
40: 38 41 43 
41: 0 40 42 
42: 26 31 41 43 
43: 10 18 40 42 46 
44: 6 28 33 
45: 3 4 23 32 
46: 21 43 47 49 
47: 31 46 48 
48: 5 8 47 49 
49: 26 46 48 
4