0: 2 5 35 42 
1: 3 
2: 0 19 24 32 38 
3: 1 4 15 22 43 
4: 3 6 8 11 
5: 0 41 48 
6: 4 8 27 28 30 45 
7: 37 39 46 
8: 4 6 10 
9: 18 23 24 39 
10: 8 11 24 44 
11: 4 10 12 
12: 11 14 17 25 
13: 19 33 38 48 
14: 12 15 16 
15: 3 14 16 49 
16: 14 15 17 
17: 12 16 20 
18: 9 33 
19: 2 13 35 38 39 
20: 17 21 44 
21: 20 22 45 48 
22: 3 21 25 29 40 
23: 9 24 36 
24: 2 9 10 23 47 
25: 12 22 26 35 
26: 25 27 49 
27: 6 26 28 
28: 6 27 29 
29: 22 28 40 
30: 6 32 41 42 47 
31: 34 35 36 
32: 2 30 33 48 
33: 13 18 32 46 47 48 
34: 31 37 41 
35: 0 19 25 31 38 48 
36: 23 31 37 
37: 7 34 36 41 47 
38: 2 13 19 35 
39: 7 9 19 
40: 22 29 43 
41: 5 30 34 37 
42: 0 30 46 
43: 3 40 44 
44: 10 20 43 45 
45: 6 21 44 49 
46: 7 33 42 48 
47: 24 30 33 37 
48: 5 13 21 32 33 35 46 
49: 15 26 45 
4