0: 18 24 36 49 
1: 2 28 44 
2: 1 3 42 
3: 2 5 32 
4: 17 27 29 
5: 3 6 21 46 
6: 5 7 39 47 
7: 6 8 12 32 
8: 7 11 23 
9: 18 22 24 27 30 36 37 
10: 13 15 24 41 44 
11: 8 12 20 41 
12: 7 11 14 
13: 10 17 35 41 
14: 12 20 33 
15: 10 17 29 30 34 38 
16: 17 41 44 
17: 4 13 15 16 19 
18: 0 9 27 31 38 44 
19: 17 31 45 
20: 11 14 21 43 45 
21: 5 20 23 
22: 9 27 29 30 34 44 49 
23: 8 21 25 40 49 
24: 0 9 10 34 35 38 
25: 23 26 39 
26: 25 28 33 
27: 4 9 18 22 45 
28: 1 26 32 
29: 4 15 22 30 38 44 45 
30: 9 15 22 29 35 45 
31: 18 19 34 38 
32: 3 7 28 33 
33: 14 26 32 39 
34: 15 22 24 31 
35: 13 24 30 
36: 0 9 44 49 
37: 9 
38: 15 18 24 29 31 
39: 6 25 33 40 48 
40: 23 39 42 
41: 10 11 13 16 
42: 2 40 43 
43: 20 42 46 48 
44: 1 10 16 18 22 29 36 
45: 19 20 27 29 30 49 
46: 5 43 47 
47: 6 46 48 
48: 39 43 47 
49: 0 22 23 36 45 
4