0: 2 
1: 11 20 39 
2: 0 4 46 
3: 10 26 35 
4: 2 9 49 
5: 8 18 36 
6: 7 10 18 27 38 
7: 6 8 9 12 39 
8: 5 7 11 19 26 
9: 4 7 13 27 41 43 
10: 3 6 11 
11: 1 8 10 17 18 26 
12: 7 29 38 
13: 9 14 24 
14: 13 15 37 
15: 14 16 46 
16: 15 17 41 
17: 11 16 21 37 
18: 5 6 11 42 
19: 8 26 35 
20: 1 27 40 
21: 17 23 31 36 
22: 26 29 36 40 44 
23: 21 24 31 
24: 13 23 25 
25: 24 28 48 
26: 3 8 11 19 22 36 40 
27: 6 9 20 34 40 
28: 25 30 47 
29: 12 22 34 
30: 28 31 32 47 
31: 21 23 30 32 
32: 30 31 33 
33: 32 37 48 
34: 27 29 42 44 
35: 3 19 39 
36: 5 21 22 26 42 45 
37: 14 17 33 41 
38: 6 12 44 45 
39: 1 7 35 44 
40: 20 22 26 27 45 
41: 9 16 37 43 
42: 18 34 36 
43: 9 41 46 
44: 22 34 38 39 
45: 36 38 40 
46: 2 15 43 47 49 
47: 28 30 46 48 
48: 25 33 47 49 
49: 4 46 48 
4