0: 2 46 47 48 
1: 3 24 30 42 43 
2: 0 5 18 21 31 
3: 1 9 20 45 
4: 6 28 49 
5: 2 7 14 26 40 
6: 4 9 11 15 22 
7: 5 10 34 
8: 17 20 22 23 39 44 
9: 3 6 13 24 27 43 
10: 7 12 17 47 
11: 6 13 23 45 48 
12: 10 14 27 
13: 9 11 44 46 
14: 5 12 17 29 
15: 6 28 39 
16: 20 24 38 
17: 8 10 14 18 36 
18: 2 17 19 
19: 18 21 35 41 
20: 3 8 16 49 
21: 2 19 25 33 
22: 6 8 37 
23: 8 11 43 
24: 1 9 16 37 
25: 21 26 27 
26: 5 25 27 32 
27: 9 12 25 26 29 
28: 4 15 30 
29: 14 27 31 
30: 1 28 37 44 
31: 2 29 32 
32: 26 31 33 
33: 21 32 34 
34: 7 33 35 
35: 19 34 36 
36: 17 35 40 
37: 22 24 30 48 
38: 16 39 44 45 
39: 8 15 38 42 
40: 5 36 41 
41: 19 40 46 
42: 1 39 43 48 
43: 1 9 23 42 
44: 8 13 30 38 48 49 
45: 3 11 38 
46: 0 13 41 47 
47: 0 10 46 
48: 0 11 37 42 44 49 
49: 4 20 44 48 
4