0: 2 
1: 12 17 18 19 43 
2: 0 3 22 
3: 2 4 6 23 32 
4: 3 5 6 11 
5: 4 6 42 
6: 3 4 5 9 
7: 10 12 14 19 36 44 45 
8: 20 43 49 
9: 6 11 26 47 
10: 7 30 40 49 
11: 4 9 13 
12: 1 7 16 17 35 46 48 
13: 11 21 24 
14: 7 16 17 35 38 44 
15: 24 27 36 40 44 49 
16: 12 14 18 20 37 48 
17: 1 12 14 48 
18: 1 16 20 30 36 45 
19: 1 7 20 27 44 46 
20: 8 16 18 19 36 37 
21: 13 22 28 33 
22: 2 21 23 25 
23: 3 22 24 
24: 13 15 23 25 
25: 22 24 26 49 
26: 9 25 28 
27: 15 19 39 40 
28: 21 26 29 
29: 28 31 33 41 
30: 10 18 35 48 
31: 29 32 38 
32: 3 31 33 48 
33: 21 29 32 34 
34: 33 38 47 
35: 12 14 30 39 40 
36: 7 15 18 20 39 46 
37: 16 20 39 
38: 14 31 34 41 
39: 27 35 36 37 46 
40: 10 15 27 35 43 45 49 
41: 29 38 42 
42: 5 41 47 
43: 1 8 40 
44: 7 14 15 19 48 
45: 7 18 40 46 
46: 12 19 36 39 45 
47: 9 34 42 
48: 12 16 17 30 32 44 
49: 8 10 15 25 40 
4