0: 1 6 48 
1: 0 3 16 27 
2: 17 18 22 46 
3: 1 5 29 39 
4: 25 36 49 
5: 3 6 9 23 33 34 
6: 0 5 7 
7: 6 9 20 32 
8: 15 30 38 
9: 5 7 10 43 
10: 9 16 26 
11: 12 22 24 41 47 
12: 11 13 14 17 30 
13: 12 14 25 34 
14: 12 13 34 35 40 
15: 8 24 30 42 46 
16: 1 10 19 28 45 
17: 2 12 35 41 42 44 
18: 2 36 41 44 
19: 16 20 21 23 40 
20: 7 19 21 
21: 19 20 23 24 
22: 2 11 24 40 44 
23: 5 19 21 25 26 
24: 11 15 21 22 40 
25: 4 13 23 30 40 
26: 10 23 27 
27: 1 26 28 
28: 16 27 29 
29: 3 28 31 
30: 8 12 15 25 44 49 
31: 29 32 37 
32: 7 31 33 
33: 5 32 37 48 
34: 5 13 14 38 44 
35: 14 17 36 44 47 
36: 4 18 35 47 
37: 31 33 39 
38: 8 34 49 
39: 3 37 43 
40: 14 19 22 24 25 41 46 
41: 11 17 18 40 42 49 
42: 15 17 41 46 47 
43: 9 39 45 
44: 17 18 22 30 34 35 46 
45: 16 43 48 
46: 2 15 40 42 44 47 
47: 11 35 36 42 46 
48: 0 33 45 
49: 4 30 38 41 
4