0: 2 
1: 3 14 23 25 37 38 
2: 0 4 24 
3: 1 8 32 34 49 
4: 2 9 15 
5: 6 7 8 23 46 47 
6: 5 18 47 
7: 5 14 27 31 40 
8: 3 5 18 31 38 46 
9: 4 10 46 
10: 9 11 20 
11: 10 13 21 33 
12: 18 23 41 45 47 
13: 11 15 36 
14: 1 7 42 45 48 
15: 4 13 16 
16: 15 19 26 30 37 46 
17: 28 38 40 41 
18: 6 8 12 27 32 45 
19: 16 20 29 39 
20: 10 19 21 
21: 11 20 22 
22: 21 24 46 
23: 1 5 12 24 34 48 49 
24: 2 22 23 26 
25: 1 42 
26: 16 24 29 43 
27: 7 18 28 38 
28: 17 27 32 38 40 
29: 19 26 30 35 
30: 16 29 33 
31: 7 8 40 47 49 
32: 3 18 28 42 
33: 11 30 35 
34: 3 23 41 49 
35: 29 33 36 
36: 13 35 37 44 
37: 1 16 36 39 
38: 1 8 17 27 28 42 48 
39: 19 37 43 
40: 7 17 28 31 41 48 
41: 12 17 34 40 
42: 14 25 32 38 45 47 
43: 26 39 44 
44: 36 43 46 
45: 12 14 18 42 47 
46: 5 8 9 16 22 44 
47: 5 6 12 31 42 45 49 
48: 14 23 38 40 49 
49: 3 23 31 34 47 48 
4