0: 4 
1: 29 34 37 45 
2: 7 23 24 33 
3: 5 12 21 28 34 37 
4: 0 8 20 26 49 
5: 3 23 33 42 
6: 11 12 24 29 31 47 
7: 2 11 12 28 
8: 4 9 46 
9: 8 10 15 
10: 9 13 21 27 36 
11: 6 7 39 42 
12: 3 6 7 37 40 45 
13: 10 14 44 
14: 13 15 32 
15: 9 14 16 22 
16: 15 17 19 49 
17: 16 19 32 
18: 21 35 42 47 
19: 16 17 20 
20: 4 19 22 
21: 3 10 18 
22: 15 20 26 
23: 2 5 40 
24: 2 6 31 37 45 49 
25: 29 34 35 
26: 4 22 27 
27: 10 26 28 30 41 
28: 3 7 27 29 39 
29: 1 6 25 28 
30: 27 32 48 
31: 6 24 32 47 
32: 14 17 30 31 36 
33: 2 5 39 45 
34: 1 3 25 
35: 18 25 40 
36: 10 32 38 
37: 1 3 12 24 
38: 36 41 43 48 
39: 11 28 33 
40: 12 23 35 42 
41: 27 38 43 
42: 5 11 18 40 
43: 38 41 44 
44: 13 43 46 
45: 1 12 24 33 
46: 8 44 48 
47: 6 18 31 
48: 30 38 46 49 
49: 4 16 24 48 
4