0: 2 
1: 23 27 33 42 
2: 0 3 40 47 
3: 2 4 16 
4: 3 7 18 25 30 
5: 37 48 49 
6: 15 23 39 42 48 
7: 4 8 9 19 
8: 7 9 21 48 
9: 7 8 10 17 
10: 9 12 29 
11: 13 24 38 
12: 10 14 28 
13: 11 24 44 48 
14: 12 16 28 
15: 6 37 41 44 
16: 3 14 17 
17: 9 16 18 20 31 35 
18: 4 17 20 22 32 45 
19: 7 32 38 42 43 49 
20: 17 18 21 
21: 8 20 22 47 
22: 18 21 25 
23: 1 6 34 43 44 
24: 11 13 33 36 
25: 4 22 28 
26: 27 36 38 39 
27: 1 26 32 39 42 
28: 12 14 25 29 
29: 10 28 30 
30: 4 29 31 32 
31: 17 30 35 
32: 18 19 27 30 41 
33: 1 24 34 
34: 23 33 46 49 
35: 17 31 40 
36: 24 26 
37: 5 15 38 
38: 11 19 26 37 
39: 6 26 27 41 44 
40: 2 35 45 
41: 15 32 39 48 
42: 1 6 19 27 
43: 19 23 46 
44: 13 15 23 39 
45: 18 40 47 
46: 34 43 49 
47: 2 21 45 
48: 5 6 8 13 41 
49: 5 19 34 46 
4