0: 1 16 23 27 41 
1: 0 2 
2: 1 6 14 35 
3: 10 34 37 
4: 10 31 39 
5: 9 17 21 28 45 
6: 2 7 13 
7: 6 11 14 
8: 22 43 44 45 
9: 5 18 23 
10: 3 4 17 37 
11: 7 12 40 
12: 11 13 25 41 
13: 6 12 14 15 
14: 2 7 13 15 
15: 13 14 19 
16: 0 23 28 31 
17: 5 10 23 39 
18: 9 27 45 
19: 15 20 40 47 
20: 19 21 30 
21: 5 20 24 30 
22: 8 27 38 43 
23: 0 9 16 17 31 
24: 21 25 26 44 
25: 12 24 26 33 49 
26: 24 25 29 
27: 0 18 22 36 46 
28: 5 16 38 
29: 26 30 42 
30: 20 21 29 33 
31: 4 16 23 32 39 43 46 
32: 31 34 38 
33: 25 30 35 
34: 3 32 44 
35: 2 33 40 
36: 27 43 46 
37: 3 10 38 
38: 22 28 32 37 
39: 4 17 31 43 
40: 11 19 35 41 48 
41: 0 12 40 42 
42: 29 41 47 
43: 8 22 31 36 39 
44: 8 24 34 46 
45: 5 8 18 46 
46: 27 31 36 44 45 
47: 19 42 48 49 
48: 40 47 49 
49: 25 47 48 
4