0: 2 21 47 
1: 16 28 37 46 
2: 0 6 10 21 32 
3: 5 
4: 14 27 28 48 49 
5: 3 7 17 34 38 
6: 2 12 39 48 
7: 5 8 23 25 
8: 7 9 13 29 37 41 
9: 8 11 22 29 
10: 2 27 30 32 
11: 9 13 19 
12: 6 14 40 
13: 8 11 15 30 32 42 43 
14: 4 12 24 30 
15: 13 17 45 
16: 1 20 41 
17: 5 15 18 
18: 17 19 44 
19: 11 18 22 
20: 16 27 47 
21: 0 2 28 40 
22: 9 19 23 
23: 7 22 25 
24: 14 30 39 
25: 7 23 26 
26: 25 29 44 45 
27: 4 10 20 35 47 49 
28: 1 4 21 
29: 8 9 26 31 
30: 10 13 14 24 33 48 
31: 29 34 36 
32: 2 10 13 33 35 40 
33: 30 32 46 
34: 5 31 36 
35: 27 32 41 
36: 31 34 37 
37: 1 8 36 38 
38: 5 37 42 
39: 6 24 49 
40: 12 21 32 
41: 8 16 35 46 48 
42: 13 38 43 
43: 13 42 44 
44: 18 26 43 45 
45: 15 26 44 
46: 1 33 41 
47: 0 20 27 
48: 4 6 30 41 
49: 4 27 39 
4