0: 1 49 
1: 0 2 16 44 
2: 1 4 44 
3: 11 17 26 28 34 39 41 
4: 2 5 7 8 
5: 4 6 32 
6: 5 7 10 25 
7: 4 6 8 
8: 4 7 9 
9: 8 10 35 37 
10: 6 9 16 
11: 3 15 17 36 45 
12: 14 31 47 
13: 14 17 20 27 29 31 43 
14: 12 13 18 36 
15: 11 27 31 47 
16: 1 10 19 22 
17: 3 11 13 20 24 39 
18: 14 27 34 43 
19: 16 22 44 
20: 13 17 26 31 35 43 45 
21: 24 34 41 42 47 
22: 16 19 23 
23: 22 25 30 
24: 17 21 27 28 38 
25: 6 23 30 
26: 3 20 29 43 45 
27: 13 15 18 24 
28: 3 24 31 38 42 
29: 13 26 34 39 45 48 
30: 23 25 32 46 48 
31: 12 13 15 20 28 34 43 
32: 5 30 33 
33: 32 35 40 
34: 3 18 21 29 31 
35: 9 20 33 37 
36: 11 14 39 40 43 
37: 9 35 40 
38: 24 28 42 43 
39: 3 17 29 36 48 
40: 33 36 37 44 49 
41: 3 21 47 
42: 21 28 38 45 
43: 13 18 20 26 31 36 38 
44: 1 2 19 40 46 
45: 11 20 26 29 42 
46: 30 44 48 
47: 12 15 21 41 
48: 29 30 39 46 49 
49: 0 40 48 
4