0: 18 19 31 
1: 3 
2: 7 17 19 23 34 
3: 1 4 6 36 
4: 3 5 29 
5: 4 6 40 
6: 3 5 8 
7: 2 45 48 
8: 6 10 15 27 42 
9: 16 23 48 
10: 8 13 44 
11: 33 35 47 49 
12: 33 34 35 
13: 10 14 38 
14: 13 15 25 40 49 
15: 8 14 21 41 
16: 9 18 28 46 
17: 2 20 41 47 
18: 0 16 23 33 43 
19: 0 2 28 30 
20: 17 30 45 46 
21: 15 24 41 42 
22: 31 33 35 43 47 
23: 2 9 18 31 
24: 21 25 42 
25: 14 24 26 
26: 25 27 29 
27: 8 26 29 
28: 16 19 30 33 
29: 4 26 27 32 
30: 19 20 28 43 
31: 0 22 23 41 
32: 29 36 40 
33: 11 12 18 22 28 
34: 2 12 41 45 
35: 11 12 22 44 
36: 3 32 37 39 
37: 36 38 49 
38: 13 37 39 
39: 36 38 40 
40: 5 14 32 39 42 
41: 15 17 21 31 34 47 
42: 8 21 24 40 44 
43: 18 22 30 47 
44: 10 35 42 49 
45: 7 20 34 48 
46: 16 20 48 
47: 11 17 22 41 43 
48: 7 9 45 46 
49: 11 14 37 44 
4