0: 3 32 
1: 2 11 24 38 
2: 1 9 19 30 36 
3: 0 8 16 
4: 15 18 21 38 
5: 9 17 30 
6: 11 15 34 
7: 9 12 36 
8: 3 10 28 
9: 2 5 7 
10: 8 14 22 42 44 
11: 1 6 36 38 
12: 7 13 19 32 
13: 12 23 25 27 
14: 10 16 26 29 
15: 4 6 27 30 
16: 3 14 20 41 
17: 5 23 24 
18: 4 33 34 43 
19: 2 12 47 
20: 16 21 42 
21: 4 20 22 31 49 
22: 10 21 26 27 37 
23: 13 17 27 36 
24: 1 17 25 34 
25: 13 24 47 48 
26: 14 22 28 
27: 13 15 22 23 
28: 8 26 29 
29: 14 28 31 
30: 2 5 15 43 47 
31: 21 29 32 
32: 0 12 31 35 
33: 18 
34: 6 18 24 
35: 32 37 39 
36: 2 7 11 23 43 
37: 22 35 39 45 
38: 1 4 11 
39: 35 37 40 
40: 39 41 42 
41: 16 40 42 48 
42: 10 20 40 41 44 
43: 18 30 36 
44: 10 42 45 
45: 37 44 46 
46: 45 48 49 
47: 19 25 30 
48: 25 41 46 49 
49: 21 46 48 
4