0: 1 40 
1: 0 5 14 
2: 3 8 49 
3: 2 9 42 
4: 16 18 20 36 
5: 1 6 19 20 39 
6: 5 7 10 14 24 
7: 6 20 31 46 49 
8: 2 12 24 
9: 3 12 24 40 48 
10: 6 11 15 32 
11: 10 13 45 47 
12: 8 9 25 
13: 11 14 34 
14: 1 6 13 15 
15: 10 14 17 
16: 4 35 48 
17: 15 19 41 47 
18: 4 25 30 42 
19: 5 17 21 
20: 4 5 7 24 38 
21: 19 22 34 
22: 21 23 26 
23: 22 26 28 
24: 6 8 9 20 
25: 12 18 31 48 
26: 22 23 27 
27: 26 28 44 
28: 23 27 32 
29: 31 35 43 
30: 18 33 36 43 
31: 7 25 29 
32: 10 28 34 
33: 30 37 42 
34: 13 21 32 39 
35: 16 29 38 46 
36: 4 30 37 
37: 33 36 48 
38: 20 35 43 46 48 
39: 5 34 40 
40: 0 9 39 41 
41: 17 40 44 
42: 3 18 33 
43: 29 30 38 
44: 27 41 45 
45: 11 44 47 
46: 7 35 38 
47: 11 17 45 
48: 9 16 25 37 38 49 
49: 2 7 48 
4