0: 2 
1: 3 29 32 48 
2: 0 5 43 
3: 1 4 7 21 29 30 
4: 3 11 25 34 40 45 
5: 2 7 21 44 
6: 16 19 24 47 
7: 3 5 8 33 
8: 7 9 15 41 43 
9: 8 10 22 49 
10: 9 15 28 36 
11: 4 29 35 
12: 13 14 24 35 47 
13: 12 18 25 31 
14: 12 23 45 47 
15: 8 10 16 
16: 6 15 20 42 47 
17: 21 23 34 
18: 13 19 30 34 47 
19: 6 18 25 35 45 48 
20: 16 22 27 
21: 3 5 17 32 
22: 9 20 26 
23: 14 17 29 40 45 47 48 
24: 6 12 30 45 
25: 4 13 19 29 
26: 22 27 39 
27: 20 26 28 
28: 10 27 33 
29: 1 3 11 23 25 
30: 3 18 24 34 48 
31: 13 
32: 1 21 34 35 
33: 7 28 36 38 
34: 4 17 18 30 32 
35: 11 12 19 32 45 47 
36: 10 33 37 
37: 36 38 49 
38: 33 37 39 46 
39: 26 38 41 
40: 4 23 48 
41: 8 39 42 
42: 16 41 43 
43: 2 8 42 44 
44: 5 43 46 
45: 4 14 19 23 24 35 
46: 38 44 49 
47: 6 12 14 16 18 23 35 
48: 1 19 23 30 40 
49: 9 37 46 
4