0: 1 
1: 0 4 40 45 
2: 8 24 25 33 
3: 20 21 22 29 30 46 
4: 1 5 10 
5: 4 6 7 
6: 5 7 14 
7: 5 6 9 48 
8: 2 29 35 39 
9: 7 10 23 42 
10: 4 9 11 
11: 10 12 49 
12: 11 13 15 
13: 12 14 28 32 
14: 6 13 15 45 
15: 12 14 16 
16: 15 23 27 
17: 25 31 37 39 41 
18: 22 29 34 35 47 
19: 30 39 45 47 
20: 3 22 25 45 47 
21: 3 31 39 46 
22: 3 18 20 34 41 
23: 9 16 26 
24: 2 31 39 
25: 2 17 20 38 44 
26: 23 27 36 37 
27: 16 26 28 
28: 13 27 32 43 
29: 3 8 18 34 38 44 45 
30: 3 19 35 44 47 
31: 17 21 24 35 
32: 13 28 36 49 
33: 2 34 35 46 
34: 18 22 29 33 38 40 
35: 8 18 30 31 33 46 
36: 26 32 40 
37: 17 26 
38: 25 29 34 41 47 
39: 8 17 19 21 24 44 45 
40: 1 34 36 42 
41: 17 22 38 44 
42: 9 40 43 
43: 28 42 48 
44: 25 29 30 39 41 46 
45: 1 14 19 20 29 39 47 
46: 3 21 33 35 44 
47: 18 19 20 30 38 45 
48: 7 43 49 
49: 11 32 48 
4