0: 2 
1: 14 18 32 42 
2: 0 3 9 23 
3: 2 4 7 35 
4: 3 5 39 
5: 4 7 17 
6: 8 9 19 20 34 43 45 
7: 3 5 10 12 16 
8: 6 14 22 25 29 34 43 
9: 2 6 28 31 33 
10: 7 11 49 
11: 10 12 26 
12: 7 11 15 34 40 46 
13: 18 19 33 47 
14: 1 8 18 24 28 34 
15: 12 16 24 44 
16: 7 15 17 
17: 5 16 23 
18: 1 13 14 22 25 42 47 
19: 6 13 28 45 
20: 6 27 31 32 45 
21: 33 36 38 
22: 8 18 25 38 
23: 2 17 24 30 
24: 14 15 23 26 
25: 8 18 22 34 36 38 45 
26: 11 24 30 37 
27: 20 31 48 
28: 9 14 19 33 
29: 8 31 33 34 47 
30: 23 26 32 35 41 
31: 9 20 27 29 33 36 45 
32: 1 20 30 43 45 
33: 9 13 21 28 29 31 
34: 6 8 12 14 25 29 
35: 3 30 37 
36: 21 25 31 43 
37: 26 35 39 
38: 21 22 25 42 
39: 4 37 40 
40: 12 39 41 48 49 
41: 30 40 44 
42: 1 18 38 47 
43: 6 8 32 36 
44: 15 41 46 
45: 6 19 20 25 31 32 47 
46: 12 44 48 
47: 13 18 29 42 45 
48: 27 40 46 49 
49: 10 40 48 
5