0: 7 33 
1: 2 15 27 
2: 1 3 34 
3: 2 4 16 24 
4: 3 6 8 9 11 
5: 6 11 13 23 39 
6: 4 5 14 25 28 33 46 
7: 0 11 21 31 35 
8: 4 9 38 40 
9: 4 8 10 
10: 9 15 16 44 49 
11: 4 5 7 19 47 
12: 20 23 28 32 33 39 
13: 5 30 32 45 47 
14: 6 26 30 35 46 47 
15: 1 10 16 
16: 3 10 15 17 
17: 16 18 29 
18: 17 24 37 41 
19: 11 22 30 
20: 12 22 24 31 39 46 47 
21: 7 24 31 45 
22: 19 20 25 45 
23: 5 12 25 45 46 
24: 3 18 20 21 27 
25: 6 22 23 28 31 32 
26: 14 46 47 
27: 1 24 29 
28: 6 12 25 30 
29: 17 27 34 
30: 13 14 19 28 35 
31: 7 20 21 25 
32: 12 13 25 39 
33: 0 6 12 
34: 2 29 36 
35: 7 14 30 
36: 34 37 40 
37: 18 36 38 
38: 8 37 40 
39: 5 12 20 32 48 
40: 8 36 38 41 42 49 
41: 18 40 42 
42: 40 41 43 
43: 42 44 48 
44: 10 43 48 
45: 13 21 22 23 47 
46: 6 14 20 23 26 
47: 11 13 14 20 26 45 
48: 39 43 44 49 
49: 10 40 48 
5