0: 1 32 
1: 0 3 22 30 49 
2: 23 26 38 45 
3: 1 4 5 30 41 
4: 3 11 40 
5: 3 12 16 26 
6: 7 34 35 37 41 
7: 6 19 25 
8: 36 41 45 47 
9: 10 29 41 
10: 9 20 28 36 
11: 4 13 28 30 34 
12: 5 21 35 
13: 11 14 15 17 27 
14: 13 25 41 47 
15: 13 17 31 
16: 5 20 21 
17: 13 15 18 
18: 17 22 39 
19: 7 36 45 
20: 10 16 26 38 45 
21: 12 16 25 37 
22: 1 18 24 
23: 2 28 37 
24: 22 27 42 43 
25: 7 14 21 
26: 2 5 20 
27: 13 24 30 
28: 10 11 23 37 38 
29: 9 
30: 1 3 11 27 31 
31: 15 30 32 48 
32: 0 31 33 
33: 32 34 44 
34: 6 11 33 39 
35: 6 12 47 
36: 8 10 19 37 
37: 6 21 23 28 36 
38: 2 20 28 
39: 18 34 40 49 
40: 4 39 42 
41: 3 6 8 9 14 47 
42: 24 40 43 46 
43: 24 42 44 
44: 33 43 46 
45: 2 8 19 20 
46: 42 44 48 
47: 8 14 35 41 
48: 31 46 49 
49: 1 39 48 
5