0: 3 33 
1: 10 21 22 29 30 38 
2: 12 17 24 25 32 34 
3: 0 4 20 
4: 3 6 27 44 
5: 18 22 49 
6: 4 7 23 24 
7: 6 8 14 39 48 
8: 7 9 40 
9: 8 14 30 36 48 
10: 1 31 32 37 38 46 47 
11: 13 25 29 45 
12: 2 13 16 21 24 
13: 11 12 15 16 47 49 
14: 7 9 19 
15: 13 17 18 31 32 46 
16: 12 13 32 34 
17: 2 15 31 45 
18: 5 15 24 45 
19: 14 20 42 
20: 3 19 23 
21: 1 12 34 46 
22: 1 5 34 49 
23: 6 20 26 
24: 2 6 12 18 31 47 
25: 2 11 29 49 
26: 23 27 44 
27: 4 26 28 34 
28: 27 30 41 
29: 1 11 25 34 38 
30: 1 9 28 33 
31: 10 15 17 24 38 43 47 
32: 2 10 15 16 46 
33: 0 30 35 
34: 2 16 21 22 27 29 
35: 33 36 37 44 
36: 9 35 37 
37: 10 35 36 39 
38: 1 10 29 31 43 49 
39: 7 37 40 
40: 8 39 41 
41: 28 40 42 45 
42: 19 41 44 
43: 31 38 45 
44: 4 26 35 42 48 
45: 11 17 18 41 43 
46: 10 15 21 32 
47: 10 13 24 31 
48: 7 9 44 
49: 5 13 22 25 38 
5