0: 1 
1: 0 2 4 27 38 
2: 1 3 9 
3: 2 4 27 
4: 1 3 6 31 32 
5: 10 13 35 43 45 49 
6: 4 7 30 48 
7: 6 8 20 37 
8: 7 9 48 
9: 2 8 11 
10: 5 13 14 18 19 21 49 
11: 9 15 22 28 47 
12: 19 31 35 44 45 49 
13: 5 10 14 21 35 
14: 10 13 17 23 45 46 48 
15: 11 20 40 
16: 31 38 42 44 
17: 14 29 35 38 46 
18: 10 23 25 29 38 45 49 
19: 10 12 21 26 36 49 
20: 7 15 22 33 
21: 10 13 19 29 42 
22: 11 20 24 
23: 14 18 25 29 34 42 
24: 22 27 30 
25: 18 23 31 
26: 19 38 45 46 
27: 1 3 24 28 31 
28: 11 27 30 
29: 17 18 21 23 44 
30: 6 24 28 32 39 41 
31: 4 12 16 25 27 34 
32: 4 30 33 
33: 20 32 37 
34: 23 31 36 49 
35: 5 12 13 17 46 
36: 19 34 38 42 43 
37: 7 33 39 
38: 1 16 17 18 26 36 
39: 30 37 40 
40: 15 39 41 46 
41: 30 40 47 
42: 16 21 23 36 43 46 
43: 5 36 42 
44: 12 16 29 
45: 5 12 14 18 26 
46: 14 17 26 35 40 42 
47: 11 41 48 
48: 6 8 14 47 
49: 5 10 12 18 19 34 
5