0: 2 48 
1: 32 34 47 
2: 0 3 9 26 28 35 
3: 2 7 10 
4: 12 19 44 49 
5: 12 23 34 
6: 15 38 45 
7: 3 8 17 
8: 7 9 14 44 
9: 2 8 10 33 
10: 3 9 11 12 
11: 10 13 26 
12: 4 5 10 16 
13: 11 14 40 
14: 8 13 17 25 
15: 6 24 43 45 47 
16: 12 29 43 45 
17: 7 14 18 
18: 17 20 22 27 41 
19: 4 31 46 
20: 18 29 37 44 49 
21: 24 29 39 
22: 18 25 26 
23: 5 26 29 44 47 
24: 15 21 31 37 
25: 14 22 26 30 
26: 2 11 22 23 25 27 
27: 18 26 28 
28: 2 27 30 47 
29: 16 20 21 23 
30: 25 28 33 
31: 19 24 39 49 
32: 1 38 46 
33: 9 30 35 36 
34: 1 5 45 47 
35: 2 33 36 
36: 33 35 40 48 
37: 20 24 43 45 
38: 6 32 45 49 
39: 21 31 46 49 
40: 13 36 41 42 
41: 18 40 42 
42: 40 41 48 
43: 15 16 37 44 
44: 4 8 20 23 43 
45: 6 15 16 34 37 38 
46: 19 32 39 47 
47: 1 15 23 28 34 46 
48: 0 36 42 
49: 4 20 31 38 39 
5