0: 1 3 4 15 31 37 45 
1: 0 10 14 15 
2: 6 33 
3: 0 19 22 29 
4: 0 5 17 21 28 32 
5: 4 11 14 27 36 39 
6: 2 8 46 
7: 11 27 37 
8: 6 9 18 34 
9: 8 10 16 21 25 
10: 1 9 12 25 28 
11: 5 7 20 31 45 
12: 10 13 44 49 
13: 12 16 17 41 43 
14: 1 5 20 30 45 
15: 0 1 29 
16: 9 13 18 
17: 4 13 27 36 
18: 8 16 23 
19: 3 35 37 39 
20: 11 14 35 
21: 4 9 29 36 
22: 3 26 32 
23: 18 24 47 48 
24: 23 25 31 46 
25: 9 10 24 28 
26: 22 29 36 
27: 5 7 17 45 
28: 4 10 25 33 49 
29: 3 15 21 26 
30: 14 31 37 
31: 0 11 24 30 39 
32: 4 22 39 
33: 2 28 34 
34: 8 33 38 
35: 19 20 37 
36: 5 17 21 26 
37: 0 7 19 30 35 
38: 34 40 41 42 
39: 5 19 31 32 
40: 38 41 46 
41: 13 38 40 42 
42: 38 41 43 
43: 13 42 44 
44: 12 43 46 
45: 0 11 14 27 
46: 6 24 40 44 47 
47: 23 46 48 
48: 23 47 49 
49: 12 28 48 
5