0: 7 8 30 42 43 
1: 4 
2: 7 8 41 45 
3: 5 13 42 
4: 1 6 12 37 46 47 
5: 3 42 45 
6: 4 12 29 31 
7: 0 2 9 10 16 35 
8: 0 2 15 30 41 
9: 7 17 30 35 41 42 
10: 7 11 17 18 49 
11: 10 19 39 40 
12: 4 6 20 48 
13: 3 22 35 
14: 40 
15: 8 22 25 35 41 
16: 7 17 30 
17: 9 10 16 18 22 35 43 
18: 10 17 42 
19: 11 22 25 40 
20: 12 21 24 26 
21: 20 23 26 
22: 13 15 17 19 31 
23: 21 24 34 36 
24: 20 23 26 
25: 15 19 40 43 
26: 20 21 24 27 
27: 26 28 49 
28: 27 29 44 
29: 6 28 31 
30: 0 8 9 16 
31: 6 22 29 32 
32: 31 33 38 
33: 32 34 39 
34: 23 33 36 
35: 7 9 13 15 17 44 
36: 23 34 37 45 
37: 4 36 38 
38: 32 37 39 
39: 11 33 38 44 49 
40: 11 14 19 25 42 
41: 2 8 9 15 
42: 0 3 5 9 18 40 
43: 0 17 25 45 
44: 28 35 39 46 
45: 2 5 36 43 
46: 4 44 47 
47: 4 46 48 
48: 12 47 49 
49: 10 27 39 48 
5