0: 20 32 37 
1: 2 9 16 43 
2: 1 3 4 29 
3: 2 4 44 
4: 2 3 6 33 35 36 
5: 10 24 28 30 
6: 4 7 13 
7: 6 9 38 
8: 14 20 41 42 
9: 1 7 12 
10: 5 11 14 20 30 42 45 
11: 10 34 46 48 49 
12: 9 13 27 
13: 6 12 15 
14: 8 10 31 37 46 
15: 13 21 27 34 
16: 1 24 42 48 
17: 18 28 34 37 
18: 17 19 24 28 42 46 48 
19: 18 22 24 
20: 0 8 10 30 31 41 
21: 15 23 47 
22: 19 32 39 45 
23: 21 25 26 49 
24: 5 16 18 19 41 46 
25: 23 26 40 
26: 23 25 27 
27: 12 15 26 29 
28: 5 17 18 32 34 41 46 
29: 2 27 33 
30: 5 10 20 34 39 45 
31: 14 20 32 37 39 
32: 0 22 28 31 45 46 
33: 4 29 35 49 
34: 11 15 17 28 30 39 42 
35: 4 33 36 42 
36: 4 35 38 
37: 0 14 17 31 48 
38: 7 36 40 
39: 22 30 31 34 
40: 25 38 43 
41: 8 20 24 28 48 
42: 8 10 16 18 34 35 
43: 1 40 44 
44: 3 43 47 
45: 10 22 30 32 
46: 11 14 18 24 28 32 
47: 21 44 48 49 
48: 11 16 18 37 41 47 
49: 11 23 33 47 
5