0: 36 43 48 
1: 5 23 43 
2: 3 9 
3: 2 4 15 28 
4: 3 7 21 30 
5: 1 11 27 48 49 
6: 10 36 43 
7: 4 8 13 29 
8: 7 9 35 
9: 2 8 16 18 
10: 6 11 15 46 
11: 5 10 14 23 36 
12: 13 47 49 
13: 7 12 20 46 
14: 11 42 49 
15: 3 10 18 49 
16: 9 17 21 
17: 16 21 35 
18: 9 15 
19: 25 43 46 
20: 13 23 48 
21: 4 16 17 26 
22: 24 39 42 48 
23: 1 11 20 
24: 22 25 47 
25: 19 24 36 
26: 21 27 33 38 
27: 5 26 28 44 
28: 3 27 29 
29: 7 28 30 
30: 4 29 31 
31: 30 32 41 
32: 31 33 34 40 
33: 26 32 34 
34: 32 33 35 
35: 8 17 34 37 
36: 0 6 11 25 39 48 
37: 35 38 45 
38: 26 37 40 
39: 22 36 47 
40: 32 38 41 43 45 
41: 31 40 44 
42: 14 22 49 
43: 0 1 6 19 40 
44: 27 41 45 
45: 37 40 44 
46: 10 13 19 
47: 12 24 39 
48: 0 5 20 22 36 49 
49: 5 12 14 15 42 48 
5