0: 31 33 35 
1: 2 17 
2: 1 3 14 
3: 2 4 5 10 44 
4: 3 5 43 
5: 3 4 6 36 
6: 5 7 40 
7: 6 9 20 31 37 
8: 12 19 25 33 
9: 7 10 15 31 
10: 3 9 11 34 39 
11: 10 14 32 
12: 8 13 19 21 24 33 
13: 12 16 17 24 41 
14: 2 11 15 19 
15: 9 14 20 49 
16: 13 46 47 
17: 1 13 29 30 
18: 25 26 38 41 
19: 8 12 14 21 25 35 41 
20: 7 15 22 
21: 12 19 23 45 46 
22: 20 27 48 
23: 21 25 30 33 
24: 12 13 28 29 35 38 
25: 8 18 19 23 47 
26: 18 32 33 38 
27: 22 32 37 
28: 24 33 42 
29: 17 24 35 45 46 
30: 17 23 35 
31: 0 7 9 41 42 47 
32: 11 26 27 34 
33: 0 8 12 23 26 28 42 
34: 10 32 36 
35: 0 19 24 29 30 
36: 5 34 37 
37: 7 27 36 39 
38: 18 24 26 
39: 10 37 40 
40: 6 39 43 
41: 13 18 19 31 46 
42: 28 31 33 46 
43: 4 40 44 
44: 3 43 48 49 
45: 21 29 
46: 16 21 29 41 42 47 
47: 16 25 31 46 
48: 22 44 49 
49: 15 44 48 
5