0: 1 22 24 28 
1: 0 18 25 47 
2: 20 27 46 
3: 4 14 23 39 
4: 3 5 11 16 27 
5: 4 6 43 45 47 
6: 5 7 44 
7: 6 8 9 29 
8: 7 9 40 
9: 7 8 10 
10: 9 11 32 37 
11: 4 10 14 
12: 17 39 
13: 22 25 26 42 
14: 3 11 16 38 49 
15: 27 30 41 
16: 4 14 23 
17: 12 19 41 
18: 1 25 30 
19: 17 39 42 
20: 2 26 28 46 
21: 24 30 33 
22: 0 13 25 42 47 
23: 3 16 29 34 
24: 0 21 33 37 41 
25: 1 13 18 22 29 
26: 13 20 33 36 
27: 2 4 15 36 39 
28: 0 20 47 
29: 7 23 25 31 
30: 15 18 21 46 
31: 29 32 35 49 
32: 10 31 34 
33: 21 24 26 
34: 23 32 35 
35: 31 34 37 
36: 26 27 39 
37: 10 24 35 38 
38: 14 37 40 
39: 3 12 19 27 36 41 
40: 8 38 43 48 
41: 15 17 24 39 
42: 13 19 22 
43: 5 40 44 
44: 6 43 45 
45: 5 44 48 
46: 2 20 30 
47: 1 5 22 28 
48: 40 45 49 
49: 14 31 48 
5