0: 1 5 11 28 
1: 0 2 9 23 42 
2: 1 5 8 45 
3: 4 32 33 34 36 
4: 3 7 13 15 18 29 
5: 0 2 6 13 41 
6: 5 8 44 
7: 4 27 36 38 46 
8: 2 6 9 
9: 1 8 11 15 25 
10: 12 22 33 38 
11: 0 9 14 
12: 10 24 35 46 
13: 4 5 20 24 36 46 47 
14: 11 16 21 
15: 4 9 23 34 38 40 
16: 14 17 26 
17: 16 19 37 
18: 4 28 29 36 47 
19: 17 21 43 
20: 13 28 32 33 38 47 48 
21: 14 19 23 
22: 10 29 32 48 
23: 1 15 21 25 31 
24: 12 13 33 35 40 
25: 9 23 26 
26: 16 25 30 39 
27: 7 32 34 40 46 
28: 0 18 20 35 46 48 
29: 4 18 22 
30: 26 31 43 
31: 23 30 37 
32: 3 20 22 27 
33: 3 10 20 24 
34: 3 15 27 48 
35: 12 24 28 49 
36: 3 7 13 18 38 48 
37: 17 31 38 39 
38: 7 10 15 20 36 37 40 
39: 26 37 41 
40: 15 24 27 38 49 
41: 5 39 42 45 
42: 1 41 43 
43: 19 30 42 44 
44: 6 43 45 
45: 2 41 44 
46: 7 12 13 27 28 48 
47: 13 18 20 48 49 
48: 20 22 28 34 36 46 47 
49: 35 40 47 
5