0: 1 
1: 0 2 18 36 
2: 1 3 20 
3: 2 5 40 48 
4: 15 28 41 
5: 3 7 29 37 
6: 9 22 44 
7: 5 10 18 
8: 15 26 32 
9: 6 29 37 45 
10: 7 11 43 
11: 10 12 48 
12: 11 14 35 
13: 22 23 26 28 32 
14: 12 18 42 
15: 4 8 22 27 30 44 
16: 19 25 37 38 40 
17: 23 32 47 
18: 1 7 14 20 33 
19: 16 26 41 
20: 2 18 21 24 
21: 20 24 39 
22: 6 13 15 28 37 
23: 13 17 31 34 37 
24: 20 21 25 
25: 16 24 29 43 49 
26: 8 13 19 47 
27: 15 31 46 
28: 4 13 22 38 41 
29: 5 9 25 33 
30: 15 31 34 41 48 
31: 23 27 30 34 38 
32: 8 13 17 
33: 18 29 35 
34: 23 30 31 47 
35: 12 33 36 
36: 1 35 39 49 
37: 5 9 16 22 23 
38: 16 28 31 
39: 21 36 40 
40: 3 16 39 42 
41: 4 19 28 30 45 
42: 14 40 43 
43: 10 25 42 48 
44: 6 15 45 
45: 9 41 44 
46: 27 
47: 17 26 34 
48: 3 11 30 43 49 
49: 25 36 48 
5