0: 4 24 40 
1: 6 10 
2: 11 37 40 
3: 21 
4: 0 9 35 
5: 19 36 43 
6: 1 7 13 16 25 27 38 
7: 6 8 39 
8: 7 10 23 
9: 4 18 21 
10: 1 8 13 24 
11: 2 24 37 
12: 17 20 21 48 
13: 6 10 15 
14: 28 38 42 43 49 
15: 13 16 17 41 
16: 6 15 17 
17: 12 15 16 22 44 
18: 9 42 43 
19: 5 24 46 
20: 12 28 34 
21: 3 9 12 
22: 17 23 33 
23: 8 22 25 31 47 
24: 0 10 11 19 
25: 6 23 26 
26: 25 27 41 
27: 6 26 29 
28: 14 20 35 36 46 
29: 27 30 32 33 
30: 29 31 45 47 
31: 23 30 32 
32: 29 31 33 
33: 22 29 32 38 
34: 20 42 43 
35: 4 28 40 49 
36: 5 28 43 
37: 2 11 45 49 
38: 6 14 33 39 
39: 7 38 41 
40: 0 2 35 43 44 48 
41: 15 26 39 44 
42: 14 18 34 
43: 5 14 18 34 36 40 
44: 17 40 41 45 
45: 30 37 44 47 
46: 19 28 48 
47: 23 30 45 
48: 12 40 46 
49: 14 35 37 
5