0: 3 9 11 27 
1: 4 12 13 28 48 
2: 9 32 46 
3: 0 10 15 35 
4: 1 5 16 24 
5: 4 7 33 
6: 8 11 19 30 34 
7: 5 12 22 
8: 6 10 11 25 
9: 0 2 14 29 32 
10: 3 8 35 
11: 0 6 8 14 15 35 47 
12: 1 7 13 17 
13: 1 12 16 46 
14: 9 11 24 27 30 34 
15: 3 11 28 39 45 
16: 4 13 17 
17: 12 16 18 20 36 
18: 17 20 33 49 
19: 6 26 39 
20: 17 18 21 23 
21: 20 22 41 
22: 7 21 23 
23: 20 22 31 
24: 4 14 26 32 35 37 
25: 8 34 35 37 43 
26: 19 24 34 
27: 0 14 34 47 
28: 1 15 29 45 
29: 9 28 30 34 
30: 6 14 29 34 48 
31: 23 33 38 
32: 2 9 24 37 39 45 47 
33: 5 18 31 36 
34: 6 14 25 26 27 29 30 
35: 3 10 11 24 25 45 47 
36: 17 33 38 44 
37: 24 25 32 39 47 
38: 31 36 40 43 
39: 15 19 32 37 47 
40: 38 41 42 
41: 21 40 42 
42: 40 41 43 49 
43: 25 38 42 44 
44: 36 43 46 
45: 15 28 32 35 
46: 2 13 44 48 
47: 11 27 32 35 37 39 
48: 1 30 46 49 
49: 18 42 48 
5