0: 8 18 21 26 37 42 
1: 4 24 
2: 5 11 26 33 
3: 8 13 36 
4: 1 6 22 
5: 2 19 38 
6: 4 9 29 
7: 18 26 33 
8: 0 3 45 
9: 6 12 25 
10: 15 26 33 
11: 2 13 14 18 
12: 9 16 39 
13: 3 11 37 
14: 11 15 24 46 
15: 10 14 37 
16: 12 17 40 47 
17: 16 20 49 
18: 0 7 11 28 
19: 5 24 34 36 45 
20: 17 22 29 
21: 0 38 46 
22: 4 20 24 28 
23: 34 45 46 
24: 1 14 19 22 25 37 49 
25: 9 24 27 31 32 
26: 0 2 7 10 38 40 
27: 25 28 43 
28: 18 22 27 29 
29: 6 20 28 30 
30: 29 31 35 
31: 25 30 32 41 
32: 25 31 35 
33: 2 7 10 42 45 
34: 19 23 36 38 44 
35: 30 32 39 
36: 3 19 34 44 
37: 0 13 15 24 
38: 5 21 26 34 
39: 12 35 40 
40: 16 26 39 41 48 
41: 31 40 43 
42: 0 33 44 
43: 27 41 47 
44: 34 36 42 
45: 8 19 23 33 
46: 14 21 23 
47: 16 43 48 
48: 40 47 49 
49: 17 24 48 
5