0: 1 
1: 0 6 15 
2: 23 25 36 43 
3: 12 16 17 24 32 35 
4: 5 7 17 30 35 45 49 
5: 4 16 25 27 32 35 43 
6: 1 8 42 
7: 4 17 24 30 35 43 
8: 6 9 33 
9: 8 11 18 46 48 
10: 26 27 47 
11: 9 13 14 20 40 
12: 3 16 23 24 30 
13: 11 14 15 36 
14: 11 13 15 
15: 1 13 14 18 
16: 3 5 12 38 43 45 
17: 3 4 7 30 38 49 
18: 9 15 19 48 
19: 18 20 40 
20: 11 19 21 37 
21: 20 22 39 
22: 21 33 44 
23: 2 12 29 47 
24: 3 7 12 25 43 
25: 2 5 24 28 29 49 
26: 10 29 45 
27: 5 10 28 36 38 45 47 
28: 25 27 32 38 45 
29: 23 25 26 30 31 
30: 4 7 12 17 29 
31: 29 42 47 
32: 3 5 28 42 49 
33: 8 22 34 
34: 33 36 40 41 
35: 3 4 5 7 41 
36: 2 13 27 34 37 
37: 20 36 39 
38: 16 17 27 28 43 
39: 21 37 40 
40: 11 19 34 39 41 
41: 34 35 40 42 
42: 6 31 32 41 44 
43: 2 5 7 16 24 38 45 
44: 22 42 46 
45: 4 16 26 27 28 43 
46: 9 44 48 
47: 10 23 27 31 49 
48: 9 18 46 
49: 4 17 25 32 47 
5