0: 5 10 12 19 44 
1: 4 20 36 
2: 9 20 29 34 
3: 17 20 29 36 
4: 1 11 40 41 
5: 0 6 48 
6: 5 7 13 16 
7: 6 10 29 35 42 
8: 24 32 43 
9: 2 18 28 31 32 40 47 
10: 0 7 12 
11: 4 20 37 
12: 0 10 13 17 
13: 6 12 14 
14: 13 15 22 39 45 
15: 14 16 26 30 
16: 6 15 19 23 
17: 3 12 20 22 47 
18: 9 20 41 
19: 0 16 21 33 
20: 1 2 3 11 17 18 49 
21: 19 22 27 38 
22: 14 17 21 23 
23: 16 22 26 
24: 8 25 41 
25: 24 37 38 45 
26: 15 23 27 
27: 21 26 30 
28: 9 40 49 
29: 2 3 7 49 
30: 15 27 33 
31: 9 34 37 43 
32: 8 9 41 
33: 19 30 35 
34: 2 31 38 40 
35: 7 33 39 48 
36: 1 3 38 40 
37: 11 25 31 47 
38: 21 25 34 36 43 
39: 14 35 42 
40: 4 9 28 34 36 
41: 4 18 24 32 
42: 7 39 44 46 
43: 8 31 38 47 
44: 0 42 45 
45: 14 25 44 46 
46: 42 45 48 
47: 9 17 37 43 49 
48: 5 35 46 
49: 20 28 29 47 
5