0: 2 17 
1: 9 21 35 36 49 
2: 0 3 10 12 13 
3: 2 6 7 31 
4: 16 19 27 36 
5: 8 23 31 34 37 39 
6: 3 7 38 
7: 3 6 10 
8: 5 11 39 
9: 1 34 42 44 
10: 2 7 12 14 43 
11: 8 42 44 
12: 2 10 13 
13: 2 12 14 
14: 10 13 15 
15: 14 17 47 
16: 4 18 25 38 45 
17: 0 15 20 41 
18: 16 27 30 46 
19: 4 34 46 
20: 17 22 26 33 
21: 1 27 30 49 
22: 20 24 29 
23: 5 25 32 
24: 22 26 28 
25: 16 23 27 42 44 
26: 20 24 28 40 44 
27: 4 18 21 25 32 35 
28: 24 26 29 
29: 22 28 31 
30: 18 21 32 35 37 46 
31: 3 5 29 33 
32: 23 27 30 34 39 
33: 20 31 38 48 
34: 5 9 19 32 
35: 1 27 30 37 39 
36: 1 4 45 
37: 5 30 35 
38: 6 16 33 40 45 48 
39: 5 8 32 35 44 45 49 
40: 26 38 41 
41: 17 40 43 
42: 9 11 25 44 
43: 10 41 47 
44: 9 11 25 26 39 42 46 
45: 16 36 38 39 49 
46: 18 19 30 44 49 
47: 15 43 48 49 
48: 33 38 47 
49: 1 21 39 45 46 47 
5