0: 1 29 
1: 0 3 4 
2: 5 13 24 31 34 38 42 
3: 1 4 17 
4: 1 3 8 42 49 
5: 2 7 12 18 21 23 
6: 19 32 38 46 
7: 5 14 16 18 24 33 47 
8: 4 9 11 25 39 48 
9: 8 11 47 
10: 13 18 31 32 
11: 8 9 14 
12: 5 16 18 23 29 33 34 
13: 2 10 22 29 
14: 7 11 15 35 37 43 
15: 14 17 27 33 
16: 7 12 21 23 38 
17: 3 15 25 
18: 5 7 10 12 32 44 46 
19: 6 24 34 
20: 21 23 38 
21: 5 16 20 29 32 42 46 
22: 13 33 
23: 5 12 16 20 32 
24: 2 7 19 31 32 41 44 
25: 8 17 26 
26: 25 27 30 45 
27: 15 26 28 
28: 27 30 47 
29: 0 12 13 21 33 38 42 
30: 26 28 35 
31: 2 10 24 34 46 
32: 6 10 18 21 23 24 33 
33: 7 12 15 22 29 32 41 
34: 2 12 19 31 
35: 14 30 36 
36: 35 37 40 
37: 14 36 39 
38: 2 6 16 20 29 46 
39: 8 37 40 49 
40: 36 39 43 
41: 24 33 42 47 
42: 2 4 21 29 41 44 
43: 14 40 45 
44: 18 24 42 
45: 26 43 47 
46: 6 18 21 31 38 
47: 7 9 28 41 45 48 
48: 8 47 49 
49: 4 39 48 
6