0: 11 29 38 42 
1: 19 26 41 42 44 
2: 4 17 32 
3: 5 38 42 46 47 
4: 2 6 13 19 37 
5: 3 8 34 46 
6: 4 7 40 45 
7: 6 10 13 15 
8: 5 26 33 44 
9: 23 30 41 47 49 
10: 7 13 28 
11: 0 12 20 30 41 
12: 11 18 22 26 38 48 
13: 4 7 10 14 
14: 13 15 18 25 31 
15: 7 14 17 
16: 21 22 46 
17: 2 15 18 
18: 12 14 17 19 
19: 1 4 18 24 
20: 11 23 26 38 
21: 16 30 34 
22: 12 16 26 
23: 9 20 26 
24: 19 25 27 38 
25: 14 24 27 47 
26: 1 8 12 20 22 23 29 
27: 24 25 28 
28: 10 27 31 33 35 
29: 0 26 47 
30: 9 11 21 46 48 
31: 14 28 32 
32: 2 31 33 
33: 8 28 32 35 39 
34: 5 21 41 
35: 28 33 36 38 43 
36: 35 37 40 45 
37: 4 36 39 
38: 0 3 12 20 24 35 48 
39: 33 37 40 
40: 6 36 39 43 
41: 1 9 11 34 46 48 
42: 0 1 3 46 
43: 35 40 45 
44: 1 8 49 
45: 6 36 43 
46: 3 5 16 30 41 42 
47: 3 9 25 29 49 
48: 12 30 38 41 
49: 9 44 47 
6