0: 2 3 16 
1: 8 27 48 
2: 0 3 15 
3: 0 2 5 
4: 12 13 29 34 42 
5: 3 6 15 45 
6: 5 9 10 30 43 
7: 29 32 38 
8: 1 20 37 
9: 6 10 14 
10: 6 9 11 23 49 
11: 10 14 41 44 
12: 4 13 17 20 34 42 
13: 4 12 40 49 
14: 9 11 15 24 
15: 2 5 14 16 31 
16: 0 15 21 
17: 12 19 25 38 40 46 
18: 19 29 48 
19: 17 18 28 49 
20: 8 12 38 48 
21: 16 22 35 47 
22: 21 23 39 
23: 10 22 24 49 
24: 14 23 30 32 40 
25: 17 32 33 38 40 
26: 36 40 46 
27: 1 36 37 
28: 19 33 36 
29: 4 7 18 42 
30: 6 24 31 
31: 15 30 35 
32: 7 24 25 37 46 
33: 25 28 
34: 4 12 36 37 39 
35: 21 31 39 
36: 26 27 28 34 
37: 8 27 32 34 38 
38: 7 17 20 25 37 
39: 22 34 35 41 
40: 13 17 24 25 26 
41: 11 39 43 48 
42: 4 12 29 46 
43: 6 41 44 
44: 11 43 45 
45: 5 44 47 
46: 17 26 32 42 
47: 21 45 49 
48: 1 18 20 41 
49: 10 13 19 23 47 
6