0: 6 7 10 26 
1: 14 20 21 23 43 45 
2: 3 
3: 2 4 49 
4: 3 5 46 
5: 4 8 44 
6: 0 18 23 32 36 
7: 0 23 27 40 
8: 5 10 29 31 
9: 11 27 43 
10: 0 8 13 46 
11: 9 22 36 45 
12: 20 29 40 41 
13: 10 16 19 29 
14: 1 40 43 45 
15: 21 26 40 48 
16: 13 19 23 47 
17: 20 32 45 
18: 6 21 22 26 
19: 13 16 24 25 
20: 1 12 17 
21: 1 15 18 22 
22: 11 18 21 35 
23: 1 6 7 16 
24: 19 25 32 39 
25: 19 24 28 
26: 0 15 18 32 
27: 7 9 32 36 
28: 25 29 34 49 
29: 8 12 13 28 30 
30: 29 31 38 42 
31: 8 30 33 
32: 6 17 24 26 27 35 49 
33: 31 34 37 
34: 28 33 37 
35: 22 32 43 
36: 6 11 27 44 
37: 33 34 38 
38: 30 37 39 
39: 24 38 42 
40: 7 12 14 15 41 
41: 12 40 48 
42: 30 39 44 
43: 1 9 14 35 
44: 5 36 42 46 
45: 1 11 14 17 48 
46: 4 10 44 47 
47: 16 46 49 
48: 15 41 45 
49: 3 28 32 47 
6