0: 5 19 27 28 
1: 3 13 
2: 20 33 36 
3: 1 6 8 42 45 47 
4: 8 17 36 43 
5: 0 8 42 
6: 3 10 15 
7: 11 12 31 41 
8: 3 4 5 19 28 31 
9: 17 43 47 
10: 6 13 45 
11: 7 19 46 
12: 7 42 46 
13: 1 10 15 46 
14: 25 42 46 47 
15: 6 13 16 32 
16: 15 18 38 39 
17: 4 9 36 
18: 16 21 24 
19: 0 8 11 
20: 2 25 44 47 
21: 18 22 26 35 
22: 21 23 49 
23: 22 24 27 40 49 
24: 18 23 26 
25: 14 20 33 
26: 21 24 27 
27: 0 23 26 29 
28: 0 8 31 
29: 27 30 48 
30: 29 32 44 
31: 7 8 28 
32: 15 30 35 
33: 2 25 41 
34: 37 41 46 
35: 21 32 38 
36: 2 4 17 41 
37: 34 47 
38: 16 35 39 
39: 16 38 40 
40: 23 39 44 
41: 7 33 34 36 
42: 3 5 12 14 43 
43: 4 9 42 
44: 20 30 40 45 
45: 3 10 44 48 
46: 11 12 13 14 34 
47: 3 9 14 20 37 
48: 29 45 49 
49: 22 23 48 
6