0: 4 34 48 
1: 14 18 23 42 
2: 9 12 19 24 48 
3: 8 9 17 41 
4: 0 5 6 10 22 32 
5: 4 6 20 38 
6: 4 5 7 
7: 6 10 31 
8: 3 24 31 36 46 
9: 2 3 26 31 
10: 4 7 11 35 49 
11: 10 14 43 45 
12: 2 15 26 
13: 16 23 29 47 
14: 1 11 20 21 30 
15: 12 16 48 
16: 13 15 17 23 37 
17: 3 16 44 46 47 
18: 1 24 47 
19: 2 42 48 
20: 5 14 21 49 
21: 14 20 22 42 
22: 4 21 27 
23: 1 13 16 
24: 2 8 18 42 
25: 26 41 44 47 
26: 9 12 25 40 
27: 22 28 39 
28: 27 30 33 
29: 13 
30: 14 28 31 
31: 7 8 9 30 32 
32: 4 31 33 
33: 28 32 34 
34: 0 33 35 
35: 10 34 36 
36: 8 35 38 39 
37: 16 41 47 
38: 5 36 39 
39: 27 36 38 43 
40: 26 41 46 
41: 3 25 37 40 
42: 1 19 21 24 
43: 11 39 45 
44: 17 25 47 
45: 11 43 49 
46: 8 17 40 
47: 13 17 18 25 37 44 
48: 0 2 15 19 
49: 10 20 45 
6