0: 2 35 
1: 10 21 
2: 0 5 13 14 
3: 10 23 35 37 
4: 17 37 45 48 
5: 2 6 19 40 
6: 5 7 9 
7: 6 8 46 
8: 7 9 10 11 33 
9: 6 8 11 
10: 1 3 8 17 28 45 48 
11: 8 9 13 22 
12: 19 44 45 48 49 
13: 2 11 14 
14: 2 13 15 
15: 14 16 24 28 
16: 15 19 38 41 
17: 4 10 32 48 
18: 25 28 41 45 
19: 5 12 16 20 
20: 19 22 40 
21: 1 25 27 
22: 11 20 24 31 47 
23: 3 25 29 36 39 42 49 
24: 15 22 30 47 
25: 18 21 23 32 37 
26: 36 48 49 
27: 21 42 44 45 
28: 10 15 18 36 41 
29: 23 32 41 
30: 24 31 43 
31: 22 30 33 
32: 17 25 29 34 49 
33: 8 31 35 
34: 32 39 42 44 
35: 0 3 33 38 
36: 23 26 28 
37: 3 4 25 44 46 
38: 16 35 40 
39: 23 34 41 
40: 5 20 38 43 
41: 16 18 28 29 39 
42: 23 27 34 
43: 30 40 46 
44: 12 27 34 37 
45: 4 10 12 18 27 
46: 7 37 43 47 
47: 22 24 46 
48: 4 10 12 17 26 
49: 12 23 26 32 
6