0: 3 13 41 
1: 2 4 23 
2: 1 12 19 22 
3: 0 4 6 36 
4: 1 3 7 
5: 6 39 
6: 3 5 8 20 
7: 4 23 40 
8: 6 9 17 35 38 
9: 8 14 49 
10: 15 29 34 42 
11: 29 33 41 43 
12: 2 25 28 
13: 0 14 22 33 
14: 9 13 16 18 45 
15: 10 22 28 43 
16: 14 17 24 26 
17: 8 16 18 46 
18: 14 17 20 25 32 
19: 2 21 33 36 43 
20: 6 18 21 
21: 19 20 24 42 44 
22: 2 13 15 37 
23: 1 7 37 
24: 16 21 26 49 
25: 12 18 27 41 42 
26: 16 24 30 
27: 25 
28: 12 15 42 
29: 10 11 40 
30: 26 31 34 
31: 30 32 47 48 
32: 18 31 34 
33: 11 13 19 36 
34: 10 30 32 35 
35: 8 34 38 
36: 3 19 33 
37: 22 23 40 
38: 8 35 39 
39: 5 38 44 
40: 7 29 37 
41: 0 11 25 
42: 10 21 25 28 
43: 11 15 19 
44: 21 39 45 
45: 14 44 46 
46: 17 45 47 
47: 31 46 48 
48: 31 47 49 
49: 9 24 48 
6