0: 3 
1: 4 10 11 14 28 30 
2: 6 27 39 41 
3: 0 5 19 25 
4: 1 14 26 27 28 39 46 
5: 3 7 23 47 
6: 2 9 27 35 44 46 48 
7: 5 12 37 42 
8: 17 30 36 39 40 41 
9: 6 22 24 30 39 40 
10: 1 11 27 42 
11: 1 10 29 35 46 
12: 7 13 34 
13: 12 15 16 34 
14: 1 4 27 41 
15: 13 16 34 45 
16: 13 15 17 43 
17: 8 16 18 31 
18: 17 20 44 
19: 3 28 29 40 42 
20: 18 23 32 49 
21: 24 26 35 
22: 9 24 28 
23: 5 20 25 33 
24: 9 21 22 41 
25: 3 23 31 36 38 
26: 4 21 27 40 44 
27: 2 4 6 10 14 26 29 
28: 1 4 19 22 46 48 
29: 11 19 27 42 48 
30: 1 8 9 39 
31: 17 25 32 
32: 20 31 33 
33: 23 32 34 
34: 12 13 15 33 36 
35: 6 11 21 
36: 8 25 34 37 49 
37: 7 36 38 
38: 25 37 43 
39: 2 4 8 9 30 48 
40: 8 9 19 26 
41: 2 8 14 24 48 
42: 7 10 19 29 46 
43: 16 38 44 
44: 6 18 26 43 45 
45: 15 44 47 
46: 4 6 11 28 42 
47: 5 45 49 
48: 6 28 29 39 41 
49: 20 36 47 
6