0: 22 39 48 
1: 4 13 29 39 46 
2: 5 
3: 9 19 36 
4: 1 5 9 15 31 
5: 2 4 7 41 44 
6: 12 18 24 40 46 
7: 5 8 18 20 25 33 
8: 7 10 27 49 
9: 3 4 23 24 46 
10: 8 11 14 
11: 10 14 29 34 
12: 6 13 26 45 
13: 1 12 18 32 
14: 10 11 16 
15: 4 32 35 40 46 
16: 14 17 35 
17: 16 20 30 33 
18: 6 7 13 31 44 46 
19: 3 31 39 45 
20: 7 17 21 
21: 20 25 43 
22: 0 24 44 
23: 9 31 32 
24: 6 9 22 
25: 7 21 27 
26: 12 36 40 44 48 
27: 8 25 28 
28: 27 29 38 
29: 1 11 28 30 49 
30: 17 29 33 
31: 4 18 19 23 
32: 13 15 23 45 
33: 7 17 30 34 
34: 11 33 35 
35: 15 16 34 37 
36: 3 26 39 49 
37: 35 38 47 
38: 28 37 41 
39: 0 1 19 36 
40: 6 15 26 
41: 5 38 43 
42: 48 
43: 21 41 47 
44: 5 18 22 26 
45: 12 19 32 
46: 1 6 9 15 18 
47: 37 43 49 
48: 0 26 42 
49: 8 29 36 47 
6