0: 3 20 27 29 
1: 6 7 11 15 
2: 10 15 25 43 48 
3: 0 5 33 41 
4: 10 14 36 47 
5: 3 8 9 46 
6: 1 7 15 22 39 44 
7: 1 6 33 39 
8: 5 12 46 
9: 5 26 37 39 49 
10: 2 4 18 22 37 48 49 
11: 1 26 39 44 
12: 8 13 19 31 
13: 12 16 19 35 
14: 4 18 42 44 
15: 1 2 6 33 
16: 13 17 32 
17: 16 19 21 
18: 10 14 34 48 
19: 12 13 17 20 43 
20: 0 19 21 
21: 17 20 23 
22: 6 10 24 49 
23: 21 25 28 
24: 22 26 48 49 
25: 2 23 27 40 
26: 9 11 24 33 36 
27: 0 25 28 
28: 23 27 29 
29: 0 28 30 
30: 29 31 38 
31: 12 30 32 
32: 16 31 35 
33: 3 7 15 26 36 
34: 18 43 49 
35: 13 32 38 
36: 4 26 33 41 42 43 
37: 9 10 42 43 
38: 30 35 40 
39: 6 7 9 11 46 
40: 25 38 41 45 
41: 3 36 40 45 
42: 14 36 37 
43: 2 19 34 36 37 
44: 6 11 14 47 49 
45: 40 41 46 
46: 5 8 39 45 
47: 4 44 
48: 2 10 18 24 
49: 9 10 22 24 34 44 
6