0: 2 
1: 6 10 34 46 47 48 
2: 0 3 22 36 
3: 2 4 29 33 
4: 3 7 30 
5: 14 26 31 
6: 1 15 29 43 
7: 4 9 49 
8: 25 35 40 
9: 7 12 30 
10: 1 11 25 28 
11: 10 13 37 
12: 9 16 38 
13: 11 14 40 
14: 5 13 17 
15: 6 25 35 41 
16: 12 20 22 
17: 14 18 43 44 
18: 17 19 44 
19: 18 26 47 
20: 16 21 42 
21: 20 22 35 49 
22: 2 16 21 23 24 
23: 22 24 39 41 
24: 22 23 29 
25: 8 10 15 27 31 
26: 5 19 34 40 
27: 25 37 44 
28: 10 37 48 
29: 3 6 24 30 47 
30: 4 9 29 32 34 
31: 5 25 40 
32: 30 33 38 
33: 3 32 36 
34: 1 26 30 37 47 
35: 8 15 21 43 
36: 2 33 38 
37: 11 27 28 34 
38: 12 32 36 39 
39: 23 38 41 45 46 
40: 8 13 26 31 
41: 15 23 39 42 
42: 20 41 45 
43: 6 17 35 
44: 17 18 27 48 
45: 39 42 46 
46: 1 39 45 49 
47: 1 19 29 34 
48: 1 28 44 
49: 7 21 46 
6