0: 10 13 43 
1: 2 
2: 1 3 28 49 
3: 2 4 14 
4: 3 5 29 
5: 4 9 19 
6: 15 23 27 32 43 46 
7: 8 21 33 43 
8: 7 11 13 19 27 43 
9: 5 12 31 34 
10: 0 27 46 
11: 8 14 16 39 44 
12: 9 14 48 
13: 0 8 16 22 46 47 
14: 3 11 12 15 
15: 6 14 17 23 
16: 11 13 32 41 45 
17: 15 18 28 
18: 17 19 25 45 
19: 5 8 18 23 
20: 26 27 39 40 46 
21: 7 22 32 33 39 41 
22: 13 21 36 46 
23: 6 15 19 24 42 
24: 23 25 29 49 
25: 18 24 28 
26: 20 33 36 
27: 6 8 10 20 36 
28: 2 17 25 29 
29: 4 24 28 30 41 
30: 29 31 38 45 
31: 9 30 34 
32: 6 16 21 
33: 7 21 26 37 39 40 44 
34: 9 31 38 
35: 39 40 43 46 47 
36: 22 26 27 37 
37: 33 36 41 44 
38: 30 34 42 
39: 11 20 21 33 35 
40: 20 33 35 43 
41: 16 21 29 37 44 47 
42: 23 38 45 
43: 0 6 7 8 35 40 
44: 11 33 37 41 47 
45: 16 18 30 42 48 
46: 6 10 13 20 22 35 
47: 13 35 41 44 
48: 12 45 49 
49: 2 24 48 
6