0: 2 7 49 
1: 11 15 37 39 42 
2: 0 3 24 
3: 2 5 43 
4: 8 15 18 
5: 3 7 12 36 40 
6: 19 29 44 
7: 0 5 9 
8: 4 42 46 48 
9: 7 10 41 
10: 9 12 39 
11: 1 25 42 
12: 5 10 16 34 
13: 17 21 25 
14: 32 38 48 
15: 1 4 17 18 30 35 45 
16: 12 20 22 26 45 
17: 13 15 38 
18: 4 15 23 
19: 6 23 35 38 41 
20: 16 22 41 44 
21: 13 23 34 
22: 16 20 24 
23: 18 19 21 25 46 
24: 2 22 26 33 
25: 11 13 23 
26: 16 24 27 28 
27: 26 28 31 
28: 26 27 31 
29: 6 30 37 
30: 15 29 32 
31: 27 28 33 
32: 14 30 44 
33: 24 31 36 
34: 12 21 37 42 
35: 15 19 37 48 
36: 5 33 39 
37: 1 29 34 35 
38: 14 17 19 
39: 1 10 36 40 47 
40: 5 39 41 
41: 9 19 20 40 42 43 
42: 1 8 11 34 41 
43: 3 41 45 
44: 6 20 32 46 
45: 15 16 43 47 49 
46: 8 23 44 48 
47: 39 45 49 
48: 8 14 35 46 
49: 0 45 47 
6