0: 23 24 35 42 
1: 12 14 15 31 35 42 
2: 5 9 29 32 
3: 16 28 38 44 
4: 11 15 23 35 39 
5: 2 6 30 
6: 5 7 10 20 41 
7: 6 8 37 49 
8: 7 9 21 41 
9: 2 8 10 45 
10: 6 9 14 16 
11: 4 14 
12: 1 17 18 28 35 36 40 
13: 19 39 40 
14: 1 10 11 17 34 36 44 
15: 1 4 18 37 39 
16: 3 10 20 49 
17: 12 14 19 23 28 38 42 
18: 12 15 23 24 32 47 
19: 13 17 34 
20: 6 16 21 22 
21: 8 20 22 47 
22: 20 21 25 33 
23: 0 4 17 18 31 32 39 
24: 0 18 34 35 38 
25: 22 26 43 
26: 25 27 48 
27: 26 29 46 
28: 3 12 17 34 42 44 
29: 2 27 30 
30: 5 29 33 
31: 1 23 36 39 
32: 2 18 23 36 40 42 
33: 22 30 37 38 
34: 14 19 24 28 38 
35: 0 1 4 12 24 
36: 12 14 31 32 38 40 42 
37: 7 15 33 41 
38: 3 17 24 33 34 36 44 
39: 4 13 15 23 31 
40: 12 13 32 36 
41: 6 8 37 43 
42: 0 1 17 28 32 36 
43: 25 41 45 
44: 3 14 28 38 
45: 9 43 46 
46: 27 45 47 
47: 18 21 46 48 
48: 26 47 49 
49: 7 16 48 
6