0: 2 
1: 3 4 25 38 
2: 0 5 21 49 
3: 1 35 43 
4: 1 7 9 26 32 
5: 2 10 21 
6: 25 36 40 
7: 4 31 35 
8: 19 24 32 
9: 4 30 32 35 
10: 5 11 12 13 17 23 
11: 10 14 25 32 35 43 
12: 10 13 15 20 22 
13: 10 12 15 
14: 11 31 47 
15: 12 13 16 
16: 15 17 41 
17: 10 16 18 
18: 17 20 45 
19: 8 34 44 
20: 12 18 21 
21: 2 5 20 22 
22: 12 21 23 
23: 10 22 26 28 34 
24: 8 34 44 
25: 1 6 11 30 
26: 4 23 27 39 46 
27: 26 29 45 
28: 23 35 41 42 47 49 
29: 27 33 41 
30: 9 25 36 38 42 
31: 7 14 47 
32: 4 8 9 11 
33: 29 37 45 
34: 19 23 24 42 
35: 3 7 9 11 28 
36: 6 30 40 43 
37: 33 39 48 49 
38: 1 30 47 
39: 26 37 41 
40: 6 36 44 
41: 16 28 29 39 45 
42: 28 30 34 43 
43: 3 11 36 42 
44: 19 24 40 
45: 18 27 33 41 46 
46: 26 45 48 
47: 14 28 31 38 
48: 37 46 49 
49: 2 28 37 48 
6