0: 1 5 19 29 30 43 
1: 0 16 40 43 45 
2: 24 38 40 
3: 4 
4: 3 8 22 
5: 0 13 14 24 
6: 14 30 45 
7: 16 18 20 34 38 44 47 
8: 4 9 13 
9: 8 10 11 
10: 9 11 31 41 48 
11: 9 10 12 15 16 
12: 11 13 35 39 
13: 5 8 12 15 
14: 5 6 23 
15: 11 13 17 25 
16: 1 7 11 20 27 
17: 15 19 21 33 36 42 
18: 7 20 34 38 40 42 43 
19: 0 17 24 26 44 49 
20: 7 16 18 23 24 34 44 
21: 17 22 27 39 
22: 4 21 25 
23: 14 20 24 28 38 
24: 2 5 19 20 23 38 49 
25: 15 22 26 
26: 19 25 31 32 
27: 16 21 43 45 49 
28: 23 47 49 
29: 0 30 34 47 
30: 0 6 29 
31: 10 26 32 
32: 26 31 33 
33: 17 32 35 
34: 7 18 20 29 45 
35: 12 33 36 
36: 17 35 37 
37: 36 39 46 
38: 2 7 18 23 24 44 49 
39: 12 21 37 41 48 
40: 1 2 18 49 
41: 10 39 42 
42: 17 18 41 46 
43: 0 1 18 27 44 45 47 
44: 7 19 20 38 43 45 47 
45: 1 6 27 34 43 44 49 
46: 37 42 48 
47: 7 28 29 43 44 
48: 10 39 46 
49: 19 24 27 28 38 40 45 
6