0: 10 18 20 28 30 33 
1: 9 16 29 30 
2: 4 32 37 
3: 12 18 20 
4: 2 5 28 34 45 
5: 4 6 45 
6: 5 7 17 23 48 
7: 6 11 21 40 
8: 10 14 16 29 38 46 
9: 1 20 33 42 48 49 
10: 0 8 18 42 
11: 7 17 26 
12: 3 16 49 
13: 15 19 46 
14: 8 33 38 46 
15: 13 19 40 
16: 1 8 12 21 28 
17: 6 11 21 
18: 0 3 10 44 
19: 13 15 38 
20: 0 3 9 42 
21: 7 16 17 22 
22: 21 23 24 
23: 6 22 24 
24: 22 23 25 
25: 24 26 35 
26: 11 25 27 
27: 26 31 39 41 43 
28: 0 4 16 44 47 
29: 1 8 
30: 0 1 36 
31: 27 32 41 
32: 2 31 34 
33: 0 9 14 
34: 4 32 35 
35: 25 34 37 49 
36: 30 40 44 
37: 2 35 39 
38: 8 14 19 40 42 
39: 27 37 41 
40: 7 15 36 38 
41: 27 31 39 43 48 
42: 9 10 20 38 46 
43: 27 41 45 47 
44: 18 28 36 49 
45: 4 5 43 47 
46: 8 13 14 42 
47: 28 43 45 48 
48: 6 9 41 47 
49: 9 12 35 44 
6