0: 2 12 
1: 5 6 28 49 
2: 0 3 27 37 
3: 2 9 19 23 47 
4: 7 11 12 17 18 
5: 1 14 16 42 48 
6: 1 12 17 
7: 4 8 12 15 16 
8: 7 15 19 22 32 
9: 3 10 29 39 
10: 9 13 31 33 
11: 4 17 19 21 26 40 48 
12: 0 4 6 7 35 
13: 10 14 25 
14: 5 13 20 38 
15: 7 8 32 41 
16: 5 7 26 35 
17: 4 6 11 40 42 
18: 4 32 35 42 
19: 3 8 11 26 32 43 
20: 14 23 45 
21: 11 28 40 49 
22: 8 35 
23: 3 20 24 30 
24: 23 25 40 43 
25: 13 24 27 
26: 11 16 19 49 
27: 2 25 29 
28: 1 21 32 
29: 9 27 30 34 
30: 23 29 31 
31: 10 30 33 
32: 8 15 18 19 28 48 
33: 10 31 34 47 
34: 29 33 36 
35: 12 16 18 22 38 44 48 
36: 34 37 46 
37: 2 36 38 
38: 14 35 37 39 
39: 9 38 43 
40: 11 17 21 24 41 42 48 
41: 15 40 44 48 
42: 5 17 18 40 
43: 19 24 39 45 
44: 35 41 49 
45: 20 43 46 
46: 36 45 47 
47: 3 33 46 
48: 5 11 32 35 40 41 
49: 1 21 26 44 
6