0: 4 9 10 22 43 
1: 2 
2: 1 6 22 34 
3: 32 37 46 
4: 0 9 32 
5: 10 12 23 46 
6: 2 7 16 19 36 
7: 6 8 30 
8: 7 11 28 
9: 0 4 12 47 
10: 0 5 26 43 
11: 8 13 15 23 42 
12: 5 9 41 48 
13: 11 14 18 
14: 13 16 17 
15: 11 19 20 35 47 
16: 6 14 17 
17: 14 16 18 
18: 13 17 21 
19: 6 15 25 46 
20: 15 26 48 
21: 18 24 28 39 
22: 0 2 26 46 
23: 5 11 25 45 48 
24: 21 28 44 
25: 19 23 35 
26: 10 20 22 33 40 
27: 40 41 43 45 
28: 8 21 24 29 33 49 
29: 28 30 36 47 
30: 7 29 31 
31: 30 33 38 
32: 3 4 45 
33: 26 28 31 34 49 
34: 2 33 36 
35: 15 25 47 
36: 6 29 34 38 
37: 3 41 48 
38: 31 36 39 
39: 21 38 42 
40: 26 27 
41: 12 27 37 
42: 11 39 44 
43: 0 10 27 
44: 24 42 49 
45: 23 27 32 
46: 3 5 19 22 
47: 9 15 29 35 
48: 12 20 23 37 
49: 28 33 44 
6