0: 1 
1: 0 2 
2: 1 3 
3: 2 8 
4: 187 398 
5: 180 239 
6: 16 48 405 
7: 51 167 217 478 486 
8: 3 9 
9: 8 10 
10: 9 11 
11: 10 12 208 
12: 11 13 
13: 12 14 
14: 13 19 
15: 136 198 308 449 480 
16: 6 364 372 437 
17: 137 155 292 
18: 155 183 272 
19: 14 20 
20: 19 23 
21: 64 73 293 400 407 
22: 119 199 364 
23: 20 26 
24: 186 296 303 
25: 56 95 338 464 
26: 23 28 
27: 137 154 167 442 497 
28: 26 32 
29: 40 156 275 321 341 
30: 69 112 364 426 
31: 139 277 349 443 497 
32: 28 33 
33: 32 34 323 
34: 33 37 
35: 83 313 362 363 486 
36: 309 419 
37: 34 38 
38: 37 43 
39: 95 186 341 358 468 
40: 29 359 
41: 188 258 
42: 91 175 247 354 437 
43: 38 46 
44: 94 290 465 
45: 102 112 470 
46: 43 47 144 
47: 46 49 
48: 6 160 
49: 47 50 
50: 49 52 
51: 7 162 
52: 50 54 
53: 208 313 368 479 
54: 52 55 
55: 54 57 
56: 25 106 177 180 208 
57: 55 58 
58: 57 59 
59: 58 60 
60: 59 62 
61: 78 119 319 397 488 
62: 60 63 
63: 62 66 163 
64: 21 111 251 264 
65: 144 479 
66: 63 67 
67: 66 68 
68: 67 71 
69: 30 135 402 
70: 163 251 319 355 
71: 68 72 
72: 71 74 
73: 21 122 136 381 
74: 72 79 421 
75: 98 341 490 
76: 102 248 339 384 489 
77: 220 261 371 
78: 61 159 175 237 361 
79: 74 80 
80: 79 84 
81: 130 144 184 426 
82: 228 315 412 424 469 
83: 35 304 442 
84: 80 86 
85: 108 387 
86: 84 88 
87: 357 395 455 471 
88: 86 90 195 
89: 355 371 453 
90: 88 93 
91: 42 174 261 
92: 135 262 277 292 477 
93: 90 96 
94: 44 150 239 380 468 
95: 25 39 98 208 483 
96: 93 97 127 
97: 96 99 
98: 75 95 293 415 499 
99: 97 101 492 
100: 226 264 290 
101: 99 103 
102: 45 76 414 
103: 101 104 
104: 103 109 
105: 127 159 266 465 
106: 56 166 312 319 
107: 170 226 359 395 
108: 85 208 244 275 
109: 104 110 498 
110: 109 113 
111: 64 310 
112: 30 45 
113: 110 115 
114: 202 313 396 496 
115: 113 116 
116: 115 117 
117: 116 118 
118: 117 121 
119: 22 61 310 
120: 127 228 337 
121: 118 125 
122: 73 139 277 
123: 307 408 411 478 
124: 139 391 400 412 422 
125: 121 126 
126: 125 128 
127: 96 105 120 278 452 
128: 126 130 
129: 307 390 421 
130: 81 128 131 337 
131: 130 132 
132: 131 134 
133: 160 210 261 308 
134: 132 140 
135: 69 92 199 489 
136: 15 73 303 
137: 17 27 202 354 
138: 152 166 194 228 332 
139: 31 122 124 
140: 134 141 
141: 140 142 
142: 141 143 
143: 142 145 312 
144: 46 65 81 168 198 
145: 143 146 
146: 145 147 
147: 146 148 
148: 147 151 
149: 253 358 363 
150: 94 167 295 321 
151: 148 153 
152: 138 474 
153: 151 157 
154: 27 165 434 469 
155: 17 18 
156: 29 189 198 278 
157: 153 158 
158: 157 161 
159: 78 105 290 404 
160: 48 133 300 453 
161: 158 169 
162: 51 210 339 448 470 
163: 63 70 278 323 470 
164: 278 422 
165: 154 200 380 388 443 
166: 106 138 199 
167: 7 27 150 189 281 
168: 144 443 488 
169: 161 171 
170: 107 216 
171: 169 172 
172: 171 173 
173: 172 176 
174: 91 304 
175: 42 78 224 257 398 
176: 173 178 203 
177: 56 204 293 424 492 
178: 176 179 
179: 178 181 
180: 5 56 184 370 
181: 179 185 
182: 385 474 
183: 18 214 424 
184: 81 180 
185: 181 190 257 
186: 24 39 216 349 354 
187: 4 211 368 392 
188: 41 384 
189: 156 167 204 364 
190: 185 191 236 
191: 190 196 
192: 238 310 313 458 
193: 218 220 281 388 479 
194: 138 324 476 
195: 88 290 390 
196: 191 197 
197: 196 201 
198: 15 144 156 245 307 
199: 22 135 166 296 415 
200: 165 269 319 
201: 197 205 
202: 114 137 218 375 474 
203: 176 346 419 466 
204: 177 189 415 426 469 
205: 201 206 
206: 205 207 
207: 206 209 
208: 11 53 56 95 108 
209: 207 212 
210: 133 162 411 
211: 187 230 257 442 
212: 209 215 
213: 308 411 
214: 183 390 433 465 
215: 212 219 
216: 170 186 459 475 
217: 7 228 443 465 
218: 193 202 375 419 449 
219: 215 221 
220: 77 193 379 449 
221: 219 222 
222: 221 223 
223: 222 225 
224: 175 468 
225: 223 227 
226: 100 107 339 
227: 225 229 
228: 82 120 138 217 324 
229: 227 231 
230: 211 275 
231: 229 232 
232: 231 233 
233: 232 234 
234: 233 235 
235: 234 242 
236: 190 315 331 332 388 
237: 78 279 326 
238: 192 387 
239: 5 94 434 
240: 347 459 468 
241: 313 360 
242: 235 243 
243: 242 245 
244: 108 264 275 442 470 
245: 198 243 246 281 
246: 245 248 
247: 42 293 356 484 
248: 76 246 249 
249: 248 250 
250: 249 252 
251: 64 70 375 390 
252: 250 254 
253: 149 418 
254: 252 255 
255: 254 256 
256: 255 259 337 
257: 175 185 211 370 
258: 41 324 341 379 497 
259: 256 260 
260: 259 263 381 
261: 77 91 133 269 314 
262: 92 391 480 
263: 260 265 
264: 64 100 244 346 466 
265: 263 266 
266: 105 265 267 
267: 266 268 
268: 267 270 
269: 200 261 325 392 498 
270: 268 271 
271: 270 273 
272: 18 404 443 
273: 271 274 
274: 273 276 310 
275: 29 108 230 244 312 
276: 274 280 
277: 31 92 122 321 
278: 127 156 163 164 
279: 237 323 385 
280: 276 282 
281: 167 193 245 421 467 
282: 280 283 
283: 282 285 
284: 355 391 478 
285: 283 286 
286: 285 287 
287: 286 288 474 
288: 287 289 494 
289: 288 291 
290: 44 100 159 195 368 
291: 289 294 
292: 17 92 
293: 21 98 177 247 
294: 291 297 
295: 150 469 492 
296: 24 199 315 390 474 
297: 294 298 
298: 297 299 
299: 298 301 
300: 160 380 
301: 299 302 
302: 301 305 
303: 24 136 355 
304: 83 174 
305: 302 306 
306: 305 311 
307: 123 129 198 375 492 
308: 15 133 213 
309: 36 370 453 
310: 111 119 192 274 
311: 306 316 
312: 106 143 275 400 497 
313: 35 53 114 192 241 
314: 261 465 484 
315: 82 236 296 321 
316: 311 317 321 
317: 316 318 
318: 317 320 
319: 61 70 106 200 
320: 318 322 
321: 29 150 277 315 316 
322: 320 325 
323: 33 163 279 477 478 
324: 194 228 258 467 
325: 269 322 327 
326: 237 470 
327: 325 328 
328: 327 329 
329: 328 330 477 
330: 329 334 
331: 236 364 397 499 
332: 138 236 347 435 
333: 398 412 414 
334: 330 335 
335: 334 336 
336: 335 338 
337: 120 130 256 437 488 
338: 25 336 340 
339: 76 162 226 480 
340: 338 342 
341: 29 39 75 258 
342: 340 343 
343: 342 344 
344: 343 345 
345: 344 348 
346: 203 264 360 396 418 
347: 240 332 392 
348: 345 350 
349: 31 186 490 
350: 348 351 
351: 350 352 
352: 351 353 
353: 352 361 496 
354: 42 137 186 356 
355: 70 89 284 303 
356: 247 354 388 446 494 
357: 87 380 472 496 
358: 39 149 476 
359: 40 107 362 
360: 241 346 363 401 
361: 78 353 365 
362: 35 359 411 437 
363: 35 149 360 426 
364: 16 22 30 189 331 
365: 361 366 
366: 365 367 
367: 366 369 
368: 53 187 290 498 
369: 367 373 
370: 180 257 309 
371: 77 89 386 499 
372: 16 467 
373: 369 374 
374: 373 376 
375: 202 218 251 307 
376: 374 377 
377: 376 378 
378: 377 382 
379: 220 258 424 449 497 
380: 94 165 300 357 468 
381: 73 260 407 
382: 378 383 
383: 382 386 
384: 76 188 385 453 
385: 182 279 384 
386: 371 383 389 
387: 85 238 
388: 165 193 236 356 
389: 386 393 
390: 129 195 214 251 296 
391: 124 262 284 452 
392: 187 269 347 
393: 389 394 
394: 393 399 
395: 87 107 
396: 114 346 
397: 61 331 415 
398: 4 175 333 421 
399: 394 401 
400: 21 124 312 
401: 360 399 402 
402: 69 401 403 
403: 402 405 
404: 159 272 
405: 6 403 406 
406: 405 408 
407: 21 381 
408: 123 406 409 
409: 408 410 
410: 409 413 
411: 123 210 213 362 
412: 82 124 333 
413: 410 416 
414: 102 333 
415: 98 199 204 397 434 
416: 413 417 
417: 416 420 
418: 253 346 422 
419: 36 203 218 476 
420: 417 423 
421: 74 129 281 398 
422: 124 164 418 
423: 420 425 
424: 82 177 183 379 
425: 423 427 
426: 30 81 204 363 
427: 425 428 
428: 427 429 
429: 428 430 
430: 429 431 
431: 430 432 
432: 431 433 
433: 214 432 435 
434: 154 239 415 486 
435: 332 433 436 
436: 435 438 
437: 16 42 337 362 442 
438: 436 439 
439: 438 440 
440: 439 441 
441: 440 444 
442: 27 83 211 244 437 
443: 31 165 168 217 272 
444: 441 445 
445: 444 447 
446: 356 452 
447: 445 448 
448: 162 447 450 
449: 15 218 220 379 
450: 448 451 
451: 450 454 
452: 127 391 446 478 
453: 89 160 309 384 467 
454: 451 455 
455: 87 454 456 
456: 455 457 
457: 456 458 
458: 192 457 460 
459: 216 240 
460: 458 461 
461: 460 462 
462: 461 463 
463: 462 464 
464: 25 463 472 
465: 44 105 214 217 314 
466: 203 264 
467: 281 324 372 453 496 
468: 39 94 224 240 380 
469: 82 154 204 295 476 
470: 45 162 163 244 326 
471: 87 496 
472: 357 464 473 
473: 472 475 
474: 152 182 202 287 296 
475: 216 473 481 
476: 194 358 419 469 
477: 92 323 329 
478: 7 123 284 323 452 
479: 53 65 193 
480: 15 262 339 
481: 475 482 
482: 481 483 
483: 95 482 485 
484: 247 314 
485: 483 487 
486: 7 35 434 
487: 485 491 
488: 61 168 337 
489: 76 135 
490: 75 349 
491: 487 493 
492: 99 177 295 307 
493: 491 495 
494: 288 356 498 
495: 493 
496: 114 353 357 467 471 
497: 27 31 258 312 379 
498: 109 269 368 494 
499: 98 331 371 
44