0: 314 338 391 
1: 61 174 348 
2: 268 301 471 
3: 5 
4: 10 198 414 434 478 
5: 3 12 
6: 66 74 359 399 463 
7: 282 283 428 453 
8: 189 282 
9: 245 273 285 323 
10: 4 481 
11: 206 378 
12: 5 13 
13: 12 14 82 
14: 13 17 
15: 99 241 
16: 40 62 178 256 284 
17: 14 18 
18: 17 20 
19: 187 263 332 
20: 18 23 
21: 80 330 
22: 220 228 259 270 407 
23: 20 24 
24: 23 25 32 
25: 24 26 
26: 25 28 
27: 336 347 382 467 
28: 26 30 
29: 91 141 230 430 
30: 28 31 80 
31: 30 33 
32: 24 380 492 
33: 31 35 
34: 59 221 244 361 417 
35: 33 36 
36: 35 37 
37: 36 39 404 
38: 69 398 
39: 37 41 
40: 16 174 205 422 492 
41: 39 44 
42: 311 323 464 
43: 125 367 
44: 41 45 
45: 44 47 
46: 48 80 129 185 
47: 45 52 
48: 46 105 246 
49: 213 348 405 
50: 119 246 
51: 134 282 338 381 
52: 47 53 
53: 52 55 
54: 277 306 380 394 396 
55: 53 56 255 
56: 55 57 
57: 56 58 
58: 57 60 
59: 34 116 211 
60: 58 61 
61: 1 60 64 
62: 16 115 284 290 494 
63: 144 239 430 457 
64: 61 68 
65: 127 439 477 
66: 6 347 
67: 337 354 491 
68: 64 70 
69: 38 172 463 
70: 68 72 174 
71: 169 218 323 353 385 
72: 70 73 
73: 72 76 
74: 6 97 310 378 
75: 182 302 
76: 73 79 
77: 319 354 456 
78: 178 190 229 241 274 
79: 76 81 
80: 21 30 46 398 
81: 79 83 
82: 13 184 270 434 
83: 81 84 
84: 83 85 
85: 84 86 206 
86: 85 88 
87: 123 360 405 412 422 
88: 86 89 
89: 88 90 
90: 89 94 
91: 29 198 313 446 457 
92: 116 193 455 465 
93: 132 240 377 472 
94: 90 95 
95: 94 96 
96: 95 98 
97: 74 123 
98: 96 100 
99: 15 151 219 320 428 
100: 98 102 408 
101: 235 255 
102: 100 103 456 
103: 102 104 
104: 103 106 
105: 48 121 340 
106: 104 107 
107: 106 109 
108: 275 404 456 486 
109: 107 110 
110: 109 112 
111: 153 439 
112: 110 113 
113: 112 114 
114: 113 120 
115: 62 142 
116: 59 92 217 427 439 
117: 168 188 350 
118: 218 411 
119: 50 350 
120: 114 122 
121: 105 147 158 377 486 
122: 120 128 
123: 87 97 151 
124: 126 206 411 
125: 43 277 451 
126: 124 275 462 475 
127: 65 141 187 290 
128: 122 130 
129: 46 151 
130: 128 135 
131: 256 343 375 482 
132: 93 278 379 
133: 323 455 
134: 51 275 
135: 130 136 
136: 135 137 
137: 136 138 
138: 137 139 
139: 138 140 
140: 139 143 
141: 29 127 152 245 276 
142: 115 312 361 405 
143: 140 146 
144: 63 308 329 419 
145: 214 235 244 
146: 143 148 
147: 121 378 385 401 
148: 146 149 
149: 148 154 
150: 195 330 367 386 
151: 99 123 129 221 382 
152: 141 375 
153: 111 262 414 
154: 149 155 
155: 154 156 
156: 155 159 
157: 306 406 467 495 
158: 121 225 240 308 466 
159: 156 161 
160: 276 285 320 445 
161: 159 162 
162: 161 164 
163: 290 314 330 466 
164: 162 165 
165: 164 167 
166: 336 420 
167: 165 170 
168: 117 188 283 320 375 
169: 71 185 212 261 478 
170: 167 171 
171: 170 173 
172: 69 261 319 381 474 
173: 171 175 311 
174: 1 40 70 379 
175: 173 176 
176: 175 177 
177: 176 180 
178: 16 78 250 462 464 
179: 220 276 362 412 
180: 177 181 
181: 180 183 
182: 75 218 434 
183: 181 191 
184: 82 355 
185: 46 169 293 312 488 
186: 197 213 314 406 
187: 19 127 327 
188: 117 168 258 290 388 
189: 8 246 
190: 78 199 278 285 378 
191: 183 192 
192: 191 194 
193: 92 255 407 435 
194: 192 200 
195: 150 201 214 285 455 
196: 197 225 487 
197: 186 196 266 
198: 4 91 482 
199: 190 213 264 
200: 194 202 
201: 195 264 274 319 499 
202: 200 203 
203: 202 204 
204: 203 208 
205: 40 262 334 
206: 11 85 124 283 
207: 275 402 
208: 204 209 
209: 208 210 
210: 209 211 
211: 59 210 212 255 
212: 169 211 215 
213: 49 186 199 276 408 
214: 145 195 
215: 212 216 
216: 215 222 
217: 116 427 471 
218: 71 118 182 415 446 
219: 99 283 348 398 432 
220: 22 179 
221: 34 151 273 312 
222: 216 223 
223: 222 224 336 
224: 223 226 
225: 158 196 282 327 
226: 224 227 
227: 226 229 
228: 22 255 
229: 78 227 231 
230: 29 245 
231: 229 232 
232: 231 233 
233: 232 234 
234: 233 236 
235: 101 145 
236: 234 237 
237: 236 238 
238: 237 239 430 
239: 63 238 242 
240: 93 158 297 481 
241: 15 78 379 
242: 239 243 
243: 242 249 
244: 34 145 263 439 
245: 9 141 230 262 
246: 48 50 189 
247: 273 474 
248: 415 445 
249: 243 250 
250: 178 249 251 
251: 250 252 
252: 251 254 
253: 396 417 
254: 252 256 
255: 55 101 193 211 228 
256: 16 131 254 257 
257: 256 260 
258: 188 313 
259: 22 282 338 388 453 
260: 257 265 
261: 169 172 264 416 491 
262: 153 205 245 434 
263: 19 244 320 
264: 199 201 261 407 
265: 260 266 
266: 197 265 267 
267: 266 269 
268: 2 367 446 
269: 267 271 
270: 22 82 274 386 
271: 269 272 330 
272: 271 281 
273: 9 221 247 388 417 
274: 78 201 270 279 
275: 108 126 134 207 
276: 141 160 179 213 
277: 54 125 412 439 456 
278: 132 190 312 408 
279: 274 385 475 477 
280: 284 340 456 
281: 272 286 
282: 7 8 51 225 259 
283: 7 168 206 219 310 
284: 16 62 280 
285: 9 160 190 195 
286: 281 288 
287: 349 402 432 
288: 286 291 
289: 379 484 485 
290: 62 127 163 188 
291: 288 293 
292: 420 488 
293: 185 291 295 
294: 343 417 446 492 
295: 293 296 
296: 295 298 
297: 240 385 391 
298: 296 299 
299: 298 300 
300: 299 301 
301: 2 300 303 
302: 75 337 
303: 301 304 
304: 303 305 
305: 304 307 
306: 54 157 380 
307: 305 309 
308: 144 158 353 
309: 307 315 
310: 74 283 343 
311: 42 173 322 354 401 
312: 142 185 221 278 405 
313: 91 258 421 
314: 0 163 186 482 
315: 309 316 
316: 315 317 
317: 316 318 
318: 317 321 
319: 77 172 201 499 
320: 99 160 168 263 445 
321: 318 322 
322: 311 321 324 
323: 9 42 71 133 
324: 322 325 
325: 324 326 
326: 325 328 394 406 
327: 187 225 
328: 326 329 
329: 144 328 331 
330: 21 150 163 271 414 
331: 329 333 
332: 19 405 463 481 
333: 331 335 
334: 205 349 446 
335: 333 339 
336: 27 166 223 427 432 
337: 67 302 347 485 
338: 0 51 259 408 
339: 335 341 
340: 105 280 380 
341: 339 342 
342: 341 344 
343: 131 294 310 
344: 342 345 
345: 344 346 
346: 345 351 
347: 27 66 337 
348: 1 49 219 374 
349: 287 334 452 
350: 117 119 397 
351: 346 352 
352: 351 356 
353: 71 308 479 484 
354: 67 77 311 415 422 
355: 184 391 
356: 352 357 421 
357: 356 358 
358: 357 359 
359: 6 358 360 
360: 87 359 362 
361: 34 142 419 435 494 
362: 179 360 363 
363: 362 364 
364: 363 365 
365: 364 366 
366: 365 368 
367: 43 150 268 
368: 366 369 
369: 368 370 
370: 369 371 
371: 370 372 
372: 371 373 
373: 372 376 
374: 348 494 
375: 131 152 168 380 412 
376: 373 383 
377: 93 121 402 
378: 11 74 147 190 
379: 132 174 241 289 
380: 32 54 306 340 375 
381: 51 172 
382: 27 151 385 399 482 
383: 376 384 
384: 383 387 
385: 71 147 279 297 382 
386: 150 270 
387: 384 389 
388: 188 259 273 415 451 
389: 387 390 
390: 389 392 
391: 0 297 355 
392: 390 393 
393: 392 395 
394: 54 326 452 494 
395: 393 397 
396: 54 253 
397: 350 395 400 
398: 38 80 219 434 
399: 6 382 411 463 
400: 397 403 
401: 147 311 
402: 207 287 377 
403: 400 409 
404: 37 108 462 
405: 49 87 142 312 332 
406: 157 186 326 484 
407: 22 193 264 428 
408: 100 213 278 338 467 
409: 403 410 
410: 409 413 
411: 118 124 399 
412: 87 179 277 375 451 
413: 410 418 
414: 4 153 330 421 
415: 218 248 354 388 
416: 261 467 
417: 34 253 273 294 
418: 413 423 
419: 144 361 
420: 166 292 
421: 313 356 414 
422: 40 87 354 
423: 418 424 
424: 423 425 482 
425: 424 426 
426: 425 429 
427: 116 217 336 
428: 7 99 407 
429: 426 431 
430: 29 63 238 
431: 429 433 
432: 219 287 336 
433: 431 436 
434: 4 82 182 262 398 
435: 193 361 466 
436: 433 437 
437: 436 438 
438: 437 440 
439: 65 111 116 244 277 
440: 438 441 
441: 440 442 
442: 441 443 
443: 442 444 
444: 443 447 
445: 160 248 320 474 
446: 91 218 268 294 334 
447: 444 448 
448: 447 449 
449: 448 450 
450: 449 454 
451: 125 388 412 
452: 349 394 494 
453: 7 259 
454: 450 458 
455: 92 133 195 
456: 77 102 108 277 280 
457: 63 91 
458: 454 459 
459: 458 460 
460: 459 461 
461: 460 465 
462: 126 178 404 484 486 
463: 6 69 332 399 475 
464: 42 178 
465: 92 461 468 
466: 158 163 435 499 
467: 27 157 408 416 
468: 465 469 
469: 468 470 
470: 469 472 
471: 2 217 
472: 93 470 473 
473: 472 476 
474: 172 247 445 
475: 126 279 463 
476: 473 479 
477: 65 279 
478: 4 169 
479: 353 476 480 
480: 479 483 
481: 10 240 332 
482: 131 198 314 382 424 
483: 480 487 
484: 289 353 406 462 
485: 289 337 
486: 108 121 462 
487: 196 483 489 
488: 185 292 
489: 487 490 
490: 489 493 
491: 67 261 
492: 32 40 294 
493: 490 495 
494: 62 361 374 394 452 
495: 157 493 496 
496: 495 497 
497: 496 498 
498: 497 
499: 201 319 466 
40