0: 1 171 
1: 0 2 
2: 1 4 165 
3: 118 226 444 
4: 2 5 
5: 4 6 
6: 5 7 
7: 6 12 
8: 183 286 291 337 345 
9: 334 380 464 
10: 113 288 379 406 
11: 178 368 
12: 7 13 
13: 12 15 
14: 42 85 458 
15: 13 19 
16: 178 250 311 407 
17: 353 438 
18: 63 188 
19: 15 20 
20: 19 21 
21: 20 22 
22: 21 27 
23: 209 388 
24: 113 356 429 
25: 30 38 64 247 
26: 155 165 331 
27: 22 28 
28: 27 29 
29: 28 33 
30: 25 38 242 339 
31: 195 428 
32: 276 304 441 
33: 29 35 
34: 83 239 
35: 33 36 
36: 35 39 
37: 377 405 413 
38: 25 30 98 322 
39: 36 40 
40: 39 41 
41: 40 43 
42: 14 126 172 289 336 
43: 41 45 
44: 155 429 
45: 43 46 
46: 45 47 
47: 46 49 
48: 198 284 292 370 467 
49: 47 50 
50: 49 51 
51: 50 52 
52: 51 55 
53: 147 413 424 
54: 256 341 384 
55: 52 56 
56: 55 57 479 
57: 56 59 
58: 160 207 248 
59: 57 60 
60: 59 61 
61: 60 62 212 
62: 61 65 
63: 18 234 240 496 
64: 25 205 466 
65: 62 66 
66: 65 71 
67: 272 360 384 445 
68: 472 494 495 
69: 176 470 
70: 115 139 198 274 457 
71: 66 72 
72: 71 73 
73: 72 78 
74: 216 335 
75: 186 337 
76: 262 301 425 463 467 
77: 278 284 445 
78: 73 79 
79: 78 81 
80: 160 234 277 380 
81: 79 82 
82: 81 87 
83: 34 270 346 
84: 370 465 
85: 14 204 
86: 230 380 381 
87: 82 88 
88: 87 93 
89: 177 253 261 473 486 
90: 118 149 244 
91: 94 209 227 
92: 156 453 
93: 88 95 
94: 91 144 379 414 465 
95: 93 96 
96: 95 97 
97: 96 99 175 
98: 38 147 401 407 477 
99: 97 101 
100: 179 444 
101: 99 102 
102: 101 103 
103: 102 104 162 
104: 103 105 
105: 104 106 
106: 105 107 
107: 106 108 
108: 107 109 
109: 108 111 
110: 200 205 455 459 
111: 109 112 
112: 111 117 
113: 10 24 224 469 
114: 194 382 427 
115: 70 234 
116: 269 301 314 315 447 
117: 112 119 
118: 3 90 245 
119: 117 123 
120: 121 152 230 
121: 120 186 390 393 
122: 264 473 486 
123: 119 124 
124: 123 125 
125: 124 127 
126: 42 149 177 414 
127: 125 128 
128: 127 129 
129: 128 130 
130: 129 131 
131: 130 134 
132: 199 245 282 339 
133: 248 288 
134: 131 135 
135: 134 136 
136: 135 140 
137: 188 328 393 
138: 192 383 414 
139: 70 203 368 
140: 136 141 
141: 140 145 
142: 437 478 
143: 180 371 426 
144: 94 153 448 466 
145: 141 148 
146: 240 467 492 
147: 53 98 
148: 145 151 
149: 90 126 165 371 
150: 265 483 
151: 148 154 
152: 120 292 
153: 144 308 323 
154: 151 157 
155: 26 44 246 275 370 
156: 92 399 430 458 465 
157: 154 158 
158: 157 159 
159: 158 161 
160: 58 80 
161: 159 164 194 
162: 103 241 308 493 
163: 360 493 
164: 161 166 
165: 2 26 149 277 495 
166: 164 167 
167: 166 168 
168: 167 170 
169: 176 430 
170: 168 173 
171: 0 260 343 428 
172: 42 175 202 427 464 
173: 170 181 
174: 188 234 324 
175: 97 172 192 356 477 
176: 69 169 
177: 89 126 483 
178: 11 16 412 
179: 100 385 438 
180: 143 217 440 
181: 173 182 
182: 181 183 
183: 8 182 184 
184: 183 185 
185: 184 187 275 
186: 75 121 195 356 
187: 185 189 
188: 18 137 174 457 464 
189: 187 191 
190: 260 284 478 
191: 189 193 
192: 138 175 471 493 495 
193: 191 196 314 
194: 114 161 308 
195: 31 186 292 337 339 
196: 193 201 
197: 203 205 230 263 481 
198: 48 70 258 290 308 
199: 132 445 
200: 110 269 294 
201: 196 202 
202: 172 201 206 
203: 139 197 258 388 405 
204: 85 429 
205: 64 110 197 
206: 202 210 
207: 58 304 
208: 276 297 339 383 496 
209: 23 91 336 425 
210: 206 211 
211: 210 213 
212: 61 311 383 478 
213: 211 214 
214: 213 215 
215: 214 217 
216: 74 441 
217: 180 215 218 
218: 217 219 
219: 218 220 
220: 219 222 
221: 226 317 448 
222: 220 223 
223: 222 224 
224: 113 223 225 
225: 224 228 362 
226: 3 221 365 368 447 
227: 91 276 297 
228: 225 232 
229: 282 294 
230: 86 120 197 240 265 
231: 242 307 
232: 228 233 
233: 232 235 
234: 63 80 115 174 
235: 233 236 
236: 235 237 
237: 236 238 
238: 237 240 241 
239: 34 362 
240: 63 146 230 238 411 
241: 162 238 243 463 
242: 30 231 454 
243: 241 244 
244: 90 243 246 424 
245: 118 132 260 278 476 
246: 155 244 249 426 
247: 25 278 311 331 378 
248: 58 133 353 
249: 246 250 
250: 16 249 252 
251: 290 422 
252: 250 255 
253: 89 391 
254: 336 345 
255: 252 256 
256: 54 255 257 
257: 256 259 317 
258: 198 203 393 
259: 257 266 
260: 171 190 245 261 324 
261: 89 260 273 
262: 76 360 385 452 
263: 197 346 495 
264: 122 336 438 496 
265: 150 230 270 
266: 259 267 
267: 266 268 
268: 267 271 
269: 116 200 289 346 
270: 83 265 413 465 
271: 268 279 
272: 67 288 428 476 494 
273: 261 378 
274: 70 316 457 
275: 155 185 334 381 
276: 32 208 227 288 440 
277: 80 165 431 473 
278: 77 245 247 385 445 
279: 271 280 
280: 279 281 
281: 280 283 
282: 132 229 377 390 
283: 281 285 
284: 48 77 190 291 
285: 283 287 467 
286: 8 304 459 
287: 285 293 
288: 10 133 272 276 343 
289: 42 269 494 
290: 198 251 
291: 8 284 392 431 
292: 48 152 195 375 440 
293: 287 295 
294: 200 229 409 
295: 293 296 
296: 295 298 
297: 208 227 314 479 
298: 296 299 
299: 298 300 315 
300: 299 302 
301: 76 116 426 485 
302: 300 303 
303: 302 305 
304: 32 207 286 
305: 303 306 
306: 305 309 
307: 231 390 
308: 153 162 194 198 453 
309: 306 310 
310: 309 313 
311: 16 212 247 
312: 388 430 
313: 310 318 
314: 116 193 297 452 
315: 116 299 436 
316: 274 380 
317: 221 257 413 437 
318: 313 319 
319: 318 320 
320: 319 321 
321: 320 325 
322: 38 426 
323: 153 335 459 
324: 174 260 365 
325: 321 326 
326: 325 327 
327: 326 329 337 
328: 137 345 497 
329: 327 330 
330: 329 333 
331: 26 247 447 485 
332: 382 459 
333: 330 338 
334: 9 275 
335: 74 323 
336: 42 209 254 264 378 
337: 8 75 195 327 492 
338: 333 340 
339: 30 132 195 208 
340: 338 342 
341: 54 422 
342: 340 344 
343: 171 288 437 441 
344: 342 347 
345: 8 254 328 362 
346: 83 263 269 401 
347: 344 348 
348: 347 349 
349: 348 350 
350: 349 351 
351: 350 352 
352: 351 354 
353: 17 248 
354: 352 355 
355: 354 357 
356: 24 175 186 409 444 
357: 355 358 
358: 357 359 
359: 358 361 
360: 67 163 262 390 466 
361: 359 363 
362: 225 239 345 404 
363: 361 364 
364: 363 366 478 
365: 226 324 
366: 364 369 
367: 370 424 
368: 11 139 226 377 
369: 366 372 
370: 48 84 155 367 
371: 143 149 
372: 369 373 
373: 372 374 
374: 373 375 466 
375: 292 374 376 
376: 375 386 
377: 37 282 368 
378: 247 273 336 384 436 
379: 10 94 408 418 
380: 9 80 86 316 
381: 86 275 393 
382: 114 332 
383: 138 208 212 445 
384: 54 67 378 
385: 179 262 278 
386: 376 387 
387: 386 389 
388: 23 203 312 
389: 387 394 
390: 121 282 307 360 425 
391: 253 447 473 
392: 291 453 489 
393: 121 137 258 381 414 
394: 389 395 
395: 394 396 
396: 395 397 
397: 396 398 
398: 397 399 
399: 156 398 400 
400: 399 402 
401: 98 346 485 
402: 400 403 
403: 402 406 
404: 362 427 436 463 
405: 37 203 437 448 
406: 10 403 409 
407: 16 98 431 473 
408: 379 470 
409: 294 356 406 410 
410: 409 412 
411: 240 447 463 
412: 178 410 415 
413: 37 53 270 317 
414: 94 126 138 393 
415: 412 416 
416: 415 417 
417: 416 419 
418: 379 453 477 485 
419: 417 420 
420: 419 421 
421: 420 423 
422: 251 341 
423: 421 432 
424: 53 244 367 
425: 76 209 390 483 
426: 143 246 301 322 
427: 114 172 404 458 
428: 31 171 272 
429: 24 44 204 441 
430: 156 169 312 
431: 277 291 407 
432: 423 433 
433: 432 434 
434: 433 435 
435: 434 439 
436: 315 378 404 476 
437: 142 317 343 405 
438: 17 179 264 
439: 435 442 
440: 180 276 292 
441: 32 216 343 429 
442: 439 443 477 
443: 442 446 
444: 3 100 356 
445: 67 77 199 278 383 
446: 443 449 
447: 116 226 331 391 411 
448: 144 221 405 
449: 446 450 
450: 449 451 
451: 450 454 
452: 262 314 
453: 92 308 392 418 
454: 242 451 456 
455: 110 471 472 489 
456: 454 460 
457: 70 188 274 467 
458: 14 156 427 459 
459: 110 286 323 332 458 
460: 456 461 
461: 460 462 
462: 461 468 
463: 76 241 404 411 
464: 9 172 188 
465: 84 94 156 270 494 
466: 64 144 360 374 492 
467: 48 76 146 285 457 
468: 462 469 
469: 113 468 474 
470: 69 408 
471: 192 455 
472: 68 455 494 
473: 89 122 277 391 407 
474: 469 475 493 
475: 474 480 
476: 245 272 436 
477: 98 175 418 442 
478: 142 190 212 364 
479: 56 297 489 
480: 475 481 
481: 197 480 482 
482: 481 484 
483: 150 177 425 
484: 482 487 
485: 301 331 401 418 
486: 89 122 
487: 484 488 
488: 487 490 
489: 392 455 479 
490: 488 491 
491: 490 497 
492: 146 337 466 
493: 162 163 192 474 
494: 68 272 289 465 472 
495: 68 165 192 263 496 
496: 63 208 264 495 
497: 328 491 498 
498: 497 499 
499: 498 
41