0: 55 224 402 424 
1: 2 
2: 1 4 
3: 129 146 377 405 494 
4: 2 11 
5: 119 321 429 432 455 
6: 64 129 153 358 414 
7: 186 218 332 463 
8: 11 77 467 
9: 195 246 286 290 422 
10: 70 112 132 412 455 
11: 4 8 12 
12: 11 14 361 
13: 56 119 329 415 470 
14: 12 15 
15: 14 20 
16: 41 386 390 405 445 
17: 32 54 73 130 267 
18: 28 122 244 266 285 
19: 23 230 271 462 
20: 15 22 
21: 28 170 200 271 441 
22: 20 27 
23: 19 441 447 
24: 38 48 61 163 391 
25: 108 379 
26: 291 332 335 449 
27: 22 30 
28: 18 21 157 204 241 
29: 41 192 202 405 
30: 27 31 
31: 30 35 
32: 17 99 275 
33: 34 417 458 484 486 
34: 33 386 401 449 
35: 31 37 
36: 86 112 
37: 35 39 
38: 24 73 137 259 488 
39: 37 42 224 
40: 41 92 174 224 289 
41: 16 29 40 132 309 
42: 39 44 
43: 64 192 371 450 457 
44: 42 45 
45: 44 47 
46: 116 307 361 375 414 
47: 45 48 494 
48: 24 47 49 125 
49: 48 50 
50: 49 53 
51: 161 200 277 279 387 
52: 59 108 186 279 401 
53: 50 58 
54: 17 210 214 397 
55: 0 111 119 
56: 13 296 384 395 408 
57: 216 357 361 414 449 
58: 53 60 
59: 52 104 190 216 330 
60: 58 62 198 367 
61: 24 238 344 384 390 
62: 60 65 
63: 99 252 396 408 474 
64: 6 43 358 366 396 
65: 62 66 
66: 65 67 170 
67: 66 69 
68: 108 131 299 332 351 
69: 67 71 
70: 10 174 234 316 
71: 69 72 
72: 71 74 252 
73: 17 38 195 208 286 
74: 72 75 
75: 74 76 
76: 75 78 
77: 8 239 312 337 455 
78: 76 79 
79: 78 82 
80: 186 202 244 386 478 
81: 136 219 317 438 483 
82: 79 83 
83: 82 84 
84: 83 85 
85: 84 87 
86: 36 125 177 396 457 
87: 85 91 
88: 155 240 351 476 
89: 330 381 497 
90: 155 296 334 359 
91: 87 93 
92: 40 205 258 299 357 
93: 91 98 
94: 183 248 337 381 470 
95: 200 230 236 371 414 
96: 116 326 432 
97: 150 264 374 424 455 
98: 93 100 
99: 32 63 244 295 306 
100: 98 101 
101: 100 102 
102: 101 103 
103: 102 105 
104: 59 193 332 412 
105: 103 106 
106: 105 107 
107: 106 113 
108: 25 52 68 344 374 
109: 144 267 470 
110: 141 178 246 422 470 
111: 55 211 
112: 10 36 
113: 107 114 493 
114: 113 115 
115: 114 117 
116: 46 96 156 450 490 
117: 115 118 
118: 117 123 431 
119: 5 13 55 219 
120: 122 141 173 333 489 
121: 224 358 481 
122: 18 120 144 154 
123: 118 124 
124: 123 126 
125: 48 86 153 209 275 
126: 124 127 
127: 126 133 
128: 183 189 402 427 471 
129: 3 6 415 435 475 
130: 17 174 177 207 450 
131: 68 264 407 435 
132: 10 41 445 490 
133: 127 134 
134: 133 135 
135: 134 137 
136: 81 223 338 397 
137: 38 135 138 331 
138: 137 140 
139: 266 309 375 415 486 
140: 138 142 
141: 110 120 271 374 400 
142: 140 143 
143: 142 145 
144: 109 122 408 457 467 
145: 143 148 
146: 3 193 236 279 309 
147: 193 201 219 229 306 
148: 145 149 
149: 148 152 
150: 97 417 475 
151: 182 233 400 435 484 
152: 149 157 
153: 6 125 154 407 
154: 122 153 195 244 331 
155: 88 90 234 337 408 
156: 116 182 198 211 312 
157: 28 152 158 497 
158: 157 159 
159: 158 160 
160: 159 163 
161: 51 181 307 311 490 
162: 178 228 238 321 484 
163: 24 160 164 476 
164: 163 165 
165: 164 166 
166: 165 167 
167: 166 168 
168: 167 169 
169: 168 172 
170: 21 66 220 493 
171: 191 195 296 493 
172: 169 176 
173: 120 338 423 
174: 40 70 130 246 361 
175: 471 478 
176: 172 179 
177: 86 130 189 326 441 
178: 110 162 423 
179: 176 181 
180: 333 344 387 424 450 
181: 161 179 184 
182: 151 156 233 285 375 
183: 94 128 230 362 476 
184: 181 194 
185: 191 201 269 482 
186: 7 52 80 201 285 
187: 216 220 260 359 
188: 204 253 264 422 479 
189: 128 177 242 
190: 59 229 334 366 
191: 171 185 214 230 331 
192: 29 43 266 377 411 
193: 104 146 147 246 323 
194: 184 196 
195: 9 73 154 171 481 
196: 194 197 
197: 196 205 
198: 60 156 471 
199: 253 275 289 330 427 
200: 21 51 95 353 407 
201: 147 185 186 330 396 
202: 29 80 225 228 242 
203: 269 312 395 401 494 
204: 28 188 230 367 483 
205: 92 197 209 
206: 220 266 337 408 467 
207: 130 359 449 
208: 73 236 311 359 447 
209: 125 205 210 
210: 54 209 212 
211: 111 156 225 
212: 210 213 
213: 212 214 423 
214: 54 191 213 215 
215: 214 217 
216: 57 59 187 264 333 
217: 215 218 
218: 7 217 221 
219: 81 119 147 269 277 
220: 170 187 206 386 474 
221: 218 222 
222: 221 226 
223: 136 238 285 412 484 
224: 0 39 40 121 229 
225: 202 211 423 
226: 222 227 
227: 226 231 
228: 162 202 234 317 488 
229: 147 190 224 
230: 19 95 183 191 204 
231: 227 232 
232: 231 235 
233: 151 182 357 412 459 
234: 70 155 228 450 479 
235: 232 237 
236: 95 146 208 482 
237: 235 243 
238: 61 162 223 438 488 
239: 77 334 471 
240: 88 307 
241: 28 474 
242: 189 202 326 437 458 
243: 237 245 
244: 18 80 99 154 431 
245: 243 247 
246: 9 110 174 193 458 
247: 245 249 
248: 94 374 405 422 467 
249: 247 250 
250: 249 251 
251: 250 254 
252: 63 72 390 434 437 
253: 188 199 391 
254: 251 255 
255: 254 256 
256: 255 257 
257: 256 261 
258: 92 337 375 447 448 
259: 38 260 285 304 
260: 187 259 316 391 431 
261: 257 262 
262: 261 263 267 
263: 262 265 396 
264: 97 131 188 216 391 
265: 263 268 
266: 18 139 192 206 395 
267: 17 109 262 304 441 
268: 265 270 
269: 185 203 219 415 
270: 268 272 
271: 19 21 141 309 
272: 270 273 
273: 272 274 
274: 273 276 
275: 32 125 199 
276: 274 278 
277: 51 219 387 
278: 276 280 
279: 51 52 146 329 
280: 278 281 
281: 280 282 
282: 281 284 
283: 344 483 
284: 282 287 
285: 18 182 186 223 259 
286: 9 73 486 
287: 284 288 
288: 287 293 
289: 40 199 353 377 445 
290: 9 317 357 417 448 
291: 26 338 415 478 497 
292: 328 361 422 447 
293: 288 294 
294: 293 295 
295: 99 294 297 
296: 56 90 171 371 470 
297: 295 298 
298: 297 300 
299: 68 92 401 
300: 298 301 
301: 300 302 
302: 301 303 
303: 302 305 
304: 259 267 407 
305: 303 306 
306: 99 147 305 308 
307: 46 161 240 357 484 
308: 306 310 
309: 41 139 146 271 371 
310: 308 313 
311: 161 208 366 381 488 
312: 77 156 203 
313: 310 314 
314: 313 315 
315: 314 318 
316: 70 260 417 432 476 
317: 81 228 290 397 487 
318: 315 319 
319: 318 320 
320: 319 322 
321: 5 162 342 390 
322: 320 323 
323: 193 322 324 
324: 323 325 
325: 324 327 
326: 96 177 242 435 449 
327: 325 328 
328: 292 327 335 
329: 13 279 
330: 59 89 199 201 
331: 137 154 191 351 384 
332: 7 26 68 104 401 
333: 120 180 216 338 427 
334: 90 190 239 344 381 
335: 26 328 336 
336: 335 339 
337: 77 94 155 206 258 
338: 136 173 291 333 482 
339: 336 340 
340: 339 341 
341: 340 343 
342: 321 483 
343: 341 345 
344: 61 108 180 283 334 
345: 343 346 
346: 345 347 
347: 346 348 
348: 347 349 
349: 348 350 
350: 349 352 
351: 68 88 331 353 447 
352: 350 354 
353: 200 289 351 
354: 352 355 
355: 354 356 
356: 355 360 
357: 57 92 233 290 307 
358: 6 64 121 384 462 
359: 90 187 207 208 
360: 356 363 
361: 12 46 57 174 292 
362: 183 366 438 
363: 360 364 
364: 363 365 
365: 364 368 
366: 64 190 311 362 457 
367: 60 204 453 490 
368: 365 369 
369: 368 370 
370: 369 372 
371: 43 95 296 309 429 
372: 370 373 
373: 372 376 
374: 97 108 141 248 459 
375: 46 139 182 258 
376: 373 378 
377: 3 192 289 445 497 
378: 376 379 
379: 25 378 380 
380: 379 382 
381: 89 94 311 334 467 
382: 380 383 
383: 382 385 
384: 56 61 331 358 407 
385: 383 388 
386: 16 34 80 220 
387: 51 180 277 474 
388: 385 389 
389: 388 392 
390: 16 61 252 321 486 
391: 24 253 260 264 486 
392: 389 393 
393: 392 394 
394: 393 398 
395: 56 203 266 479 
396: 63 64 86 201 263 
397: 54 136 317 
398: 394 399 
399: 398 403 
400: 141 151 493 
401: 34 52 203 299 332 
402: 0 128 438 493 
403: 399 404 
404: 403 406 
405: 3 16 29 248 458 
406: 404 409 
407: 131 153 200 304 384 
408: 56 63 144 155 206 
409: 406 410 
410: 409 411 
411: 192 410 413 
412: 10 104 223 233 
413: 411 416 482 
414: 6 46 57 95 483 
415: 13 129 139 269 291 
416: 413 418 
417: 33 150 290 316 476 
418: 416 419 
419: 418 420 
420: 419 421 
421: 420 425 
422: 9 110 188 248 292 
423: 173 178 213 225 
424: 0 97 180 459 
425: 421 426 
426: 425 428 
427: 128 199 333 457 
428: 426 430 
429: 5 371 453 
430: 428 433 
431: 118 244 260 448 
432: 5 96 316 458 496 
433: 430 434 
434: 252 433 436 
435: 129 131 151 326 441 
436: 434 439 
437: 242 252 459 471 492 
438: 81 238 362 402 
439: 436 440 
440: 439 442 
441: 21 23 177 267 435 
442: 440 443 
443: 442 444 
444: 443 446 
445: 16 132 289 377 459 
446: 444 451 497 
447: 23 208 258 292 351 
448: 258 290 431 462 478 
449: 26 34 57 207 326 
450: 43 116 130 180 234 
451: 446 452 
452: 451 454 
453: 367 429 
454: 452 456 
455: 5 10 77 97 479 
456: 454 460 
457: 43 86 144 366 427 
458: 33 242 246 405 432 
459: 233 374 424 437 445 
460: 456 461 
461: 460 463 
462: 19 358 448 481 482 
463: 7 461 464 
464: 463 465 
465: 464 466 
466: 465 468 
467: 8 144 206 248 381 
468: 466 469 
469: 468 472 
470: 13 94 109 110 296 
471: 128 175 198 239 437 
472: 469 473 
473: 472 477 
474: 63 220 241 387 
475: 129 150 
476: 88 163 183 316 417 
477: 473 480 
478: 80 175 291 448 490 
479: 188 234 395 455 
480: 477 485 
481: 121 195 462 
482: 185 236 338 413 462 
483: 81 204 283 342 414 
484: 33 151 162 223 307 
485: 480 487 
486: 33 139 286 390 391 
487: 317 485 489 
488: 38 228 238 311 
489: 120 487 491 
490: 116 132 161 367 478 
491: 489 492 
492: 437 491 495 
493: 113 170 171 400 402 
494: 3 47 203 
495: 492 496 
496: 432 495 498 
497: 89 157 291 377 446 
498: 496 499 
499: 498 
44