0: 3 
1: 19 177 203 243 340 
2: 42 98 305 394 
3: 0 5 
4: 362 499 
5: 3 10 
6: 9 41 279 303 
7: 21 188 322 353 379 
8: 37 62 209 221 240 
9: 6 206 319 354 
10: 5 15 
11: 32 256 418 453 489 
12: 121 174 236 350 410 
13: 122 318 329 484 487 
14: 69 138 248 282 
15: 10 17 
16: 51 85 161 367 408 
17: 15 18 
18: 17 26 
19: 1 42 350 
20: 43 125 162 
21: 7 403 
22: 85 90 228 390 
23: 197 268 300 404 446 
24: 128 280 326 377 489 
25: 57 109 218 306 332 
26: 18 27 
27: 26 28 
28: 27 31 32 
29: 212 280 283 349 
30: 54 234 307 454 
31: 28 33 
32: 11 28 61 110 486 
33: 31 34 
34: 33 35 
35: 34 38 
36: 89 188 319 446 451 
37: 8 60 79 
38: 35 39 
39: 38 40 
40: 39 45 
41: 6 313 316 432 448 
42: 2 19 140 197 322 
43: 20 168 189 376 482 
44: 67 431 455 
45: 40 46 
46: 45 48 
47: 226 243 331 357 
48: 46 50 92 
49: 103 362 397 431 495 
50: 48 56 189 
51: 16 76 211 347 441 
52: 72 198 332 494 
53: 76 250 295 
54: 30 106 121 443 471 
55: 88 226 294 342 421 
56: 50 58 
57: 25 87 168 
58: 56 59 
59: 58 63 
60: 37 72 280 
61: 32 379 
62: 8 106 353 
63: 59 65 
64: 323 328 380 395 397 
65: 63 66 277 
66: 65 68 
67: 44 181 341 371 450 
68: 66 73 
69: 14 131 294 326 450 
70: 87 298 
71: 330 342 455 
72: 52 60 168 329 429 
73: 68 75 
74: 166 285 286 
75: 73 77 
76: 51 53 449 
77: 75 78 
78: 77 80 
79: 37 166 
80: 78 81 
81: 80 86 
82: 121 158 175 
83: 238 239 335 343 350 
84: 92 440 481 487 499 
85: 16 22 253 254 379 
86: 81 91 
87: 57 70 122 240 398 
88: 55 456 
89: 36 253 285 453 
90: 22 122 288 361 443 
91: 86 93 
92: 48 84 329 456 
93: 91 94 
94: 93 96 
95: 248 262 287 491 
96: 94 97 362 
97: 96 99 
98: 2 131 250 448 497 
99: 97 100 
100: 99 101 
101: 100 102 
102: 101 105 
103: 49 197 484 
104: 175 199 204 313 362 
105: 102 107 
106: 54 62 223 318 
107: 105 108 275 412 
108: 107 110 
109: 25 223 248 301 478 
110: 32 108 111 
111: 110 112 
112: 111 114 
113: 289 454 
114: 112 115 
115: 114 116 
116: 115 117 
117: 116 118 
118: 117 120 
119: 260 262 322 327 401 
120: 118 124 
121: 12 54 82 274 451 
122: 13 87 90 401 463 
123: 325 340 431 432 
124: 120 126 
125: 20 280 471 
126: 124 127 
127: 126 128 
128: 24 127 129 
129: 128 130 
130: 129 132 
131: 69 98 199 202 356 
132: 130 133 
133: 132 135 
134: 177 332 340 358 385 
135: 133 136 
136: 135 137 
137: 136 139 
138: 14 330 482 494 
139: 137 141 
140: 42 260 325 496 
141: 139 142 411 
142: 141 143 
143: 142 144 
144: 143 145 
145: 144 146 
146: 145 147 
147: 146 148 
148: 147 150 
149: 157 287 335 357 383 
150: 148 152 
151: 157 209 239 250 
152: 150 154 
153: 158 199 234 455 478 
154: 152 159 
155: 280 466 
156: 311 361 366 376 
157: 149 151 284 464 
158: 82 153 
159: 154 160 
160: 159 161 
161: 16 160 163 
162: 20 243 
163: 161 164 
164: 163 165 
165: 164 167 
166: 74 79 204 268 395 
167: 165 169 
168: 43 57 72 357 471 
169: 167 170 307 
170: 169 171 
171: 170 172 
172: 171 174 
173: 240 300 398 444 
174: 12 172 178 
175: 82 104 303 379 408 
176: 237 305 342 491 
177: 1 134 294 336 470 
178: 174 179 
179: 178 180 
180: 179 181 
181: 67 180 182 
182: 181 183 474 
183: 182 184 
184: 183 185 
185: 184 186 
186: 185 187 
187: 186 190 
188: 7 36 287 339 443 
189: 43 50 250 
190: 187 191 
191: 190 192 
192: 191 193 
193: 192 194 
194: 193 195 
195: 194 196 
196: 195 200 
197: 23 42 103 218 383 
198: 52 288 386 470 492 
199: 104 131 153 339 492 
200: 196 201 
201: 200 202 
202: 131 201 205 
203: 1 344 455 470 487 
204: 104 166 361 449 493 
205: 202 206 
206: 9 205 207 
207: 206 208 377 
208: 207 210 
209: 8 151 354 
210: 208 213 
211: 51 244 253 485 492 
212: 29 305 341 354 
213: 210 214 
214: 213 215 
215: 214 216 
216: 215 217 
217: 216 219 
218: 25 197 294 380 
219: 217 220 
220: 219 222 
221: 8 289 343 418 467 
222: 220 224 
223: 106 109 286 295 410 
224: 222 225 
225: 224 227 
226: 47 55 498 
227: 225 230 
228: 22 236 376 380 491 
229: 340 341 
230: 227 231 
231: 230 232 306 
232: 231 233 
233: 232 235 
234: 30 153 265 444 
235: 233 241 
236: 12 228 293 307 349 
237: 176 323 404 
238: 83 331 441 
239: 83 151 
240: 8 87 173 440 485 
241: 235 242 
242: 241 246 
243: 1 47 162 347 377 
244: 211 342 383 
245: 294 404 
246: 242 247 
247: 246 251 
248: 14 95 109 326 485 
249: 328 354 478 487 
250: 53 98 151 189 339 
251: 247 252 
252: 251 257 494 
253: 85 89 211 
254: 85 332 412 
255: 341 358 397 434 466 
256: 11 312 434 
257: 252 258 
258: 257 261 
259: 263 331 381 421 
260: 119 140 373 451 
261: 258 264 
262: 95 119 323 
263: 259 377 411 423 
264: 261 265 
265: 234 264 266 
266: 265 269 
267: 312 492 
268: 23 166 319 496 
269: 266 270 
270: 269 271 
271: 270 272 
272: 271 273 275 
273: 272 276 
274: 121 307 478 
275: 107 272 326 332 482 
276: 273 278 
277: 65 285 312 467 
278: 276 281 
279: 6 284 438 452 478 
280: 24 29 60 125 155 
281: 278 282 
282: 14 281 283 
283: 29 282 291 
284: 157 279 286 289 318 
285: 74 89 277 471 
286: 74 223 284 454 464 
287: 95 149 188 373 426 
288: 90 198 290 366 
289: 113 221 284 319 438 
290: 288 342 383 
291: 283 292 293 
292: 291 296 
293: 236 291 361 473 
294: 55 69 177 218 245 
295: 53 223 301 394 492 
296: 292 297 
297: 296 299 
298: 70 301 374 497 
299: 297 302 
300: 23 173 339 432 456 
301: 109 295 298 453 
302: 299 304 
303: 6 175 318 415 495 
304: 302 308 
305: 2 176 212 353 366 
306: 25 231 452 464 497 
307: 30 169 236 274 474 
308: 304 309 
309: 308 310 
310: 309 314 
311: 156 313 347 381 438 
312: 256 267 277 
313: 41 104 311 336 412 
314: 310 317 335 
315: 340 376 
316: 41 341 344 481 
317: 314 320 
318: 13 106 284 303 441 
319: 9 36 268 289 325 
320: 317 321 
321: 320 324 
322: 7 42 119 
323: 64 237 262 486 
324: 321 327 
325: 123 140 319 383 
326: 24 69 248 275 373 
327: 119 324 333 
328: 64 249 329 466 494 
329: 13 72 92 328 376 
330: 71 138 350 450 484 
331: 47 238 259 426 487 
332: 25 52 134 254 275 
333: 327 334 
334: 333 337 
335: 83 149 314 450 473 
336: 177 313 386 397 467 
337: 334 338 
338: 337 343 
339: 188 199 250 300 394 
340: 1 123 134 229 315 
341: 67 212 229 255 316 
342: 55 71 176 244 290 
343: 83 221 338 345 
344: 203 316 348 429 
345: 343 346 
346: 345 348 
347: 51 243 311 418 481 
348: 344 346 351 
349: 29 236 403 
350: 12 19 83 330 418 
351: 348 352 
352: 351 355 
353: 7 62 305 371 493 
354: 9 209 212 249 485 
355: 352 359 
356: 131 408 426 
357: 47 149 168 
358: 134 255 408 432 
359: 355 360 
360: 359 363 
361: 90 156 204 293 371 
362: 4 49 96 104 470 
363: 360 364 
364: 363 365 
365: 364 368 
366: 156 288 305 
367: 16 386 
368: 365 369 
369: 368 370 
370: 369 372 
371: 67 353 361 
372: 370 374 
373: 260 287 326 491 497 
374: 298 372 375 
375: 374 378 
376: 43 156 228 315 329 
377: 24 207 243 263 448 
378: 375 382 
379: 7 61 85 175 499 
380: 64 218 228 404 418 
381: 259 311 454 474 497 
382: 378 384 401 
383: 149 197 244 290 325 
384: 382 387 
385: 134 388 493 
386: 198 336 367 429 
387: 384 388 
388: 385 387 389 
389: 388 390 
390: 22 389 391 
391: 390 392 
392: 391 393 
393: 392 396 
394: 2 295 339 446 489 
395: 64 166 397 
396: 393 399 499 
397: 49 64 255 336 395 
398: 87 173 485 495 
399: 396 400 
400: 399 402 
401: 119 122 382 481 
402: 400 405 
403: 21 349 
404: 23 237 245 380 411 
405: 402 406 
406: 405 407 
407: 406 409 
408: 16 175 356 358 432 
409: 407 413 
410: 12 223 421 
411: 141 263 404 455 466 
412: 107 254 313 499 
413: 409 414 
414: 413 415 
415: 303 414 416 
416: 415 417 
417: 416 419 
418: 11 221 347 350 380 
419: 417 420 
420: 419 422 
421: 55 259 410 
422: 420 423 
423: 263 422 424 
424: 423 425 
425: 424 427 
426: 287 331 356 474 
427: 425 428 
428: 427 430 
429: 72 344 386 452 
430: 428 433 
431: 44 49 123 493 
432: 41 123 300 358 408 
433: 430 435 
434: 255 256 453 495 
435: 433 436 
436: 435 437 
437: 436 439 
438: 279 289 311 443 491 
439: 437 442 
440: 84 240 
441: 51 238 318 496 
442: 439 445 
443: 54 90 188 438 
444: 173 234 
445: 442 447 
446: 23 36 394 463 495 
447: 445 457 464 
448: 41 98 377 
449: 76 204 
450: 67 69 330 335 
451: 36 121 260 453 
452: 279 306 429 496 
453: 11 89 301 434 451 
454: 30 113 286 381 
455: 44 71 153 203 411 
456: 88 92 300 469 
457: 447 458 
458: 457 459 
459: 458 460 
460: 459 461 
461: 460 462 
462: 461 465 
463: 122 446 
464: 157 286 306 447 
465: 462 468 
466: 155 255 328 411 471 
467: 221 277 336 
468: 465 469 
469: 456 468 472 
470: 177 198 203 362 
471: 54 125 168 285 466 
472: 469 475 
473: 293 335 
474: 182 307 381 426 489 
475: 472 476 
476: 475 477 
477: 476 479 
478: 109 153 249 274 279 
479: 477 480 
480: 479 483 
481: 84 316 347 401 
482: 43 138 275 
483: 480 490 
484: 13 103 330 
485: 211 240 248 354 398 
486: 32 323 
487: 13 84 203 249 331 
488: 496 
489: 11 24 394 474 
490: 483 498 
491: 95 176 228 373 438 
492: 198 199 211 267 295 
493: 204 353 385 431 
494: 52 138 252 328 
495: 49 303 398 434 446 
496: 140 268 441 452 488 
497: 98 298 306 373 381 
498: 226 490 
499: 4 84 379 396 412 
40