0: 24 176 210 420 
1: 27 220 
2: 4 
3: 139 379 396 
4: 2 6 
5: 173 389 
6: 4 10 
7: 44 188 273 474 491 
8: 111 118 195 
9: 55 128 273 386 484 
10: 6 11 413 
11: 10 12 
12: 11 16 
13: 70 87 134 141 
14: 367 420 474 
15: 99 296 370 437 486 
16: 12 22 
17: 96 426 
18: 45 142 407 449 
19: 36 81 327 410 411 
20: 75 177 186 401 453 
21: 168 256 464 
22: 16 25 
23: 337 357 373 
24: 0 267 386 491 
25: 22 26 
26: 25 29 
27: 1 311 331 410 433 
28: 89 219 389 
29: 26 30 
30: 29 32 
31: 458 471 
32: 30 33 
33: 32 34 
34: 33 35 
35: 34 38 396 
36: 19 37 263 360 425 
37: 36 69 332 447 
38: 35 39 
39: 38 40 
40: 39 42 
41: 88 176 341 427 
42: 40 46 
43: 201 249 372 375 420 
44: 7 143 327 344 
45: 18 286 
46: 42 47 
47: 46 49 
48: 373 410 
49: 47 50 
50: 49 51 273 
51: 50 54 
52: 55 291 
53: 261 306 
54: 51 57 
55: 9 52 253 267 451 
56: 187 226 235 243 
57: 54 58 
58: 57 60 
59: 161 195 426 
60: 58 61 
61: 60 63 
62: 144 186 265 379 
63: 61 64 
64: 63 65 
65: 64 67 
66: 226 261 
67: 65 71 
68: 335 375 495 
69: 37 91 147 
70: 13 255 357 373 
71: 67 72 
72: 71 73 486 
73: 72 74 
74: 73 79 
75: 20 113 352 
76: 142 157 314 
77: 94 204 210 
78: 171 325 
79: 74 80 
80: 79 82 88 
81: 19 226 272 349 
82: 80 85 
83: 149 159 261 275 369 
84: 88 101 176 239 
85: 82 90 
86: 151 276 440 453 
87: 13 94 139 464 485 
88: 41 80 84 183 
89: 28 344 458 
90: 85 95 357 
91: 69 140 342 
92: 157 266 
93: 333 367 
94: 77 87 406 413 
95: 90 97 
96: 17 329 
97: 95 99 
98: 301 368 
99: 15 97 100 
100: 99 102 
101: 84 127 
102: 100 105 
103: 421 473 
104: 127 249 437 
105: 102 106 
106: 105 108 
107: 111 173 222 406 
108: 106 110 
109: 241 285 379 428 
110: 108 112 
111: 8 107 139 298 335 
112: 110 114 
113: 75 368 488 
114: 112 116 
115: 154 277 333 
116: 114 119 
117: 217 263 382 
118: 8 176 316 408 431 
119: 116 120 
120: 119 122 
121: 137 237 260 294 311 
122: 120 130 
123: 168 243 
124: 143 270 
125: 144 235 382 463 479 
126: 223 247 276 415 451 
127: 101 104 200 344 
128: 9 378 392 
129: 136 140 
130: 122 131 
131: 130 132 
132: 131 133 
133: 132 135 
134: 13 137 292 452 460 
135: 133 138 
136: 129 332 433 
137: 121 134 147 255 405 
138: 135 145 302 
139: 3 87 111 215 424 
140: 91 129 406 
141: 13 291 378 433 472 
142: 18 76 190 370 405 
143: 44 124 352 
144: 62 125 308 373 485 
145: 138 146 
146: 145 148 
147: 69 137 222 457 
148: 146 150 
149: 83 460 
150: 148 152 420 
151: 86 154 218 235 285 
152: 150 153 
153: 152 155 196 286 
154: 115 151 441 
155: 153 156 
156: 155 158 
157: 76 92 459 
158: 156 160 440 
159: 83 292 319 327 
160: 158 162 
161: 59 232 312 327 369 
162: 160 163 
163: 162 165 
164: 190 373 452 481 
165: 163 166 
166: 165 167 
167: 166 170 
168: 21 123 219 
169: 185 278 293 296 
170: 167 172 
171: 78 195 338 368 
172: 170 174 
173: 5 107 249 301 349 
174: 172 175 
175: 174 178 
176: 0 41 84 118 381 
177: 20 261 394 
178: 175 180 
179: 187 214 284 
180: 178 181 
181: 180 182 
182: 181 184 
183: 88 256 320 
184: 182 189 
185: 169 
186: 20 62 210 220 
187: 56 179 215 425 486 
188: 7 267 268 289 462 
189: 184 191 
190: 142 164 242 428 464 
191: 189 192 
192: 191 193 379 
193: 192 194 
194: 193 197 
195: 8 59 171 466 
196: 153 217 394 486 
197: 194 199 
198: 201 421 460 
199: 197 202 
200: 127 219 295 378 
201: 43 198 306 311 315 
202: 199 205 
203: 419 436 457 
204: 77 396 
205: 202 206 
206: 205 207 
207: 206 209 
208: 237 316 436 451 
209: 207 211 
210: 0 77 186 392 
211: 209 212 
212: 211 213 
213: 212 216 
214: 179 277 
215: 139 187 258 466 484 
216: 213 221 
217: 117 196 354 453 
218: 151 357 370 381 472 
219: 28 168 200 
220: 1 186 441 452 469 
221: 216 224 
222: 107 147 311 419 
223: 126 332 457 
224: 221 225 
225: 224 227 
226: 56 66 81 339 481 
227: 225 228 
228: 227 229 325 
229: 228 230 
230: 229 233 
231: 294 308 331 
232: 161 239 442 
233: 230 234 
234: 233 236 
235: 56 125 151 243 
236: 234 238 
237: 121 208 
238: 236 240 349 
239: 84 232 329 332 437 
240: 238 241 263 
241: 109 240 244 
242: 190 302 314 320 362 
243: 56 123 235 266 335 
244: 241 245 
245: 244 246 
246: 245 248 
247: 126 294 
248: 246 250 
249: 43 104 173 275 306 
250: 248 251 
251: 250 252 
252: 251 253 
253: 55 252 254 
254: 253 257 
255: 70 137 337 473 
256: 21 183 409 417 
257: 254 259 437 
258: 215 428 
259: 257 264 
260: 121 266 476 
261: 53 66 83 177 495 
262: 325 381 
263: 36 117 240 436 
264: 259 265 
265: 62 264 268 441 
266: 92 243 260 
267: 24 55 188 315 369 
268: 188 265 269 
269: 268 271 
270: 124 304 413 
271: 269 274 
272: 81 277 349 407 409 
273: 7 9 50 
274: 271 278 
275: 83 249 497 
276: 86 126 291 
277: 115 214 272 315 466 
278: 169 274 279 
279: 278 280 
280: 279 281 
281: 280 282 
282: 281 283 
283: 282 284 
284: 179 283 287 
285: 109 151 304 349 
286: 45 153 412 
287: 284 288 
288: 287 290 
289: 188 451 474 
290: 288 297 
291: 52 141 276 413 426 
292: 134 159 
293: 169 481 
294: 121 231 247 331 484 
295: 200 424 428 495 
296: 15 169 335 400 495 
297: 290 299 
298: 111 410 445 
299: 297 300 
300: 299 303 
301: 98 173 369 454 
302: 138 242 
303: 300 305 
304: 270 285 427 
305: 303 307 
306: 53 201 249 428 453 
307: 305 309 
308: 144 231 320 332 409 
309: 307 310 
310: 309 312 
311: 27 121 201 222 441 
312: 161 310 313 
313: 312 317 
314: 76 242 
315: 201 267 277 338 406 
316: 118 208 354 458 
317: 313 318 
318: 317 319 
319: 159 318 321 
320: 183 242 308 
321: 319 322 
322: 321 323 
323: 322 324 
324: 323 326 
325: 78 228 262 458 
326: 324 328 
327: 19 44 159 161 414 
328: 326 330 
329: 96 239 
330: 328 334 
331: 27 231 294 452 
332: 37 136 223 239 308 
333: 93 115 444 462 
334: 330 336 
335: 68 111 243 296 
336: 334 340 
337: 23 255 414 419 
338: 171 315 464 
339: 226 471 
340: 336 342 
341: 41 405 
342: 91 340 343 
343: 342 345 
344: 44 89 127 
345: 343 346 
346: 345 347 
347: 346 348 
348: 347 350 
349: 81 173 238 272 285 
350: 348 351 
351: 350 353 
352: 75 143 382 476 
353: 351 355 
354: 217 316 372 407 
355: 353 356 
356: 355 358 
357: 23 70 90 218 439 
358: 356 359 
359: 358 360 
360: 36 359 361 
361: 360 362 
362: 242 361 363 
363: 362 364 
364: 363 365 
365: 364 366 
366: 365 371 
367: 14 93 433 
368: 98 113 171 491 
369: 83 161 267 301 
370: 15 142 218 466 
371: 366 374 
372: 43 354 483 
373: 23 48 70 144 164 
374: 371 376 
375: 43 68 
376: 374 377 
377: 376 380 
378: 128 141 200 
379: 3 62 109 192 442 
380: 377 383 
381: 176 218 262 
382: 117 125 352 
383: 380 384 
384: 383 385 
385: 384 387 
386: 9 24 411 412 444 
387: 385 388 
388: 387 390 
389: 5 28 479 
390: 388 391 
391: 390 393 
392: 128 210 491 
393: 391 395 
394: 177 196 445 
395: 393 397 
396: 3 35 204 483 
397: 395 398 
398: 397 399 
399: 398 401 
400: 296 460 
401: 20 399 402 
402: 401 403 
403: 402 404 
404: 403 408 
405: 137 142 341 
406: 94 107 140 315 
407: 18 272 354 
408: 118 404 415 
409: 256 272 308 444 
410: 19 27 48 298 
411: 19 386 
412: 286 386 417 
413: 10 94 270 291 441 
414: 327 337 425 
415: 126 408 416 
416: 415 418 
417: 256 412 
418: 416 422 
419: 203 222 337 
420: 0 14 43 150 
421: 103 198 
422: 418 429 
423: 436 444 
424: 139 295 
425: 36 187 414 427 
426: 17 59 291 457 497 
427: 41 304 425 
428: 109 190 258 295 306 
429: 422 430 
430: 429 431 
431: 118 430 432 
432: 431 434 
433: 27 136 141 367 447 
434: 432 435 457 
435: 434 438 
436: 203 208 263 423 
437: 15 104 239 257 452 
438: 435 439 495 
439: 357 438 443 
440: 86 158 479 
441: 154 220 265 311 413 
442: 232 379 484 486 
443: 439 446 
444: 333 386 409 423 
445: 298 394 465 497 
446: 443 448 
447: 37 433 459 
448: 446 449 
449: 18 448 450 
450: 449 454 
451: 55 126 208 289 
452: 134 164 220 331 437 
453: 20 86 217 306 
454: 301 450 455 
455: 454 456 
456: 455 461 
457: 147 203 223 426 434 
458: 31 89 316 325 
459: 157 447 469 
460: 134 149 198 400 
461: 456 465 
462: 188 333 466 
463: 125 472 
464: 21 87 190 338 
465: 445 461 467 
466: 195 215 277 370 462 
467: 465 468 
468: 467 470 
469: 220 459 491 
470: 468 475 
471: 31 339 
472: 141 218 463 
473: 103 255 
474: 7 14 289 
475: 470 477 
476: 260 352 
477: 475 478 
478: 477 480 
479: 125 389 440 484 
480: 478 482 
481: 164 226 293 
482: 480 483 
483: 372 396 482 487 
484: 9 215 294 442 479 
485: 87 144 
486: 15 72 187 196 442 
487: 483 488 
488: 113 487 489 
489: 488 490 
490: 489 492 
491: 7 24 368 392 469 
492: 490 493 
493: 492 494 
494: 493 496 
495: 68 261 295 296 438 
496: 494 498 
497: 275 426 445 
498: 496 499 
499: 498 
42