0: 2 136 
1: 273 453 
2: 0 6 
3: 4 71 124 384 
4: 3 187 280 
5: 134 242 398 402 
6: 2 7 
7: 6 10 
8: 133 197 290 474 496 
9: 393 423 427 
10: 7 13 
11: 264 301 
12: 187 202 400 416 
13: 10 15 
14: 217 466 
15: 13 17 
16: 88 324 
17: 15 19 
18: 295 363 
19: 17 21 
20: 123 225 276 312 419 
21: 19 22 165 
22: 21 25 
23: 43 466 
24: 213 415 
25: 22 30 
26: 28 94 173 202 
27: 48 261 
28: 26 70 158 206 
29: 138 380 450 
30: 25 34 
31: 233 308 406 
32: 236 282 
33: 271 389 393 
34: 30 35 
35: 34 36 
36: 35 37 
37: 36 38 
38: 37 41 
39: 137 176 
40: 265 493 
41: 38 42 
42: 41 46 
43: 23 330 390 
44: 204 211 299 
45: 62 83 402 
46: 42 52 
47: 51 425 
48: 27 180 
49: 59 163 
50: 71 221 260 282 304 
51: 47 146 236 389 460 
52: 46 53 
53: 52 54 178 
54: 53 60 
55: 324 433 
56: 102 286 
57: 129 276 457 
58: 217 255 397 445 
59: 49 285 
60: 54 61 
61: 60 63 
62: 45 64 79 
63: 61 65 
64: 62 157 199 
65: 63 67 
66: 149 189 
67: 65 76 
68: 197 330 404 
69: 267 292 465 
70: 28 178 406 
71: 3 50 293 
72: 225 302 325 
73: 458 488 
74: 398 488 
75: 185 257 
76: 67 78 
77: 221 
78: 76 81 350 
79: 62 134 490 
80: 322 384 410 
81: 78 82 
82: 81 84 
83: 45 439 
84: 82 85 
85: 84 86 
86: 85 87 
87: 86 90 
88: 16 347 456 
89: 195 280 
90: 87 91 
91: 90 93 
92: 231 255 497 
93: 91 95 
94: 26 143 372 
95: 93 96 
96: 95 98 
97: 140 322 
98: 96 99 
99: 98 103 
100: 108 130 200 
101: 152 169 224 
102: 56 465 
103: 99 105 
104: 274 429 
105: 103 107 433 
106: 262 318 
107: 105 109 
108: 100 287 
109: 107 110 
110: 109 111 
111: 110 112 
112: 111 113 
113: 112 114 
114: 113 115 
115: 114 117 
116: 163 186 424 463 
117: 115 119 
118: 371 410 
119: 117 120 419 
120: 119 121 211 
121: 120 122 494 
122: 121 125 
123: 20 302 446 
124: 3 374 415 
125: 122 127 
126: 195 218 307 314 
127: 125 131 
128: 272 467 
129: 57 211 292 323 
130: 100 228 497 
131: 127 135 
132: 134 262 
133: 8 437 494 
134: 5 79 132 
135: 131 139 
136: 0 156 206 
137: 39 242 
138: 29 178 
139: 135 142 
140: 97 153 280 448 
141: 231 343 499 
142: 139 145 
143: 94 264 
144: 161 170 
145: 142 146 231 
146: 51 145 151 
147: 229 319 
148: 309 350 410 
149: 66 362 
150: 291 393 
151: 146 154 
152: 101 246 301 
153: 140 440 
154: 151 155 
155: 154 159 261 
156: 136 171 
157: 64 173 422 
158: 28 350 424 491 
159: 155 160 
160: 159 164 
161: 144 232 
162: 213 308 
163: 49 116 
164: 160 167 
165: 21 318 333 
166: 242 493 
167: 164 168 
168: 167 169 
169: 101 168 172 
170: 144 486 
171: 156 315 
172: 169 177 
173: 26 157 
174: 216 277 
175: 223 258 310 
176: 39 417 
177: 172 179 
178: 53 70 138 402 476 
179: 177 181 
180: 48 307 
181: 179 182 
182: 181 183 
183: 182 184 286 
184: 183 188 
185: 75 191 
186: 116 265 366 
187: 4 12 286 413 
188: 184 190 
189: 66 339 428 
190: 188 192 
191: 185 224 
192: 190 193 
193: 192 194 
194: 193 196 
195: 89 126 
196: 194 198 
197: 8 68 
198: 196 201 
199: 64 474 
200: 100 486 
201: 198 205 
202: 12 26 389 
203: 410 458 465 468 
204: 44 216 395 
205: 201 207 
206: 28 136 
207: 205 208 
208: 207 210 
209: 230 330 398 
210: 208 212 
211: 44 120 129 295 
212: 210 214 
213: 24 162 
214: 212 215 
215: 214 219 
216: 174 204 
217: 14 58 225 230 
218: 126 373 
219: 215 220 
220: 219 222 318 
221: 50 77 325 
222: 220 227 
223: 175 421 476 
224: 101 191 227 
225: 20 72 217 309 
226: 255 419 
227: 222 224 234 
228: 130 390 
229: 147 277 310 
230: 209 217 267 385 
231: 92 141 145 450 
232: 161 331 
233: 31 344 
234: 227 235 
235: 234 237 
236: 32 51 309 
237: 235 238 
238: 237 239 465 
239: 238 240 
240: 239 241 304 
241: 240 243 
242: 5 137 166 
243: 241 244 
244: 243 245 
245: 244 246 
246: 152 245 248 
247: 366 473 
248: 246 249 
249: 248 250 
250: 249 252 
251: 258 270 
252: 250 253 
253: 252 254 
254: 253 256 
255: 58 92 226 331 
256: 254 259 
257: 75 417 
258: 175 251 
259: 256 260 
260: 50 259 263 
261: 27 155 310 419 
262: 106 132 
263: 260 266 450 
264: 11 143 270 
265: 40 186 
266: 263 268 
267: 69 230 380 474 
268: 266 269 
269: 268 278 
270: 251 264 302 397 424 
271: 33 315 395 
272: 128 439 
273: 1 492 
274: 104 387 433 
275: 347 364 
276: 20 57 289 
277: 174 229 
278: 269 279 
279: 278 281 
280: 4 89 140 
281: 279 283 
282: 32 50 374 
283: 281 284 
284: 283 288 
285: 59 348 
286: 56 183 187 
287: 108 363 
288: 284 289 
289: 276 288 290 
290: 8 289 294 
291: 150 372 
292: 69 129 354 
293: 71 374 427 
294: 290 296 
295: 18 211 337 
296: 294 297 
297: 296 298 
298: 297 300 
299: 44 367 
300: 298 303 
301: 11 152 
302: 72 123 270 
303: 300 305 
304: 50 240 307 
305: 303 306 
306: 305 311 
307: 126 180 304 
308: 31 162 331 
309: 148 225 236 
310: 175 229 261 333 460 
311: 306 313 
312: 20 473 
313: 311 314 
314: 126 313 316 
315: 171 271 499 
316: 314 317 
317: 316 320 
318: 106 165 220 372 
319: 147 424 
320: 317 321 
321: 320 326 
322: 80 97 
323: 129 334 
324: 16 55 
325: 72 221 330 
326: 321 327 
327: 326 328 
328: 327 329 
329: 328 332 
330: 43 68 209 325 
331: 232 255 308 
332: 329 335 
333: 165 310 357 428 
334: 323 401 
335: 332 336 
336: 335 337 
337: 295 336 338 
338: 337 340 
339: 189 389 
340: 338 341 
341: 340 342 
342: 341 345 
343: 141 367 
344: 233 377 
345: 342 346 
346: 345 349 
347: 88 275 
348: 285 413 496 
349: 346 351 
350: 78 148 158 
351: 349 352 
352: 351 353 
353: 352 354 
354: 292 353 355 
355: 354 356 
356: 355 357 
357: 333 356 358 
358: 357 359 
359: 358 360 
360: 359 361 
361: 360 365 
362: 149 460 
363: 18 287 
364: 275 401 
365: 361 368 
366: 186 247 420 464 
367: 299 343 
368: 365 369 440 
369: 368 370 
370: 369 375 
371: 118 494 
372: 94 291 318 
373: 218 404 
374: 124 282 293 
375: 370 376 
376: 375 378 
377: 344 470 490 
378: 376 379 
379: 378 381 
380: 29 267 437 
381: 379 382 
382: 381 383 
383: 382 385 
384: 3 80 
385: 230 383 386 
386: 385 388 
387: 274 446 
388: 386 391 
389: 33 51 202 339 
390: 43 228 
391: 388 392 
392: 391 394 
393: 9 33 150 
394: 392 396 
395: 204 271 
396: 394 399 
397: 58 270 421 
398: 5 74 209 
399: 396 403 
400: 12 402 
401: 334 364 459 
402: 5 45 178 400 
403: 399 405 
404: 68 373 428 
405: 403 407 
406: 31 70 
407: 405 408 
408: 407 409 
409: 408 411 
410: 80 118 148 203 
411: 409 412 
412: 411 413 
413: 187 348 412 414 
414: 413 416 
415: 24 124 
416: 12 414 418 
417: 176 257 
418: 416 422 
419: 20 119 226 261 
420: 366 467 
421: 223 397 493 
422: 157 418 423 
423: 9 422 426 
424: 116 158 270 319 
425: 47 429 447 
426: 423 430 
427: 9 293 433 
428: 189 333 404 453 
429: 104 425 488 
430: 426 432 
431: 492 495 
432: 430 434 
433: 55 105 274 427 
434: 432 435 
435: 434 436 
436: 435 438 
437: 133 380 
438: 436 441 
439: 83 272 
440: 153 368 496 
441: 438 442 
442: 441 443 
443: 442 444 
444: 443 445 
445: 58 444 447 
446: 123 387 453 
447: 425 445 448 
448: 140 447 449 
449: 448 451 
450: 29 231 263 
451: 449 452 
452: 451 454 
453: 1 428 446 
454: 452 455 
455: 454 456 
456: 88 455 459 
457: 57 468 
458: 73 203 
459: 401 456 461 
460: 51 310 362 
461: 459 462 
462: 461 463 
463: 116 462 464 
464: 366 463 469 
465: 69 102 203 238 
466: 14 23 
467: 128 420 
468: 203 457 
469: 464 470 
470: 377 469 471 
471: 470 472 
472: 471 475 
473: 247 312 
474: 8 199 267 
475: 472 477 
476: 178 223 
477: 475 478 
478: 477 479 
479: 478 480 
480: 479 481 
481: 480 482 
482: 481 483 
483: 482 484 
484: 483 485 
485: 484 487 
486: 170 200 
487: 485 489 
488: 73 74 429 
489: 487 491 
490: 79 377 
491: 158 489 498 
492: 273 431 
493: 40 166 421 
494: 121 133 371 
495: 431 
496: 8 348 440 
497: 92 130 
498: 491 
499: 141 315 
42