0: 1 
1: 0 3 
2: 186 395 
3: 1 4 
4: 3 6 
5: 26 253 284 
6: 4 7 297 
7: 6 13 
8: 12 38 211 
9: 92 217 331 414 
10: 187 343 345 
11: 71 110 144 400 
12: 8 37 40 482 
13: 7 16 
14: 211 264 351 367 485 
15: 240 301 411 465 
16: 13 17 
17: 16 18 
18: 17 20 
19: 43 456 465 
20: 18 21 485 
21: 20 23 325 
22: 298 413 415 
23: 21 24 
24: 23 27 
25: 118 158 223 414 
26: 5 269 331 
27: 24 31 
28: 259 381 390 
29: 308 367 432 446 457 
30: 179 466 477 
31: 27 32 
32: 31 33 341 365 
33: 32 34 
34: 33 35 
35: 34 36 
36: 35 39 
37: 12 85 138 394 423 
38: 8 126 146 255 454 
39: 36 41 157 
40: 12 147 218 334 
41: 39 42 
42: 41 44 
43: 19 94 446 
44: 42 45 
45: 44 46 
46: 45 51 
47: 126 300 365 438 
48: 225 233 239 253 409 
49: 158 191 464 488 
50: 261 270 342 399 411 
51: 46 52 
52: 51 53 
53: 52 55 
54: 112 129 226 
55: 53 58 457 
56: 315 410 454 
57: 218 367 429 484 
58: 55 59 
59: 58 60 
60: 59 61 
61: 60 62 128 279 
62: 61 63 
63: 62 65 
64: 243 300 
65: 63 66 
66: 65 69 
67: 105 125 208 226 489 
68: 122 240 
69: 66 72 
70: 241 243 324 371 458 
71: 11 80 96 295 
72: 69 73 
73: 72 75 327 
74: 87 373 388 
75: 73 77 
76: 90 112 
77: 75 78 
78: 77 79 
79: 78 80 123 
80: 71 79 81 
81: 80 82 
82: 81 83 
83: 82 86 
84: 432 447 472 
85: 37 127 324 
86: 83 91 
87: 74 164 307 415 496 
88: 95 144 373 410 496 
89: 411 436 472 
90: 76 138 179 181 415 
91: 86 93 
92: 9 120 155 274 480 
93: 91 99 
94: 43 106 146 342 458 
95: 88 145 304 447 492 
96: 71 134 361 417 491 
97: 201 253 335 429 
98: 343 346 349 433 440 
99: 93 100 
100: 99 101 456 
101: 100 102 
102: 101 103 
103: 102 104 
104: 103 111 
105: 67 321 391 439 471 
106: 94 143 169 381 395 
107: 126 195 233 400 461 
108: 144 187 306 340 
109: 258 329 341 
110: 11 245 264 446 454 
111: 104 113 
112: 54 76 122 336 
113: 111 114 186 
114: 113 117 
115: 229 276 278 410 
116: 118 221 266 457 
117: 114 119 
118: 25 116 155 238 342 
119: 117 120 234 
120: 92 119 121 
121: 120 130 
122: 68 112 127 411 
123: 79 137 245 256 
124: 151 179 276 464 469 
125: 67 239 253 432 
126: 38 47 107 215 
127: 85 122 201 315 347 
128: 61 143 365 441 450 
129: 54 185 224 462 477 
130: 121 132 
131: 156 209 315 348 469 
132: 130 135 
133: 258 298 304 432 
134: 96 208 375 440 
135: 132 136 
136: 135 139 
137: 123 334 
138: 37 90 253 268 317 
139: 136 140 
140: 139 141 
141: 140 142 
142: 141 148 
143: 106 128 153 458 
144: 11 88 108 278 
145: 95 238 
146: 38 94 169 214 435 
147: 40 284 419 
148: 142 149 
149: 148 150 417 
150: 149 152 
151: 124 242 299 493 
152: 150 154 
153: 143 346 390 395 423 
154: 152 160 
155: 92 118 201 466 491 
156: 131 208 462 
157: 39 202 357 405 
158: 25 49 242 461 
159: 329 477 
160: 154 161 
161: 160 162 
162: 161 165 
163: 288 377 405 469 487 
164: 87 404 
165: 162 166 
166: 165 167 
167: 166 168 
168: 167 170 
169: 106 146 342 
170: 168 173 
171: 256 346 400 487 
172: 279 424 
173: 170 174 
174: 173 175 
175: 174 176 
176: 175 177 
177: 176 178 
178: 177 181 
179: 30 90 124 296 
180: 288 348 388 471 482 
181: 90 178 182 
182: 181 183 357 
183: 182 184 
184: 183 188 429 
185: 129 186 256 
186: 2 113 185 265 492 
187: 10 108 438 475 
188: 184 189 
189: 188 190 
190: 189 192 
191: 49 308 317 327 423 
192: 190 193 
193: 192 196 
194: 331 343 
195: 107 224 370 
196: 193 197 
197: 196 199 
198: 215 225 258 304 474 
199: 197 200 
200: 199 203 
201: 97 127 155 
202: 157 321 377 453 
203: 200 204 
204: 203 205 
205: 204 206 
206: 205 207 
207: 206 210 
208: 67 134 156 226 410 
209: 131 435 494 
210: 207 212 
211: 8 14 429 
212: 210 216 
213: 241 277 293 391 446 
214: 146 229 375 474 
215: 126 198 259 461 
216: 212 217 
217: 9 216 219 
218: 40 57 318 467 
219: 217 220 
220: 219 222 238 
221: 116 321 327 
222: 220 227 
223: 25 239 343 403 457 
224: 129 195 285 
225: 48 198 244 373 465 
226: 54 67 208 227 277 
227: 222 226 228 
228: 227 230 
229: 115 214 277 
230: 228 231 
231: 230 232 
232: 231 235 
233: 48 107 388 437 477 
234: 119 266 316 472 
235: 232 236 
236: 235 237 
237: 236 246 327 
238: 118 145 220 335 365 
239: 48 125 223 245 
240: 15 68 
241: 70 213 301 446 454 
242: 151 158 
243: 64 70 307 423 466 
244: 225 401 448 
245: 110 123 239 488 
246: 237 247 
247: 246 248 
248: 247 250 
249: 299 338 417 438 485 
250: 248 251 
251: 250 252 
252: 251 254 
253: 5 48 97 125 138 
254: 252 257 
255: 38 357 480 
256: 123 171 185 274 411 
257: 254 260 
258: 109 133 198 410 462 
259: 28 215 340 479 
260: 257 262 
261: 50 265 278 351 433 
262: 260 263 
263: 262 267 
264: 14 110 308 337 
265: 186 261 471 
266: 116 234 286 316 355 
267: 263 271 
268: 138 487 
269: 26 300 424 
270: 50 299 394 
271: 267 272 
272: 271 273 
273: 272 280 
274: 92 256 493 
275: 330 337 357 
276: 115 124 490 
277: 213 226 229 457 496 
278: 115 144 261 432 485 
279: 61 172 293 453 
280: 273 281 
281: 280 282 
282: 281 283 
283: 282 287 
284: 5 147 341 444 
285: 224 304 496 
286: 266 462 466 496 
287: 283 289 
288: 163 180 345 423 
289: 287 290 
290: 289 291 
291: 290 292 
292: 291 294 
293: 213 279 338 
294: 292 295 
295: 71 294 302 
296: 179 435 437 
297: 6 413 472 
298: 22 133 308 371 444 
299: 151 249 270 361 472 
300: 47 64 269 
301: 15 241 334 349 
302: 295 303 
303: 302 305 
304: 95 133 198 285 
305: 303 310 
306: 108 480 
307: 87 243 375 439 462 
308: 29 191 264 298 
309: 388 471 
310: 305 311 
311: 310 312 
312: 311 313 
313: 312 314 
314: 313 318 471 
315: 56 127 131 433 493 
316: 234 266 325 341 363 
317: 138 191 345 367 491 
318: 218 314 319 
319: 318 320 
320: 319 322 
321: 105 202 221 
322: 320 323 
323: 322 326 
324: 70 85 400 
325: 21 316 335 342 
326: 323 328 
327: 73 191 221 237 469 
328: 326 330 
329: 109 159 
330: 275 328 332 
331: 9 26 194 
332: 330 333 
333: 332 336 
334: 40 137 301 
335: 97 238 325 438 488 
336: 112 333 339 
337: 264 275 351 416 
338: 249 293 
339: 336 344 
340: 108 259 475 
341: 32 109 284 316 464 
342: 50 94 118 169 325 
343: 10 98 194 223 
344: 339 350 
345: 10 288 317 492 
346: 98 153 171 435 437 
347: 127 366 399 436 
348: 131 180 377 
349: 98 301 491 
350: 344 352 
351: 14 261 337 381 394 
352: 350 353 
353: 352 355 
354: 390 433 444 491 494 
355: 266 353 356 
356: 355 358 
357: 157 182 255 275 
358: 356 359 
359: 358 360 
360: 359 362 
361: 96 299 437 
362: 360 363 
363: 316 362 364 
364: 363 366 493 
365: 32 47 128 238 388 
366: 347 364 368 
367: 14 29 57 317 416 
368: 366 369 
369: 368 372 
370: 195 400 433 
371: 70 298 381 391 429 
372: 369 374 
373: 74 88 225 404 477 
374: 372 376 
375: 134 214 307 415 448 
376: 374 378 
377: 163 202 348 
378: 376 379 
379: 378 380 
380: 379 382 
381: 28 106 351 371 428 
382: 380 383 
383: 382 384 
384: 383 385 
385: 384 386 
386: 385 387 
387: 386 389 413 
388: 74 180 233 309 365 
389: 387 392 
390: 28 153 354 424 439 
391: 105 213 371 480 490 
392: 389 393 
393: 392 396 
394: 37 270 351 494 
395: 2 106 153 435 447 
396: 393 397 
397: 396 398 
398: 397 401 
399: 50 347 458 
400: 11 107 171 324 370 
401: 244 398 402 
402: 401 406 
403: 223 461 485 
404: 164 373 
405: 157 163 466 475 
406: 402 407 
407: 406 408 
408: 407 409 
409: 48 408 412 
410: 56 88 115 208 258 
411: 15 50 89 122 256 
412: 409 418 
413: 22 297 387 417 
414: 9 25 
415: 22 87 90 375 
416: 337 367 
417: 96 149 249 413 428 
418: 412 419 
419: 147 418 420 
420: 419 421 
421: 420 422 
422: 421 425 
423: 37 153 191 243 288 
424: 172 269 390 493 
425: 422 426 
426: 425 427 
427: 426 430 
428: 381 417 480 488 
429: 57 97 184 211 371 
430: 427 431 
431: 430 434 
432: 29 84 125 133 278 
433: 98 261 315 354 370 
434: 431 441 
435: 146 209 296 346 395 
436: 89 347 454 
437: 233 296 346 361 
438: 47 187 249 335 450 
439: 105 307 390 
440: 98 134 488 
441: 128 434 442 
442: 441 443 
443: 442 445 
444: 284 298 354 482 
445: 443 449 
446: 29 43 110 213 241 
447: 84 95 395 456 
448: 244 375 
449: 445 451 
450: 128 438 
451: 449 452 
452: 451 455 
453: 202 279 
454: 38 56 110 241 436 
455: 452 459 
456: 19 100 447 
457: 29 55 116 223 277 
458: 70 94 143 399 
459: 455 460 
460: 459 463 
461: 107 158 215 403 
462: 129 156 258 286 307 
463: 460 467 
464: 49 124 341 
465: 15 19 225 
466: 30 155 243 286 405 
467: 218 463 468 
468: 467 470 
469: 124 131 163 327 
470: 468 473 
471: 105 180 265 309 314 
472: 84 89 234 297 299 
473: 470 476 
474: 198 214 
475: 187 340 405 
476: 473 478 
477: 30 129 159 233 373 
478: 476 479 
479: 259 478 481 
480: 92 255 306 391 428 
481: 479 483 
482: 12 180 444 
483: 481 486 
484: 57 492 
485: 14 20 249 278 403 
486: 483 489 
487: 163 171 268 
488: 49 245 335 428 440 
489: 67 486 490 
490: 276 391 489 495 
491: 96 155 317 349 354 
492: 95 186 345 484 
493: 151 274 315 364 424 
494: 209 354 394 
495: 490 497 
496: 87 88 277 285 286 
497: 495 498 
498: 497 499 
499: 498 
43