0: 118 122 270 302 438 
1: 50 73 132 212 251 
2: 3 
3: 2 5 14 62 
4: 20 52 161 320 325 
5: 3 6 255 
6: 5 7 
7: 6 8 
8: 7 9 
9: 8 11 
10: 254 310 
11: 9 22 
12: 70 215 235 287 
13: 247 302 328 433 
14: 3 22 209 231 317 
15: 59 112 193 262 392 
16: 62 234 313 
17: 21 95 100 153 316 
18: 90 265 400 493 
19: 199 421 468 
20: 4 192 196 304 340 
21: 17 256 499 
22: 11 14 24 
23: 104 179 272 428 
24: 22 26 307 
25: 62 134 
26: 24 27 
27: 26 29 
28: 262 477 
29: 27 35 
30: 70 93 146 173 
31: 157 213 231 307 
32: 73 362 398 
33: 170 195 357 453 
34: 212 235 282 
35: 29 36 
36: 35 38 
37: 52 234 265 357 477 
38: 36 39 
39: 38 45 
40: 79 90 195 294 415 
41: 177 406 438 
42: 51 113 147 343 368 
43: 110 274 307 385 448 
44: 208 340 375 452 482 
45: 39 46 
46: 45 47 
47: 46 48 
48: 47 49 
49: 48 53 363 
50: 1 66 346 499 
51: 42 289 418 
52: 4 37 65 305 433 
53: 49 55 
54: 59 233 363 381 451 
55: 53 57 230 313 
56: 170 327 
57: 55 58 129 
58: 57 60 439 
59: 15 54 319 327 396 
60: 58 63 
61: 71 272 392 
62: 3 16 25 167 411 
63: 60 65 99 
64: 93 95 451 
65: 52 63 67 
66: 50 126 163 280 302 
67: 65 68 
68: 67 69 
69: 68 72 
70: 12 30 132 234 284 
71: 61 233 247 445 446 
72: 69 74 
73: 1 32 114 289 345 
74: 72 76 
75: 116 167 284 375 
76: 74 77 200 
77: 76 79 
78: 278 323 347 477 
79: 40 77 80 
80: 79 81 
81: 80 82 
82: 81 84 
83: 93 109 325 434 
84: 82 85 
85: 84 86 
86: 85 89 
87: 229 244 379 421 
88: 165 233 248 349 447 
89: 86 91 126 
90: 18 40 297 303 453 
91: 89 92 
92: 91 96 
93: 30 64 83 163 248 
94: 99 109 222 363 
95: 17 64 117 181 211 
96: 92 97 
97: 96 98 144 
98: 97 101 
99: 63 94 204 294 
100: 17 306 417 
101: 98 102 
102: 101 106 
103: 233 487 
104: 23 131 251 451 
105: 109 134 223 306 
106: 102 107 
107: 106 108 
108: 107 111 
109: 83 94 105 175 
110: 43 201 454 
111: 108 115 
112: 15 304 
113: 42 244 284 408 465 
114: 73 195 446 450 
115: 111 121 
116: 75 327 431 449 474 
117: 95 131 212 255 364 
118: 0 262 305 449 
119: 319 440 461 
120: 161 494 498 
121: 115 123 
122: 0 248 270 
123: 121 124 
124: 123 125 
125: 124 127 
126: 66 89 234 304 445 
127: 125 128 
128: 127 130 
129: 57 181 222 247 
130: 128 133 
131: 104 117 184 319 378 
132: 1 70 306 355 
133: 130 135 
134: 25 105 143 
135: 133 136 
136: 135 137 
137: 136 139 
138: 274 308 387 493 
139: 137 140 
140: 139 141 193 
141: 140 143 
142: 170 214 432 
143: 134 141 148 
144: 97 203 237 250 417 
145: 154 157 161 391 433 
146: 30 175 381 
147: 42 209 490 499 
148: 143 149 
149: 148 150 378 
150: 149 151 223 
151: 150 152 
152: 151 155 
153: 17 201 231 270 
154: 145 258 317 440 
155: 152 158 
156: 223 448 
157: 31 145 388 416 432 
158: 155 159 
159: 158 160 
160: 159 164 
161: 4 120 145 331 370 
162: 204 250 310 
163: 66 93 287 339 478 
164: 160 166 
165: 88 175 293 339 449 
166: 164 168 
167: 62 75 210 346 391 
168: 166 169 
169: 168 171 
170: 33 56 142 204 439 
171: 169 172 
172: 171 176 
173: 30 196 230 406 
174: 308 367 466 
175: 109 146 165 278 349 
176: 172 178 
177: 41 181 214 256 262 
178: 176 182 
179: 23 199 293 332 421 
180: 282 362 368 404 408 
181: 95 129 177 235 492 
182: 178 183 
183: 182 185 
184: 131 199 344 349 
185: 183 186 
186: 185 187 
187: 186 188 
188: 187 189 
189: 188 190 
190: 189 194 
191: 212 233 303 324 446 
192: 20 213 360 
193: 15 140 276 284 
194: 190 197 
195: 33 40 114 333 490 
196: 20 173 278 331 398 
197: 194 198 
198: 197 202 
199: 19 179 184 450 
200: 76 305 411 447 
201: 110 153 230 268 487 
202: 198 203 453 
203: 144 202 205 
204: 99 162 170 
205: 203 207 
206: 324 344 363 450 
207: 205 210 
208: 44 249 308 444 493 
209: 14 147 381 430 
210: 167 207 216 
211: 95 360 367 379 385 
212: 1 34 117 191 256 
213: 31 192 384 448 
214: 142 177 444 493 
215: 12 316 388 
216: 210 217 
217: 216 218 
218: 217 219 
219: 218 220 
220: 219 221 
221: 220 224 
222: 94 129 377 474 
223: 105 150 156 
224: 221 225 
225: 224 226 
226: 225 227 
227: 226 228 445 
228: 227 232 
229: 87 258 285 326 484 
230: 55 173 201 327 
231: 14 31 153 
232: 228 236 
233: 54 71 88 103 191 
234: 16 37 70 126 237 
235: 12 34 181 468 498 
236: 232 238 
237: 144 234 302 344 444 
238: 236 239 
239: 238 240 
240: 239 241 
241: 240 243 
242: 282 319 406 
243: 241 246 
244: 87 113 289 478 487 
245: 249 362 387 408 482 
246: 243 252 
247: 13 71 129 444 458 
248: 88 93 122 339 447 
249: 208 245 339 391 450 
250: 144 162 278 304 
251: 1 104 415 
252: 246 253 
253: 252 257 
254: 10 276 438 
255: 5 117 280 325 426 
256: 21 177 212 292 
257: 253 259 
258: 154 229 289 461 493 
259: 257 260 
260: 259 261 
261: 260 263 
262: 15 28 118 177 268 
263: 261 264 
264: 263 267 
265: 18 37 340 370 375 
266: 398 468 
267: 264 269 
268: 201 262 404 435 466 
269: 267 271 
270: 0 122 153 328 
271: 269 273 
272: 23 61 370 398 412 
273: 271 275 
274: 43 138 306 499 
275: 273 277 
276: 193 254 
277: 275 279 
278: 78 175 196 250 377 
279: 277 281 343 
280: 66 255 412 
281: 279 283 
282: 34 180 242 307 
283: 281 286 
284: 70 75 113 193 396 
285: 229 449 481 
286: 283 288 
287: 12 163 307 438 482 
288: 286 290 
289: 51 73 244 258 306 
290: 288 291 
291: 290 295 
292: 256 316 398 432 470 
293: 165 179 498 
294: 40 99 326 421 
295: 291 296 
296: 295 298 
297: 90 454 477 
298: 296 300 385 
299: 369 391 
300: 298 301 
301: 300 309 
302: 0 13 66 237 490 
303: 90 191 408 434 451 
304: 20 112 126 250 375 
305: 52 118 200 313 438 
306: 100 105 132 274 289 
307: 24 31 43 282 287 
308: 138 174 208 313 458 
309: 301 311 412 
310: 10 162 360 453 
311: 309 312 
312: 311 314 
313: 16 55 305 308 381 
314: 312 315 
315: 314 318 
316: 17 215 292 331 478 
317: 14 154 325 408 450 
318: 315 320 
319: 59 119 131 242 
320: 4 318 321 324 
321: 320 322 
322: 321 329 
323: 78 345 411 
324: 191 206 320 343 
325: 4 83 255 317 426 
326: 229 294 413 465 
327: 56 59 116 230 461 
328: 13 270 349 451 458 
329: 322 330 
330: 329 332 
331: 161 196 316 362 482 
332: 179 330 335 
333: 195 334 393 
334: 333 474 
335: 332 336 
336: 335 337 
337: 336 338 
338: 337 341 
339: 163 165 248 249 367 
340: 20 44 265 357 387 
341: 338 342 
342: 341 348 
343: 42 279 324 388 
344: 184 206 237 345 
345: 73 323 344 
346: 50 167 369 378 
347: 78 396 404 
348: 342 350 
349: 88 175 184 328 481 
350: 348 351 
351: 350 352 
352: 351 353 
353: 352 354 
354: 353 355 
355: 132 354 356 
356: 355 358 
357: 33 37 340 
358: 356 359 
359: 358 361 
360: 192 211 310 478 
361: 359 365 
362: 32 180 245 331 367 
363: 49 54 94 206 461 
364: 117 435 
365: 361 366 
366: 365 371 
367: 174 211 339 362 411 
368: 42 180 499 
369: 299 346 432 453 
370: 161 265 272 434 
371: 366 372 
372: 371 373 
373: 372 374 
374: 373 376 
375: 44 75 265 304 435 
376: 374 380 
377: 222 278 415 417 446 
378: 131 149 346 492 
379: 87 211 
380: 376 382 448 
381: 54 146 209 313 461 
382: 380 383 
383: 382 384 
384: 213 383 386 406 
385: 43 211 298 396 
386: 384 389 
387: 138 245 340 487 
388: 157 215 343 
389: 386 390 
390: 389 394 
391: 145 167 249 299 426 
392: 15 61 439 
393: 333 426 439 
394: 390 395 
395: 394 397 
396: 59 284 347 385 426 
397: 395 399 
398: 32 196 266 272 292 
399: 397 400 
400: 18 399 401 
401: 400 402 
402: 401 403 
403: 402 405 
404: 180 268 347 415 433 
405: 403 407 
406: 41 173 242 384 
407: 405 409 
408: 113 180 245 303 317 
409: 407 410 
410: 409 414 
411: 62 200 323 367 439 
412: 272 280 309 
413: 326 418 466 
414: 410 416 
415: 40 251 377 404 445 
416: 157 414 419 
417: 100 144 377 
418: 51 413 
419: 416 420 
420: 419 422 
421: 19 87 179 294 452 
422: 420 423 
423: 422 424 
424: 423 425 
425: 424 427 
426: 255 325 391 393 396 
427: 425 428 
428: 23 427 429 
429: 428 430 
430: 209 429 436 
431: 116 482 483 
432: 142 157 292 369 
433: 13 52 145 404 
434: 83 303 370 
435: 268 364 375 
436: 430 437 
437: 436 441 
438: 0 41 254 287 305 
439: 58 170 392 393 411 
440: 119 154 
441: 437 442 
442: 441 443 481 
443: 442 455 
444: 208 214 237 247 
445: 71 126 227 415 
446: 71 114 191 377 
447: 88 200 248 
448: 43 156 213 380 458 
449: 116 118 165 285 466 
450: 114 199 206 249 317 
451: 54 64 104 303 328 
452: 44 421 458 
453: 33 90 202 310 369 
454: 110 297 
455: 443 456 
456: 455 457 
457: 456 459 
458: 247 308 328 448 452 
459: 457 460 
460: 459 462 
461: 119 258 327 363 381 
462: 460 463 
463: 462 464 
464: 463 467 
465: 113 326 
466: 174 268 413 449 
467: 464 469 
468: 19 235 266 
469: 467 470 
470: 292 469 471 
471: 470 472 
472: 471 473 
473: 472 475 
474: 116 222 334 478 
475: 473 476 
476: 475 479 
477: 28 37 78 297 
478: 163 244 316 360 474 
479: 476 480 
480: 479 483 
481: 285 349 442 
482: 44 245 287 331 431 
483: 431 480 484 
484: 229 483 485 
485: 484 486 
486: 485 488 
487: 103 201 244 387 
488: 486 489 
489: 488 491 
490: 147 195 302 
491: 489 494 
492: 181 378 
493: 18 138 208 214 258 
494: 120 491 495 
495: 494 496 
496: 495 497 
497: 496 
498: 120 235 293 
499: 21 50 147 274 368 
43