0: 2 
1: 260 438 491 
2: 0 4 
3: 89 260 372 
4: 2 5 
5: 4 6 
6: 5 7 
7: 6 9 
8: 74 233 260 
9: 7 10 
10: 9 13 
11: 82 270 326 378 496 
12: 106 131 177 326 
13: 10 16 
14: 42 61 65 278 
15: 48 342 378 
16: 13 20 
17: 35 54 121 275 329 
18: 153 257 287 324 
19: 39 215 342 418 
20: 16 22 
21: 57 398 420 
22: 20 24 216 
23: 253 378 492 
24: 22 28 
25: 268 344 378 
26: 243 318 336 375 
27: 60 65 286 335 
28: 24 30 
29: 75 403 436 497 
30: 28 31 
31: 30 36 
32: 200 265 376 
33: 421 439 497 
34: 96 224 250 259 
35: 17 351 448 
36: 31 37 
37: 36 40 
38: 220 320 437 470 
39: 19 78 253 
40: 37 41 
41: 40 45 
42: 14 47 287 
43: 83 242 485 
44: 95 293 372 465 
45: 41 49 
46: 229 347 466 491 
47: 42 163 462 
48: 15 60 223 274 278 
49: 45 50 
50: 49 51 
51: 50 52 
52: 51 53 
53: 52 56 
54: 17 69 370 475 
55: 297 329 390 
56: 53 58 
57: 21 104 336 395 476 
58: 56 59 
59: 58 64 291 
60: 27 48 368 
61: 14 78 289 329 465 
62: 117 120 153 232 368 
63: 243 389 
64: 59 68 
65: 14 27 306 317 394 
66: 192 437 
67: 111 348 351 484 494 
68: 64 70 
69: 54 264 375 426 484 
70: 68 72 
71: 85 151 273 361 465 
72: 70 73 
73: 72 76 
74: 8 168 250 453 
75: 29 93 295 361 462 
76: 73 77 
77: 76 80 
78: 39 61 
79: 81 181 185 275 
80: 77 84 
81: 79 149 282 
82: 11 166 213 332 437 
83: 43 95 119 
84: 80 86 
85: 71 207 234 277 290 
86: 84 87 
87: 86 91 
88: 174 246 
89: 3 104 259 471 
90: 157 247 389 421 422 
91: 87 92 
92: 91 94 
93: 75 104 135 211 283 
94: 92 96 
95: 44 83 271 378 393 
96: 34 94 97 
97: 96 98 
98: 97 100 
99: 102 456 470 
100: 98 101 
101: 100 103 
102: 99 162 273 385 
103: 101 105 438 
104: 57 89 93 207 497 
105: 103 107 121 
106: 12 154 182 203 426 
107: 105 109 
108: 207 276 278 368 
109: 107 110 
110: 109 113 
111: 67 149 286 309 420 
112: 163 322 408 
113: 110 114 
114: 113 115 
115: 114 122 209 
116: 182 335 339 350 
117: 62 148 183 277 436 
118: 296 483 
119: 83 211 306 389 
120: 62 148 182 213 492 
121: 17 105 435 
122: 115 124 203 
123: 227 492 
124: 122 125 
125: 124 126 
126: 125 127 
127: 126 128 
128: 127 130 
129: 290 361 
130: 128 133 
131: 12 452 469 
132: 215 344 371 420 
133: 130 134 452 
134: 133 136 271 
135: 93 247 
136: 134 139 
137: 211 256 315 385 494 
138: 273 432 
139: 136 141 
140: 157 296 408 453 
141: 139 142 
142: 141 143 
143: 142 144 
144: 143 145 473 
145: 144 146 295 
146: 145 147 
147: 146 150 
148: 117 120 362 
149: 81 111 375 
150: 147 151 
151: 71 150 152 466 
152: 151 156 
153: 18 62 355 400 403 
154: 106 193 314 
155: 257 307 362 
156: 152 158 
157: 90 140 295 393 
158: 156 159 
159: 158 160 
160: 159 161 
161: 160 164 
162: 102 249 
163: 47 112 
164: 161 165 
165: 164 166 
166: 82 165 167 
167: 166 169 
168: 74 408 485 496 
169: 167 170 
170: 169 171 
171: 170 172 
172: 171 173 
173: 172 176 
174: 88 226 270 279 487 
175: 223 315 490 
176: 173 178 
177: 12 212 385 
178: 176 179 
179: 178 180 
180: 179 184 
181: 79 242 256 457 
182: 106 116 120 352 485 
183: 117 283 344 394 426 
184: 180 186 
185: 79 350 393 470 473 
186: 184 187 
187: 186 188 
188: 187 189 
189: 188 190 
190: 189 191 403 435 
191: 190 195 
192: 66 270 421 476 
193: 154 239 316 352 
194: 257 322 340 484 
195: 191 196 
196: 195 197 
197: 196 198 
198: 197 201 
199: 271 473 
200: 32 213 490 
201: 198 202 
202: 201 204 
203: 106 122 268 413 
204: 202 205 
205: 204 206 
206: 205 208 
207: 85 104 108 
208: 206 210 
209: 115 242 272 352 412 
210: 208 214 
211: 93 119 137 270 278 
212: 177 372 395 431 
213: 82 120 200 
214: 210 217 
215: 19 132 250 279 412 
216: 22 287 320 340 475 
217: 214 218 
218: 217 219 
219: 218 221 
220: 38 332 333 411 
221: 219 222 
222: 221 225 
223: 48 175 250 
224: 34 315 323 435 
225: 222 228 
226: 174 440 
227: 123 315 325 
228: 225 229 
229: 46 228 230 
230: 229 231 
231: 230 232 
232: 62 231 235 
233: 8 262 317 326 347 
234: 85 477 
235: 232 236 
236: 235 237 
237: 236 238 
238: 237 244 
239: 193 334 362 
240: 282 348 433 
241: 274 371 483 
242: 43 181 209 260 370 
243: 26 63 246 
244: 238 245 
245: 244 248 
246: 88 243 
247: 90 135 260 
248: 245 251 
249: 162 321 439 462 
250: 34 74 215 223 
251: 248 254 
252: 317 431 486 
253: 23 39 497 
254: 251 255 
255: 254 258 
256: 137 181 272 352 
257: 18 155 194 350 393 
258: 255 261 
259: 34 89 491 
260: 1 3 8 242 247 
261: 258 263 
262: 233 371 
263: 261 265 
264: 69 282 314 
265: 32 263 266 
266: 265 267 
267: 266 269 
268: 25 203 384 
269: 267 271 276 
270: 11 174 192 211 452 
271: 95 134 199 269 
272: 209 256 375 460 
273: 71 102 138 277 335 
274: 48 241 283 389 466 
275: 17 79 420 477 489 
276: 108 269 279 
277: 85 117 273 301 435 
278: 14 48 108 211 296 
279: 174 215 276 280 
280: 279 281 
281: 280 284 
282: 81 240 264 
283: 93 183 274 321 
284: 281 285 
285: 284 288 
286: 27 111 486 492 
287: 18 42 216 411 433 
288: 285 289 
289: 61 288 298 
290: 85 129 359 
291: 59 372 470 
292: 344 374 377 426 
293: 44 306 
294: 412 492 
295: 75 145 157 297 
296: 118 140 278 422 469 
297: 55 295 307 483 
298: 289 299 
299: 298 300 
300: 299 302 
301: 277 318 425 449 
302: 300 303 
303: 302 304 
304: 303 305 
305: 304 310 
306: 65 119 293 322 427 
307: 155 297 485 
308: 309 376 422 451 
309: 111 308 322 355 
310: 305 311 
311: 310 312 
312: 311 313 
313: 312 316 
314: 154 264 315 
315: 137 175 224 227 314 
316: 193 313 327 
317: 65 233 252 427 489 
318: 26 301 
319: 342 453 
320: 38 216 325 404 440 
321: 249 283 351 368 
322: 112 194 306 309 323 
323: 224 322 460 471 
324: 18 330 
325: 227 320 475 
326: 11 12 233 333 477 
327: 316 328 
328: 327 331 431 
329: 17 55 61 392 
330: 324 477 
331: 328 337 
332: 82 220 400 
333: 220 326 393 465 494 
334: 239 470 
335: 27 116 273 432 465 
336: 26 57 
337: 331 338 
338: 337 341 
339: 116 394 
340: 194 216 413 440 
341: 338 343 
342: 15 19 319 
343: 341 345 
344: 25 132 183 292 413 
345: 343 346 
346: 345 349 
347: 46 233 431 
348: 67 240 418 
349: 346 353 
350: 116 185 257 396 
351: 35 67 321 456 
352: 182 193 209 256 451 
353: 349 354 
354: 353 356 
355: 153 309 
356: 354 357 
357: 356 358 
358: 357 360 
359: 290 377 475 
360: 358 363 
361: 71 75 129 398 
362: 148 155 239 
363: 360 364 
364: 363 365 
365: 364 366 
366: 365 367 
367: 366 369 
368: 60 62 108 321 
369: 367 373 
370: 54 242 444 
371: 132 241 262 437 
372: 3 44 212 291 
373: 369 374 
374: 292 373 379 
375: 26 69 149 272 495 
376: 32 308 
377: 292 359 
378: 11 15 23 25 95 
379: 374 380 
380: 379 381 
381: 380 382 
382: 381 383 
383: 382 384 
384: 268 383 386 
385: 102 137 177 439 462 
386: 384 387 
387: 386 390 
388: 403 422 
389: 63 90 119 274 460 
390: 55 387 391 
391: 390 397 
392: 329 396 
393: 95 157 185 257 333 
394: 65 183 339 
395: 57 212 433 
396: 350 392 444 
397: 391 399 
398: 21 361 439 483 
399: 397 401 
400: 153 332 
401: 399 402 
402: 401 404 
403: 29 153 190 388 
404: 320 402 405 
405: 404 406 
406: 405 407 
407: 406 409 
408: 112 140 168 
409: 407 410 422 489 
410: 409 414 
411: 220 287 
412: 209 215 294 
413: 203 340 344 
414: 410 415 
415: 414 416 
416: 415 417 
417: 416 419 
418: 19 348 442 
419: 417 423 
420: 21 111 132 275 460 
421: 33 90 192 
422: 90 296 308 388 409 
423: 419 424 
424: 423 425 
425: 301 424 428 
426: 69 106 183 292 
427: 306 317 
428: 425 429 
429: 428 430 
430: 429 434 
431: 212 252 328 347 
432: 138 335 497 
433: 240 287 395 
434: 430 441 
435: 121 190 224 277 
436: 29 117 485 
437: 38 66 82 371 
438: 1 103 452 
439: 33 249 385 398 448 
440: 226 320 340 
441: 434 442 
442: 418 441 443 
443: 442 445 
444: 370 396 489 
445: 443 446 
446: 445 447 
447: 446 449 
448: 35 439 469 481 
449: 301 447 450 
450: 449 454 
451: 308 352 
452: 131 133 270 438 
453: 74 140 319 
454: 450 455 
455: 454 457 
456: 99 351 
457: 181 455 458 
458: 457 459 
459: 458 461 
460: 272 323 389 420 
461: 459 463 
462: 47 75 249 385 473 
463: 461 464 
464: 463 467 
465: 44 61 71 333 335 
466: 46 151 274 
467: 464 468 
468: 467 472 
469: 131 296 448 
470: 38 99 185 291 334 
471: 89 323 
472: 468 474 
473: 144 185 199 462 
474: 472 476 
475: 54 216 325 359 
476: 57 192 474 478 
477: 234 275 326 330 
478: 476 479 
479: 478 480 
480: 479 481 
481: 448 480 482 
482: 481 487 
483: 118 241 297 398 
484: 67 69 194 
485: 43 168 182 307 436 
486: 252 286 
487: 174 482 488 
488: 487 493 
489: 275 317 409 444 
490: 175 200 
491: 1 46 259 
492: 23 120 123 286 294 
493: 488 495 
494: 67 137 333 
495: 375 493 498 
496: 11 168 
497: 29 33 104 253 432 
498: 495 499 
499: 498 
41