0: 1888 3220 4876 
1: 5 
2: 2131 2220 2285 
3: 1007 1522 
4: 4494 4593 
5: 1 7 
6: 138 860 
7: 5 19 
8: 1767 3851 
9: 203 1302 4461 
10: 229 2122 
11: 1447 1767 
12: 3252 4653 
13: 242 1570 1801 3509 
14: 425 2456 3814 
15: 880 1330 3171 4095 
16: 1032 3975 4194 
17: 1239 3425 4781 
18: 2447 3199 
19: 7 23 
20: 1167 2147 
21: 1981 4052 4234 
22: 50 4219 
23: 19 26 
24: 1542 3517 
25: 838 2022 2401 4441 
26: 23 27 
27: 26 28 
28: 27 31 
29: 1058 2256 4921 
30: 504 3962 
31: 28 32 
32: 31 33 
33: 32 35 
34: 2553 4892 
35: 33 36 
36: 35 39 
37: 2910 3132 
38: 508 3169 
39: 36 40 
40: 39 42 
41: 3252 4191 
42: 40 44 
43: 689 1573 1967 4072 
44: 42 45 
45: 44 46 
46: 45 49 
47: 815 879 4921 
48: 371 3226 3365 3686 
49: 46 51 
50: 22 458 
51: 49 55 
52: 85 463 
53: 1469 3224 
54: 3122 3985 4738 
55: 51 56 
56: 55 58 
57: 652 1450 2235 2587 3274 
58: 56 60 
59: 1390 1902 3658 
60: 58 63 
61: 921 1470 3700 
62: 976 3524 3998 
63: 60 64 
64: 63 65 
65: 64 66 
66: 65 67 
67: 66 70 
68: 793 1299 2301 3625 
69: 1032 2703 4805 
70: 67 72 
71: 1120 1285 4499 
72: 70 73 
73: 72 79 
74: 295 1601 4703 
75: 536 1738 2482 
76: 1844 2766 4835 
77: 329 462 3868 
78: 1978 3396 
79: 73 80 
80: 79 82 
81: 2524 3115 
82: 80 83 
83: 82 86 
84: 1448 3533 3715 
85: 52 1415 3795 4106 
86: 83 91 
87: 1220 3485 
88: 2232 2396 
89: 2591 4213 
90: 2023 2307 4603 
91: 86 92 
92: 91 97 
93: 2809 3074 
94: 1461 1907 2924 
95: 1107 4574 
96: 2137 3253 3963 
97: 92 99 
98: 398 656 1536 
99: 97 100 
100: 99 101 
101: 100 102 
102: 101 103 
103: 102 108 
104: 1742 1955 2937 3548 4849 
105: 1008 1747 3027 
106: 2988 2990 
107: 868 1506 4391 
108: 103 109 
109: 108 114 
110: 2513 2969 3266 4140 4864 
111: 1891 3833 4658 
112: 2031 3302 
113: 1076 3504 4035 
114: 109 115 
115: 114 116 
116: 115 117 
117: 116 118 
118: 117 119 
119: 118 120 
120: 119 121 
121: 120 122 4483 
122: 121 123 
123: 122 124 
124: 123 126 
125: 251 445 1310 3485 3535 
126: 124 128 
127: 192 2703 3420 
128: 126 130 
129: 1555 1991 4656 
130: 128 131 
131: 130 132 
132: 131 133 
133: 132 134 
134: 133 136 1000 
135: 447 2403 3305 4930 
136: 134 140 
137: 681 3410 3699 
138: 6 418 2554 4198 
139: 171 1835 2750 
140: 136 141 
141: 140 142 
142: 141 143 
143: 142 147 
144: 2583 4479 
145: 2017 2572 3722 
146: 922 2157 2594 3932 4592 
147: 143 150 
148: 1620 2673 4006 
149: 2145 2167 
150: 147 154 
151: 2157 2307 
152: 1920 2404 4497 
153: 200 434 2062 4474 
154: 150 155 
155: 154 156 
156: 155 157 
157: 156 158 
158: 157 160 
159: 1016 2211 
160: 158 167 
161: 1365 2312 
162: 1994 2818 
163: 1598 2526 
164: 1118 1810 2744 
165: 789 1394 1708 
166: 1400 3122 3370 3666 
167: 160 169 
168: 936 1725 
169: 167 175 
170: 238 1529 1800 4381 4699 
171: 139 2798 3290 4948 
172: 323 693 947 2989 
173: 563 2202 2891 4611 
174: 1542 3266 
175: 169 177 
176: 3282 3597 
177: 175 178 
178: 177 181 
179: 2608 3848 3911 4851 4864 
180: 3182 3654 
181: 178 186 
182: 273 2834 3261 3939 
183: 361 406 988 
184: 1106 1810 3801 4140 4904 
185: 559 3652 
186: 181 189 
187: 1930 4430 
188: 2052 4665 
189: 186 190 
190: 189 191 
191: 190 193 
192: 127 4755 
193: 191 194 
194: 193 197 
195: 1082 1360 
196: 1708 2954 3030 4329 
197: 194 199 
198: 893 1231 3594 3721 
199: 197 204 
200: 153 1500 2328 3743 4607 
201: 2455 4059 
202: 1048 1949 3658 4039 
203: 9 3385 
204: 199 205 
205: 204 206 
206: 205 209 
207: 2017 2111 2266 4085 
208: 1316 3972 4157 
209: 206 210 
210: 209 213 
211: 502 1479 
212: 3358 3367 3625 4670 
213: 210 215 
214: 2090 3159 4146 4434 
215: 213 216 
216: 215 219 
217: 1353 1420 1825 
218: 1044 1113 2740 3536 
219: 216 222 
220: 1342 3346 
221: 1027 1863 1948 3193 3261 
222: 219 224 
223: 2328 4953 
224: 222 228 
225: 388 464 2386 2934 
226: 1250 3225 
227: 4151 4529 
228: 224 230 
229: 10 296 1471 1745 2216 
230: 228 231 
231: 230 232 
232: 231 236 
233: 3548 3641 
234: 1270 2222 
235: 315 1314 3922 
236: 232 240 
237: 1512 2706 
238: 170 2676 
239: 377 885 1400 4329 4471 
240: 236 243 
241: 902 1359 1736 1957 
242: 13 2451 3221 
243: 240 244 
244: 243 245 
245: 244 246 
246: 245 252 
247: 1445 4870 
248: 1153 3699 4977 
249: 417 796 1153 
250: 2218 4212 
251: 125 3911 
252: 246 254 
253: 1373 2078 2221 
254: 252 255 
255: 254 257 
256: 303 2357 2692 3175 
257: 255 258 
258: 257 259 
259: 258 262 
260: 1632 2060 2629 3984 
261: 959 1524 
262: 259 264 
263: 2746 2788 
264: 262 265 
265: 264 266 
266: 265 269 
267: 2121 2481 
268: 865 1285 1446 3368 3552 
269: 266 270 
270: 269 272 
271: 2175 3324 
272: 270 274 
273: 182 3617 3627 4206 4237 
274: 272 275 
275: 274 276 
276: 275 279 
277: 2085 4208 4355 4526 4901 
278: 308 618 1810 
279: 276 280 
280: 279 281 
281: 280 282 
282: 281 285 
283: 349 1316 3654 
284: 1750 3329 4195 4413 4550 
285: 282 290 
286: 1759 1778 3605 
287: 662 2889 
288: 1524 1653 
289: 351 742 3916 4274 
290: 285 292 
291: 2239 3729 4470 4770 
292: 290 293 
293: 292 294 
294: 293 299 
295: 74 2261 2480 
296: 229 612 2663 3644 
297: 3048 4023 
298: 2221 2332 2754 3419 
299: 294 300 
300: 299 302 
301: 1684 2729 3783 
302: 300 305 
303: 256 1725 1827 2186 
304: 1729 2406 3523 3698 
305: 302 306 
306: 305 309 
307: 620 816 1186 
308: 278 3381 3825 
309: 306 311 
310: 2284 4611 
311: 309 313 
312: 2283 4390 
313: 311 316 
314: 1190 2968 3552 
315: 235 500 
316: 313 317 
317: 316 318 
318: 317 320 
319: 2712 4430 
320: 318 321 
321: 320 324 
322: 2795 4172 4498 4968 
323: 172 2942 3763 
324: 321 326 
325: 2894 3303 
326: 324 327 
327: 326 331 
328: 1403 2408 
329: 77 3970 4685 
330: 973 3036 
331: 327 333 
332: 3258 3465 3484 4303 
333: 331 334 
334: 333 339 
335: 1800 3873 
336: 3912 3963 
337: 4402 4689 
338: 1300 2332 4488 
339: 334 341 2545 
340: 734 1927 4820 
341: 339 342 
342: 341 346 
343: 465 1342 2795 4508 
344: 527 1960 
345: 955 1335 3236 3662 
346: 342 347 
347: 346 348 
348: 347 350 
349: 283 2285 3492 
350: 348 354 
351: 289 732 1074 1375 3464 
352: 1077 2161 
353: 1985 3199 4120 
354: 350 355 
355: 354 357 
356: 665 3557 
357: 355 360 
358: 1748 1993 2342 
359: 2416 2902 3919 
360: 357 365 
361: 183 3627 4177 
362: 553 1371 1629 2776 4721 
363: 886 1389 2005 4236 
364: 377 1368 1574 4187 
365: 360 366 
366: 365 367 
367: 366 370 
368: 696 853 926 3234 
369: 540 1249 4699 
370: 367 374 
371: 48 759 4264 
372: 1977 3214 
373: 1311 1981 2115 2836 3086 
374: 370 376 
375: 922 3391 3610 
376: 374 379 
377: 239 364 1429 2220 3522 
378: 873 1950 2880 4232 
379: 376 380 
380: 379 383 
381: 1485 2473 4405 
382: 2179 4744 
383: 380 384 
384: 383 385 
385: 384 386 
386: 385 387 
387: 386 390 
388: 225 2550 3820 4113 
389: 637 1360 2533 2761 
390: 387 391 
391: 390 393 
392: 799 2697 4329 4533 
393: 391 394 
394: 393 395 
395: 394 400 
396: 1608 3270 
397: 2211 3237 3702 
398: 98 789 2143 
399: 726 1573 
400: 395 401 
401: 400 402 
402: 401 403 
403: 402 405 
404: 428 1761 
405: 403 407 
406: 183 1859 2847 4269 
407: 405 408 
408: 407 410 
409: 1299 4421 
410: 408 412 
411: 1047 4340 
412: 410 413 
413: 412 416 
414: 676 817 1024 1153 4132 
415: 1571 2303 3980 
416: 413 420 
417: 249 3892 
418: 138 2347 4102 4111 
419: 621 3097 
420: 416 423 
421: 492 599 2980 
422: 2176 4591 
423: 420 427 
424: 676 2945 3532 
425: 14 3061 4918 
426: 3317 4478 
427: 423 429 
428: 404 1172 2980 
429: 427 430 
430: 429 431 
431: 430 433 
432: 994 997 2194 
433: 431 436 
434: 153 1708 2302 2535 
435: 3502 3744 
436: 433 437 
437: 436 438 
438: 437 439 
439: 438 440 
440: 439 442 
441: 3214 4417 
442: 440 444 
443: 620 1126 3066 
444: 442 446 
445: 125 3941 4434 
446: 444 449 
447: 135 707 2920 
448: 1018 4179 
449: 446 451 
450: 756 2462 4699 
451: 449 452 
452: 451 453 
453: 452 454 
454: 453 455 
455: 454 457 
456: 2549 3785 4644 
457: 455 460 
458: 50 4825 
459: 568 2228 2763 3247 
460: 457 467 
461: 1040 2909 3979 4017 
462: 77 2826 4022 4784 
463: 52 1827 4191 
464: 225 842 4096 
465: 343 2155 2739 
466: 1260 1818 3932 4022 
467: 460 468 
468: 467 470 
469: 2451 2564 3743 4018 
470: 468 471 
471: 470 472 
472: 471 474 
473: 1025 1084 4325 4899 
474: 472 477 
475: 2706 3069 3319 4694 
476: 1417 1571 
477: 474 478 
478: 477 479 551 
479: 478 480 
480: 479 481 
481: 480 485 
482: 1377 2128 2339 2655 
483: 1625 3191 3861 
484: 1924 2151 2410 4443 
485: 481 486 
486: 485 487 
487: 486 489 
488: 1337 1913 
489: 487 490 
490: 489 491 
491: 490 495 
492: 421 3765 4199 
493: 504 4473 
494: 941 3593 
495: 491 497 
496: 1452 2679 3781 
497: 495 498 
498: 497 499 
499: 498 503 
500: 315 2368 
501: 775 1432 
502: 211 4344 
503: 499 505 2012 
504: 30 493 3472 4249 
505: 503 506 
506: 505 510 
507: 2242 4709 
508: 38 3009 
509: 2201 2433 
510: 506 511 
511: 510 512 
512: 511 513 
513: 512 514 
514: 513 521 
515: 1359 3272 4587 
516: 1353 3748 4545 4615 
517: 1728 3560 
518: 754 963 2555 
519: 1643 2129 
520: 699 3392 4839 
521: 514 526 
522: 1970 2092 
523: 2096 3607 4684 
524: 2063 2328 3568 3798 
525: 1151 2172 2330 3571 4483 
526: 521 528 
527: 344 2836 
528: 526 530 
529: 1822 2298 3984 
530: 528 531 
531: 530 532 
532: 531 537 
533: 1337 3517 4398 
534: 3638 3865 
535: 2188 3665 3957 4072 
536: 75 2344 3935 
537: 532 538 
538: 537 542 
539: 1743 3331 
540: 369 558 
541: 733 4978 
542: 538 544 
543: 1651 2796 3984 4728 
544: 542 552 
545: 594 897 965 1323 
546: 2541 4293 
547: 1554 3226 3879 
548: 1642 3606 
549: 1657 4901 
550: 3096 4906 
551: 478 2952 4496 
552: 544 555 
553: 362 2151 3227 
554: 694 1495 2362 4206 
555: 552 564 
556: 1729 1830 2259 
557: 985 2417 4275 
558: 540 3460 
559: 185 2750 
560: 2284 2475 2763 
561: 764 3190 4200 
562: 667 1824 3198 
563: 173 2403 3911 
564: 555 565 
565: 564 567 
566: 2969 3063 4666 
567: 565 570 
568: 459 667 1302 2078 3448 
569: 1808 3729 
570: 567 571 
571: 570 574 
572: 1035 3547 4967 
573: 1925 2180 
574: 571 576 
575: 1808 2769 4157 
576: 574 577 
577: 576 578 
578: 577 580 
579: 2013 2633 3213 3523 
580: 578 581 
581: 580 582 
582: 581 583 
583: 582 586 
584: 2768 3385 3932 
585: 994 3167 3612 3702 4956 
586: 583 588 
587: 4125 4571 
588: 586 592 
589: 1284 2759 2958 
590: 1187 2161 4102 4286 
591: 3734 3955 
592: 588 593 
593: 592 595 
594: 545 820 3792 
595: 593 596 
596: 595 597 
597: 596 598 
598: 597 601 
599: 421 3213 3266 
600: 1774 4400 
601: 598 602 
602: 601 605 
603: 2891 2920 3712 
604: 952 3514 3579 4072 
605: 602 609 
606: 2236 3684 
607: 938 3636 
608: 1238 2307 3848 4728 4729 
609: 605 610 
610: 609 611 
611: 610 613 
612: 296 975 1226 2632 
613: 611 614 
614: 613 617 
615: 3290 3666 4968 
616: 745 1742 2076 
617: 614 619 
618: 278 1810 1858 
619: 617 622 
620: 307 443 1701 1703 3142 
621: 419 1567 2120 4257 
622: 619 624 
623: 3449 4724 
624: 622 625 
625: 624 627 
626: 1210 1595 3593 3933 
627: 625 628 
628: 627 629 
629: 628 630 
630: 629 631 
631: 630 633 
632: 985 3419 
633: 631 635 
634: 2342 3676 4733 
635: 633 638 
636: 1904 3251 3966 
637: 389 1891 4748 
638: 635 641 
639: 2255 3365 
640: 1375 4425 
641: 638 642 
642: 641 644 
643: 828 1520 1866 3331 4651 
644: 642 645 
645: 644 646 
646: 645 647 
647: 646 648 3488 
648: 647 649 
649: 648 653 
650: 3154 4521 
651: 1206 3548 
652: 57 2759 2811 4508 
653: 649 654 
654: 653 655 
655: 654 659 
656: 98 4675 
657: 1459 2619 2829 3192 3832 
658: 1371 1563 1757 2325 
659: 655 660 
660: 659 661 
661: 660 663 
662: 287 1908 
663: 661 668 
664: 4663 4710 
665: 356 738 
666: 3923 4413 
667: 562 568 1440 1620 2745 
668: 663 671 
669: 4063 4740 4750 
670: 1847 2882 3332 
671: 668 674 
672: 1578 1745 4359 
673: 2053 3377 3986 
674: 671 675 
675: 674 677 1520 
676: 414 424 2431 2438 2446 
677: 675 678 
678: 677 679 
679: 678 680 
680: 679 683 
681: 137 1263 4341 
682: 1326 3592 4187 
683: 680 684 
684: 683 685 
685: 684 688 
686: 1991 2513 3867 
687: 2323 2781 4500 4875 
688: 685 692 
689: 43 2024 2891 4831 
690: 1217 2228 4734 
691: 2816 3118 3187 4706 
692: 688 702 
693: 172 4789 
694: 554 1382 3081 3941 
695: 2542 3099 4195 4730 
696: 368 3178 
697: 3160 3656 3689 4448 
698: 1109 1367 4349 
699: 520 2088 2360 4536 
700: 4489 4831 
701: 3695 3727 4455 
702: 692 704 
703: 1525 3462 3594 
704: 702 705 
705: 704 706 
706: 705 709 
707: 447 1777 3475 
708: 1149 2419 2509 
709: 706 715 
710: 1120 3606 3903 4124 4152 
711: 1259 4128 4835 
712: 1366 2834 4740 
713: 2490 2844 4207 
714: 1134 1512 2756 
715: 709 716 
716: 715 717 
717: 716 718 
718: 717 719 
719: 718 720 
720: 719 722 
721: 4330 4533 
722: 720 723 
723: 722 724 
724: 723 725 
725: 724 727 4984 
726: 399 1114 3285 
727: 725 729 
728: 3664 4726 
729: 727 731 
730: 4716 4997 
731: 729 735 
732: 351 847 1428 3052 
733: 541 3075 
734: 340 3580 4303 
735: 731 736 
736: 735 737 
737: 736 741 
738: 665 1151 2754 3247 4177 
739: 794 1606 3834 
740: 2597 2794 3278 
741: 737 743 
742: 289 1936 
743: 741 747 
744: 2401 2746 4280 
745: 616 2474 
746: 1591 2079 
747: 743 751 
748: 1263 3821 
749: 1820 2564 
750: 1114 1657 4830 
751: 747 753 
752: 3397 4571 
753: 751 755 
754: 518 839 3580 3653 
755: 753 758 
756: 450 1403 3802 
757: 3865 3930 4016 
758: 755 760 
759: 371 1736 2619 
760: 758 762 
761: 2408 4288 4928 
762: 760 763 
763: 762 765 
764: 561 2167 
765: 763 766 
766: 765 767 
767: 766 768 
768: 767 771 
769: 1495 3190 3651 
770: 3377 4344 
771: 768 772 
772: 771 773 
773: 772 774 
774: 773 776 
775: 501 3956 
776: 774 778 
777: 1494 3991 4334 
778: 776 779 
779: 778 780 
780: 779 782 
781: 1770 4996 
782: 780 784 
783: 2761 4634 
784: 782 785 
785: 784 786 
786: 785 790 
787: 1812 4153 
788: 792 887 1469 3316 
789: 165 398 1193 
790: 786 791 
791: 790 798 
792: 788 1725 2668 4698 
793: 68 1895 
794: 739 796 2391 
795: 4784 4801 
796: 249 794 
797: 801 2411 4603 
798: 791 802 
799: 392 1348 4670 
800: 1311 3832 
801: 797 2945 3425 
802: 798 806 
803: 2800 3737 
804: 1126 1649 3356 3490 3781 
805: 1658 1736 3737 3837 
806: 802 807 
807: 806 808 
808: 807 810 
809: 1801 3098 4241 
810: 808 811 
811: 810 812 
812: 811 821 
813: 1733 2551 
814: 3219 4801 4832 
815: 47 2391 2759 
816: 307 1165 2201 4447 
817: 414 4995 
818: 1997 2298 2414 4370 4393 
819: 3017 3647 4178 
820: 594 4950 
821: 812 822 
822: 821 823 
823: 822 824 
824: 823 827 
825: 1405 2396 3807 4958 
826: 2547 3483 3835 4435 4591 
827: 824 830 
828: 643 1326 3639 
829: 1371 2699 2969 4293 
830: 827 831 
831: 830 832 
832: 831 834 
833: 3465 4012 
834: 832 836 
835: 1068 2937 4033 4106 4172 
836: 834 837 4444 
837: 836 841 
838: 25 1050 1173 2869 
839: 754 2338 
840: 1029 1591 1633 1652 
841: 837 845 
842: 464 1510 3795 
843: 1522 2299 3319 
844: 1927 3596 
845: 841 846 
846: 845 848 
847: 732 958 4899 
848: 846 849 
849: 848 854 
850: 1249 1874 2758 4070 
851: 3251 4660 
852: 1140 1582 1800 4102 
853: 368 1141 3272 4943 
854: 849 857 
855: 2069 3686 
856: 1930 4371 
857: 854 859 
858: 3848 4095 
859: 857 862 
860: 6 1874 3566 
861: 2307 4129 4443 
862: 859 863 
863: 862 867 
864: 1122 1920 
865: 268 1643 3930 4208 4434 
866: 2328 3043 
867: 863 869 
868: 107 1304 1697 3363 
869: 867 870 
870: 869 871 
871: 870 872 
872: 871 878 
873: 378 1948 2249 2685 2996 
874: 1248 4487 
875: 4091 4237 
876: 1301 2462 3933 3962 
877: 1050 2523 2861 3026 
878: 872 881 
879: 47 4847 
880: 15 1316 3337 
881: 878 882 
882: 881 883 
883: 882 888 4146 
884: 1314 2018 4864 
885: 239 1554 4715 
886: 363 3301 
887: 788 1175 3315 
888: 883 890 
889: 2161 2410 2633 
890: 888 891 
891: 890 895 
892: 1565 2112 3060 
893: 198 964 
894: 1284 2618 
895: 891 896 
896: 895 898 
897: 545 3870 
898: 896 899 
899: 898 900 
900: 899 901 
901: 900 903 
902: 241 1011 1478 
903: 901 904 
904: 903 905 
905: 904 906 
906: 905 907 
907: 906 909 
908: 3127 4573 4587 
909: 907 910 
910: 909 911 
911: 910 912 
912: 911 913 
913: 912 914 
914: 913 916 
915: 1598 2900 
916: 914 917 
917: 916 920 
918: 3153 3804 
919: 2088 3475 
920: 917 923 
921: 61 4165 4201 
922: 146 375 1405 2010 
923: 920 925 
924: 1208 2155 2754 
925: 923 927 
926: 368 1601 2485 3192 4674 
927: 925 928 
928: 927 929 
929: 928 930 
930: 929 931 
931: 930 932 
932: 931 933 
933: 932 935 
934: 1018 2015 
935: 933 937 
936: 168 1060 
937: 935 939 
938: 607 2057 
939: 937 940 
940: 939 942 
941: 494 1602 
942: 940 948 
943: 981 4504 
944: 3354 4252 4391 
945: 1223 1642 2140 4361 
946: 1321 1864 4802 4805 
947: 172 951 3335 3557 
948: 942 950 
949: 1258 1549 1581 
950: 948 953 
951: 947 2989 
952: 604 2692 
953: 950 956 
954: 1380 3975 
955: 345 1469 2103 4328 
956: 953 957 
957: 956 960 
958: 847 1486 1999 
959: 261 2201 4177 4416 
960: 957 966 
961: 1368 1983 3950 4994 
962: 1012 2181 2264 
963: 518 1672 1720 3612 
964: 893 3272 
965: 545 1629 3713 3939 
966: 960 968 
967: 1165 2486 3632 4343 
968: 966 969 
969: 968 970 
970: 969 972 
971: 3550 3802 
972: 970 974 
973: 330 4410 
974: 972 977 
975: 612 4303 
976: 62 4952 
977: 974 978 
978: 977 980 
979: 2222 3851 4341 
980: 978 982 
981: 943 4259 4944 
982: 980 983 
983: 982 984 3693 
984: 983 986 
985: 557 632 3202 3700 4726 
986: 984 987 
987: 986 989 
988: 183 2269 4162 4384 
989: 987 990 
990: 989 993 
991: 2919 4808 
992: 1849 2822 3492 
993: 990 995 4524 
994: 432 585 1912 4021 
995: 993 996 
996: 995 999 
997: 432 1417 3043 4361 4994 
998: 1032 4200 
999: 996 1002 
1000: 134 4483 4828 
1001: 1564 4165 4438 
1002: 999 1003 
1003: 1002 1005 
1004: 1720 1817 4829 
1005: 1003 1006 
1006: 1005 1009 
1007: 3 2238 4951 
1008: 105 1564 2620 
1009: 1006 1010 
1010: 1009 1015 
1011: 902 2518 2715 
1012: 962 1993 1994 4392 4589 
1013: 1426 2122 2468 2958 
1014: 3064 3642 
1015: 1010 1021 
1016: 159 2930 3253 
1017: 2416 3128 
1018: 448 934 3612 
1019: 1065 1330 2751 
1020: 1629 4933 
1021: 1015 1022 
1022: 1021 1028 
1023: 1068 2889 3331 
1024: 414 2399 3819 4436 4996 
1025: 473 1121 2063 2227 
1026: 2713 3533 
1027: 221 2506 
1028: 1022 1030 
1029: 840 4174 
1030: 1028 1033 
1031: 2737 4411 
1032: 16 69 998 
1033: 1030 1034 
1034: 1033 1037 
1035: 572 4777 
1036: 3062 4474 
1037: 1034 1038 
1038: 1037 1039 
1039: 1038 1040 
1040: 461 1039 1041 
1041: 1040 1042 
1042: 1041 1043 
1043: 1042 1045 
1044: 218 4518 4524 
1045: 1043 1046 
1046: 1045 1049 
1047: 411 2882 
1048: 202 3186 4679 
1049: 1046 1051 
1050: 838 877 2820 4689 
1051: 1049 1055 
1052: 2302 3791 
1053: 1057 4375 
1054: 1374 2314 2910 3833 3873 
1055: 1051 1056 
1056: 1055 1059 
1057: 1053 1478 1634 
1058: 29 1091 3508 4721 
1059: 1056 1061 
1060: 936 1690 2962 3397 
1061: 1059 1062 
1062: 1061 1063 
1063: 1062 1064 
1064: 1063 1066 
1065: 1019 1528 2881 
1066: 1064 1070 
1067: 3722 4614 4998 
1068: 835 1023 2466 3892 
1069: 2778 3533 3905 4730 
1070: 1066 1071 
1071: 1070 1073 
1072: 4028 4203 
1073: 1071 1078 
1074: 351 1149 
1075: 2251 3083 3326 3977 
1076: 113 3338 3689 
1077: 352 4094 
1078: 1073 1081 
1079: 2029 2613 3446 3833 
1080: 2311 2743 3916 
1081: 1078 1083 
1082: 195 1310 1335 1743 
1083: 1081 1085 
1084: 473 3699 
1085: 1083 1086 
1086: 1085 1087 
1087: 1086 1088 
1088: 1087 1089 
1089: 1088 1092 
1090: 1454 2544 3362 
1091: 1058 2417 2743 2860 
1092: 1089 1093 
1093: 1092 1094 
1094: 1093 1095 
1095: 1094 1096 
1096: 1095 1097 
1097: 1096 1098 
1098: 1097 1099 
1099: 1098 1100 
1100: 1099 1102 
1101: 1514 2816 3325 
1102: 1100 1103 
1103: 1102 1105 
1104: 2124 3483 4596 
1105: 1103 1108 
1106: 184 4870 
1107: 95 1847 2897 
1108: 1105 1111 
1109: 698 2076 2610 
1110: 4111 4917 
1111: 1108 1112 
1112: 1111 1115 
1113: 218 4421 4917 
1114: 726 750 3085 3424 3834 
1115: 1112 1116 
1116: 1115 1123 
1117: 1908 3158 4396 
1118: 164 2264 
1119: 1446 4665 
1120: 71 710 1873 2431 
1121: 1025 1855 2811 3765 4847 
1122: 864 2398 
1123: 1116 1124 
1124: 1123 1125 
1125: 1124 1127 
1126: 443 804 
1127: 1125 1128 
1128: 1127 1131 
1129: 3022 3656 
1130: 2276 3468 4006 
1131: 1128 1132 
1132: 1131 1136 
1133: 1389 3236 
1134: 714 3571 
1135: 1162 1912 
1136: 1132 1139 
1137: 2055 3328 3733 4454 
1138: 1888 2529 3064 3738 4369 
1139: 1136 1143 
1140: 852 1651 4241 4994 
1141: 853 1151 1348 1579 1842 
1142: 1948 3882 
1143: 1139 1146 
1144: 1393 2360 4006 
1145: 1993 3227 3494 
1146: 1143 1148 
1147: 2779 4411 
1148: 1146 1150 
1149: 708 1074 2246 4607 
1150: 1148 1152 
1151: 525 738 1141 2022 3367 
1152: 1150 1154 
1153: 248 249 414 3791 4710 
1154: 1152 1155 
1155: 1154 1156 
1156: 1155 1158 
1157: 2066 3175 3596 4161 
1158: 1156 1159 
1159: 1158 1160 
1160: 1159 1161 
1161: 1160 1163 
1162: 1135 2550 4524 4729 
1163: 1161 1168 
1164: 1388 1888 
1165: 816 967 2937 
1166: 2180 3571 3909 4338 
1167: 20 1680 3534 4454 
1168: 1163 1169 
1169: 1168 1171 
1170: 1193 3738 
1171: 1169 1174 
1172: 428 3220 
1173: 838 1223 2880 
1174: 1171 1176 
1175: 887 2460 
1176: 1174 1178 
1177: 4407 4944 
1178: 1176 1181 
1179: 1715 3290 
1180: 1592 2609 
1181: 1178 1184 
1182: 2149 3522 4309 
1183: 1894 2000 2510 
1184: 1181 1185 
1185: 1184 1188 
1186: 307 3175 
1187: 590 4949 
1188: 1185 1189 
1189: 1188 1191 
1190: 314 1301 1872 2202 2615 
1191: 1189 1192 
1192: 1191 1195 
1193: 789 1170 
1194: 1725 2677 3330 
1195: 1192 1197 
1196: 3919 4030 
1197: 1195 1198 
1198: 1197 1200 
1199: 2178 2633 4127 
1200: 1198 1202 
1201: 1363 1440 1779 3807 
1202: 1200 1203 
1203: 1202 1204 
1204: 1203 1205 
1205: 1204 1207 
1206: 651 4575 
1207: 1205 1211 
1208: 924 4387 
1209: 2610 2930 
1210: 626 1337 1400 1480 
1211: 1207 1215 
1212: 1838 2940 
1213: 1637 4389 
1214: 2718 3708 4523 4917 
1215: 1211 1216 
1216: 1215 1218 
1217: 690 1513 3031 
1218: 1216 1219 
1219: 1218 1221 
1220: 87 2384 3774 3925 
1221: 1219 1227 
1222: 2196 2420 4738 
1223: 945 1173 2948 3095 3131 
1224: 3015 3117 4413 
1225: 1474 4484 
1226: 612 1480 2538 
1227: 1221 1228 
1228: 1227 1230 
1229: 1822 2555 3656 4398 
1230: 1228 1232 
1231: 198 3895 4343 
1232: 1230 1233 
1233: 1232 1234 
1234: 1233 1235 
1235: 1234 1237 
1236: 3504 3568 4122 4123 
1237: 1235 1241 
1238: 608 1936 2800 4097 
1239: 17 1605 
1240: 1376 4376 
1241: 1237 1242 
1242: 1241 1243 
1243: 1242 1244 
1244: 1243 1247 
1245: 2455 2650 3058 3517 
1246: 2713 3988 4875 
1247: 1244 1251 
1248: 874 3996 
1249: 369 850 2447 2860 
1250: 226 2824 4478 
1251: 1247 1252 
1252: 1251 1253 
1253: 1252 1254 
1254: 1253 1262 
1255: 1310 3580 
1256: 2866 4055 
1257: 2419 4025 4635 
1258: 949 2029 3346 
1259: 711 1852 
1260: 466 1531 2164 
1261: 3140 4985 
1262: 1254 1264 
1263: 681 748 1454 
1264: 1262 1266 
1265: 1898 3226 4120 
1266: 1264 1267 
1267: 1266 1269 
1268: 2311 4410 
1269: 1267 1271 
1270: 234 2111 
1271: 1269 1272 
1272: 1271 1273 
1273: 1272 1274 
1274: 1273 1275 
1275: 1274 1277 
1276: 3192 4452 
1277: 1275 1280 
1278: 3094 3352 
1279: 2506 3728 
1280: 1277 1282 
1281: 2059 2315 4837 
1282: 1280 1283 
1283: 1282 1286 
1284: 589 894 
1285: 71 268 3450 
1286: 1283 1288 
1287: 2962 4224 4856 
1288: 1286 1290 
1289: 2063 2614 3054 
1290: 1288 1291 
1291: 1290 1293 
1292: 2218 2430 2862 
1293: 1291 1294 
1294: 1293 1295 
1295: 1294 1296 
1296: 1295 1297 
1297: 1296 1298 
1298: 1297 1303 
1299: 68 409 
1300: 338 3937 
1301: 876 1190 3186 
1302: 9 568 4947 
1303: 1298 1305 
1304: 868 2987 4500 
1305: 1303 1306 
1306: 1305 1307 
1307: 1306 1308 
1308: 1307 1309 
1309: 1308 1312 
1310: 125 1082 1255 1763 1903 
1311: 373 800 3552 
1312: 1309 1313 
1313: 1312 1315 
1314: 235 884 1520 2244 4727 
1315: 1313 1319 
1316: 208 283 880 2768 3806 
1317: 3460 3482 4560 
1318: 1373 3926 3996 
1319: 1315 1320 
1320: 1319 1322 
1321: 946 1471 4641 
1322: 1320 1324 
1323: 545 2159 2985 
1324: 1322 1327 
1325: 1549 2493 3487 
1326: 682 828 2517 2866 3319 
1327: 1324 1328 
1328: 1327 1329 
1329: 1328 1331 
1330: 15 1019 
1331: 1329 1332 
1332: 1331 1333 
1333: 1332 1336 
1334: 1875 2201 2752 4052 
1335: 345 1082 3208 3627 
1336: 1333 1338 
1337: 488 533 1210 1770 3142 
1338: 1336 1339 
1339: 1338 1340 
1340: 1339 1341 
1341: 1340 1343 
1342: 220 343 4980 
1343: 1341 1344 
1344: 1343 1345 
1345: 1344 1346 
1346: 1345 1347 
1347: 1346 1349 
1348: 799 1141 4475 
1349: 1347 1350 
1350: 1349 1351 
1351: 1350 1352 
1352: 1351 1354 
1353: 217 516 2886 
1354: 1352 1355 
1355: 1354 1356 
1356: 1355 1357 
1357: 1356 1358 
1358: 1357 1364 
1359: 241 515 1842 4313 
1360: 195 389 2069 
1361: 2092 3712 
1362: 2687 4028 
1363: 1201 2444 3368 4445 
1364: 1358 1369 
1365: 161 4988 
1366: 712 3868 4830 
1367: 698 2122 4675 
1368: 364 961 1623 3980 
1369: 1364 1381 
1370: 2809 3604 4733 
1371: 362 658 829 2172 
1372: 2407 4724 
1373: 253 1318 
1374: 1054 2246 3129 4600 
1375: 351 640 1875 
1376: 1240 2549 
1377: 482 2554 2865 3667 4607 
1378: 2540 3765 
1379: 2961 3650 3733 4281 
1380: 954 1963 
1381: 1369 1383 
1382: 694 2838 
1383: 1381 1384 
1384: 1383 1385 
1385: 1384 1386 
1386: 1385 1387 
1387: 1386 1391 
1388: 1164 2869 
1389: 363 1133 1957 
1390: 59 3344 4423 
1391: 1387 1392 
1392: 1391 1396 
1393: 1144 1757 1971 
1394: 165 3636 3733 
1395: 2464 4829 4963 
1396: 1392 1397 
1397: 1396 1399 
1398: 2244 3036 
1399: 1397 1402 
1400: 166 239 1210 4265 
1401: 2498 2699 2882 
1402: 1399 1406 
1403: 328 756 
1404: 2107 4113 4340 
1405: 825 922 3832 
1406: 1402 1407 
1407: 1406 1408 
1408: 1407 1410 
1409: 2341 2583 3262 
1410: 1408 1411 
1411: 1410 1413 
1412: 1824 4997 
1413: 1411 1418 
1414: 2365 2699 3074 
1415: 85 1837 
1416: 1448 4436 4825 
1417: 476 997 3037 4473 
1418: 1413 1419 
1419: 1418 1421 
1420: 217 1632 
1421: 1419 1422 
1422: 1421 1423 
1423: 1422 1424 
1424: 1423 1425 
1425: 1424 1427 
1426: 1013 2816 
1427: 1425 1435 
1428: 732 1900 2394 2928 3103 
1429: 377 2954 3258 3577 
1430: 2796 3372 
1431: 3278 3733 4422 
1432: 501 3636 
1433: 2844 4849 
1434: 3171 4018 4503 
1435: 1427 1436 
1436: 1435 1437 
1437: 1436 1441 
1438: 2562 2613 3290 
1439: 1719 4890 4982 
1440: 667 1201 3074 4524 
1441: 1437 1442 
1442: 1441 1443 
1443: 1442 1444 
1444: 1443 1449 
1445: 247 1859 2632 3648 3702 
1446: 268 1119 
1447: 11 3120 
1448: 84 1416 2314 
1449: 1444 1451 
1450: 57 3362 4323 
1451: 1449 1455 
1452: 496 2867 4475 
1453: 3529 4236 
1454: 1090 1263 3903 
1455: 1451 1457 
1456: 2188 3277 3583 3588 
1457: 1455 1458 
1458: 1457 1460 
1459: 657 3581 3836 
1460: 1458 1463 
1461: 94 1570 2633 3937 4197 
1462: 2058 4667 
1463: 1460 1464 
1464: 1463 1465 
1465: 1464 1466 
1466: 1465 1468 
1467: 1789 2360 4565 
1468: 1466 1473 
1469: 53 788 955 3534 3647 
1470: 61 3182 4397 4744 
1471: 229 1321 2645 
1472: 3122 3223 
1473: 1468 1476 
1474: 1225 2632 
1475: 3057 4066 4737 
1476: 1473 1481 
1477: 1800 2249 2554 
1478: 902 1057 1770 
1479: 211 3383 
1480: 1210 1226 3449 
1481: 1476 1483 
1482: 1874 2309 3820 
1483: 1481 1484 
1484: 1483 1487 
1485: 381 4728 
1486: 958 3484 
1487: 1484 1488 
1488: 1487 1489 
1489: 1488 1490 
1490: 1489 1492 
1491: 2954 3246 4619 
1492: 1490 1493 
1493: 1492 1496 
1494: 777 4677 4820 
1495: 554 769 1737 
1496: 1493 1497 
1497: 1496 1499 
1498: 3140 3977 
1499: 1497 1501 
1500: 200 2000 2129 2349 2826 
1501: 1499 1503 
1502: 1936 3328 3571 4050 4127 
1503: 1501 1504 
1504: 1503 1505 
1505: 1504 1507 
1506: 107 4409 
1507: 1505 1508 
1508: 1507 1509 
1509: 1508 1511 
1510: 842 3860 
1511: 1509 1515 
1512: 237 714 3468 3487 
1513: 1217 4676 
1514: 1101 3661 4495 
1515: 1511 1517 
1516: 2609 4283 
1517: 1515 1518 
1518: 1517 1519 
1519: 1518 1521 
1520: 643 675 1314 2715 3302 
1521: 1519 1523 
1522: 3 843 2289 3604 
1523: 1521 1526 
1524: 261 288 
1525: 703 1891 2418 
1526: 1523 1527 
1527: 1526 1530 
1528: 1065 2012 3547 
1529: 170 1763 3302 3970 
1530: 1527 1532 
1531: 1260 3533 4152 4720 
1532: 1530 1533 
1533: 1532 1534 
1534: 1533 1537 
1535: 2909 4224 4274 
1536: 98 1744 
1537: 1534 1540 
1538: 1678 4560 
1539: 2702 3462 3776 
1540: 1537 1541 
1541: 1540 1543 
1542: 24 174 2318 
1543: 1541 1544 
1544: 1543 1546 
1545: 2875 3097 
1546: 1544 1547 
1547: 1546 1548 
1548: 1547 1550 
1549: 949 1325 2121 3523 
1550: 1548 1552 
1551: 1766 3794 
1552: 1550 1553 
1553: 1552 1556 
1554: 547 885 2120 3594 
1555: 129 2777 
1556: 1553 1557 
1557: 1556 1558 
1558: 1557 1560 
1559: 3352 3552 
1560: 1558 1561 
1561: 1560 1562 
1562: 1561 1566 
1563: 658 2135 3785 
1564: 1001 1008 4577 
1565: 892 1756 
1566: 1562 1568 
1567: 621 1778 3428 3892 
1568: 1566 1575 
1569: 3134 3879 
1570: 13 1461 3482 4730 
1571: 415 476 
1572: 1823 2552 
1573: 43 399 
1574: 364 3708 4219 4323 4413 
1575: 1568 1577 
1576: 4381 4435 
1577: 1575 1583 
1578: 672 3063 4573 
1579: 1141 3744 4613 
1580: 1823 3068 4378 
1581: 949 2614 2695 3272 
1582: 852 1621 
1583: 1577 1584 
1584: 1583 1585 
1585: 1584 1588 
1586: 2260 4132 
1587: 1956 2304 4179 
1588: 1585 1589 
1589: 1588 1590 
1590: 1589 1593 
1591: 746 840 4828 
1592: 1180 1820 2760 3837 
1593: 1590 1594 
1594: 1593 1596 
1595: 626 1759 2062 2629 
1596: 1594 1597 
1597: 1596 1599 
1598: 163 915 
1599: 1597 1600 
1600: 1599 1603 
1601: 74 926 1997 
1602: 941 3819 
1603: 1600 1604 
1604: 1603 1606 
1605: 1239 2629 2948 
1606: 739 1604 1609 
1607: 1983 2609 2958 4355 4494 
1608: 396 4212 
1609: 1606 1610 
1610: 1609 1611 
1611: 1610 1612 
1612: 1611 1613 
1613: 1612 1614 
1614: 1613 1616 
1615: 2430 3514 
1616: 1614 1617 
1617: 1616 1618 
1618: 1617 1619 
1619: 1618 1622 
1620: 148 667 1855 3597 
1621: 1582 1728 2527 4714 4746 
1622: 1619 1624 
1623: 1368 3674 
1624: 1622 1627 
1625: 483 2178 2276 3207 
1626: 2152 4122 
1627: 1624 1631 
1628: 3966 4157 
1629: 362 965 1020 
1630: 4907 4938 
1631: 1627 1635 
1632: 260 1420 1863 2621 
1633: 840 2474 3120 
1634: 1057 3016 4735 
1635: 1631 1636 
1636: 1635 1638 
1637: 1213 3367 
1638: 1636 1639 
1639: 1638 1646 
1640: 1875 1970 3336 3350 3495 
1641: 2079 2847 3372 
1642: 548 945 
1643: 519 865 3103 3649 3713 
1644: 3270 3539 
1645: 2758 4305 
1646: 1639 1647 
1647: 1646 1648 
1648: 1647 1650 
1649: 804 3082 
1650: 1648 1654 
1651: 543 1140 
1652: 840 2521 
1653: 288 2268 2751 2759 
1654: 1650 1656 
1655: 2135 3915 4951 
1656: 1654 1659 
1657: 549 750 2252 4641 4956 
1658: 805 2131 
1659: 1656 1660 
1660: 1659 1662 
1661: 2481 4257 
1662: 1660 1663 
1663: 1662 1665 
1664: 2801 3194 
1665: 1663 1666 
1666: 1665 1667 
1667: 1666 1670 
1668: 2587 4357 4747 
1669: 3871 4226 4269 
1670: 1667 1673 
1671: 2411 2685 3893 
1672: 963 1831 
1673: 1670 1674 
1674: 1673 1676 
1675: 2653 2945 3644 3652 4064 
1676: 1674 1679 
1677: 4237 4381 4819 
1678: 1538 4320 
1679: 1676 1681 
1680: 1167 2317 3416 3861 
1681: 1679 1682 
1682: 1681 1683 
1683: 1682 1685 
1684: 301 3163 3684 
1685: 1683 1687 
1686: 2357 2679 4636 
1687: 1685 1688 
1688: 1687 1691 
1689: 2128 3909 4532 
1690: 1060 1745 2510 3689 
1691: 1688 1692 
1692: 1691 1693 
1693: 1692 1694 
1694: 1693 1695 
1695: 1694 1696 
1696: 1695 1698 
1697: 868 1859 2795 
1698: 1696 1699 
1699: 1698 1700 
1700: 1699 1704 
1701: 620 4113 4420 4842 
1702: 2235 4734 4969 
1703: 620 1918 3290 4084 
1704: 1700 1705 
1705: 1704 1706 
1706: 1705 1707 
1707: 1706 1709 
1708: 165 196 434 3667 
1709: 1707 1710 
1710: 1709 1713 
1711: 2823 4757 
1712: 2781 3884 4305 
1713: 1710 1714 
1714: 1713 1716 
1715: 1179 2744 
1716: 1714 1717 
1717: 1716 1718 
1718: 1717 1721 
1719: 1439 3159 3934 4644 
1720: 963 1004 
1721: 1718 1722 
1722: 1721 1723 
1723: 1722 1724 
1724: 1723 1726 
1725: 168 303 792 1194 
1726: 1724 1731 
1727: 2419 2653 
1728: 517 1621 1898 2829 
1729: 304 556 
1730: 2663 4685 
1731: 1726 1732 
1732: 1731 1734 
1733: 813 3905 
1734: 1732 1735 
1735: 1734 1740 
1736: 241 759 805 4434 
1737: 1495 2886 
1738: 75 4086 
1739: 3738 4412 
1740: 1735 1741 
1741: 1740 1746 
1742: 104 616 1994 3511 
1743: 539 1082 1925 
1744: 1536 2289 3560 
1745: 229 672 1690 2587 
1746: 1741 1747 
1747: 105 1746 1749 
1748: 358 1974 2309 
1749: 1747 1750 
1750: 284 1749 1751 
1751: 1750 1752 
1752: 1751 1753 
1753: 1752 1754 
1754: 1753 1758 
1755: 1832 1884 
1756: 1565 4005 4284 
1757: 658 1393 
1758: 1754 1760 
1759: 286 1595 
1760: 1758 1762 
1761: 404 3034 3922 
1762: 1760 1764 
1763: 1310 1529 3018 4622 4944 
1764: 1762 1765 
1765: 1764 1768 
1766: 1551 2226 2513 
1767: 8 11 2948 
1768: 1765 1771 
1769: 1789 2482 4008 4128 
1770: 781 1337 1478 4227 
1771: 1768 1772 
1772: 1771 1773 
1773: 1772 1775 
1774: 600 4226 
1775: 1773 1780 
1776: 3836 4035 4750 
1777: 707 2893 4438 
1778: 286 1567 3718 4651 
1779: 1201 3526 
1780: 1775 1781 
1781: 1780 1782 
1782: 1781 1783 
1783: 1782 1784 
1784: 1783 1785 
1785: 1784 1787 
1786: 3187 3388 
1787: 1785 1788 
1788: 1787 1790 
1789: 1467 1769 
1790: 1788 1792 
1791: 2323 2989 4514 4527 
1792: 1790 1793 
1793: 1792 1794 
1794: 1793 1795 
1795: 1794 1796 
1796: 1795 1798 
1797: 3398 4197 
1798: 1796 1799 
1799: 1798 1803 
1800: 170 335 852 1477 3504 
1801: 13 809 2522 
1802: 3521 4644 
1803: 1799 1804 
1804: 1803 1805 
1805: 1804 1806 
1806: 1805 1807 
1807: 1806 1809 
1808: 569 575 3034 
1809: 1807 1813 
1810: 164 184 278 618 
1811: 3082 3213 4098 
1812: 787 3649 4938 
1813: 1809 1814 
1814: 1813 1815 
1815: 1814 1816 
1816: 1815 1821 
1817: 1004 2492 3737 4822 
1818: 466 2548 2891 
1819: 2475 4892 
1820: 749 1592 4396 
1821: 1816 1826 
1822: 529 1229 
1823: 1572 1580 3801 3826 4869 
1824: 562 1412 3133 4907 
1825: 217 4289 4297 
1826: 1821 1828 
1827: 303 463 2445 
1828: 1826 1829 3895 
1829: 1828 1833 
1830: 556 3458 4128 
1831: 1672 3381 4136 
1832: 1755 3428 
1833: 1829 1834 
1834: 1833 1839 
1835: 139 2750 3933 
1836: 2298 2617 3057 
1837: 1415 3325 4842 
1838: 1212 2689 3410 4352 
1839: 1834 1840 
1840: 1839 1841 
1841: 1840 1843 
1842: 1141 1359 3267 
1843: 1841 1846 
1844: 76 3460 
1845: 2362 2533 4666 
1846: 1843 1850 
1847: 670 1107 2392 
1848: 2645 4260 
1849: 992 3396 
1850: 1846 1851 
1851: 1850 1854 
1852: 1259 3132 3677 4622 
1853: 2745 4299 4729 
1854: 1851 1856 
1855: 1121 1620 3840 
1856: 1854 1857 
1857: 1856 1860 
1858: 618 2813 4140 
1859: 406 1445 1697 
1860: 1857 1861 
1861: 1860 1862 
1862: 1861 1865 
1863: 221 1632 3308 3375 
1864: 946 2346 3068 3128 4931 
1865: 1862 1867 
1866: 643 3668 
1867: 1865 1868 
1868: 1867 1869 
1869: 1868 1870 
1870: 1869 1871 
1871: 1870 1876 
1872: 1190 4176 4470 
1873: 1120 2323 2788 2890 
1874: 850 860 1482 
1875: 1334 1375 1640 
1876: 1871 1877 
1877: 1876 1878 
1878: 1877 1879 
1879: 1878 1881 
1880: 2581 4234 
1881: 1879 1882 
1882: 1881 1883 
1883: 1882 1885 
1884: 1755 2353 2893 4382 
1885: 1883 1886 
1886: 1885 1887 
1887: 1886 1889 
1888: 0 1138 1164 2787 
1889: 1887 1893 
1890: 3182 4476 
1891: 111 637 1525 4052 
1892: 1947 4721 
1893: 1889 1896 
1894: 1183 2601 3622 4096 
1895: 793 3332 3629 
1896: 1893 1899 
1897: 2618 2681 3186 
1898: 1265 1728 
1899: 1896 1900 
1900: 1428 1899 1901 
1901: 1900 1904 
1902: 59 2991 3879 4713 
1903: 1310 4908 
1904: 636 1901 1906 
1905: 2256 3884 
1906: 1904 1909 
1907: 94 4869 
1908: 662 1117 2005 2681 
1909: 1906 1911 
1910: 1932 2090 2621 4182 4914 
1911: 1909 1914 
1912: 994 1135 3164 
1913: 488 2815 
1914: 1911 1916 
1915: 2520 2629 2915 3732 4980 
1916: 1914 1917 
1917: 1916 1919 
1918: 1703 2969 4743 
1919: 1917 1921 
1920: 152 864 
1921: 1919 1922 
1922: 1921 1926 
1923: 2608 4297 
1924: 484 2426 3939 3957 
1925: 573 1743 
1926: 1922 1929 
1927: 340 844 2233 
1928: 2086 2715 4328 
1929: 1926 1934 
1930: 187 856 2464 
1931: 3581 4252 
1932: 1910 3793 
1933: 3189 4086 
1934: 1929 1935 
1935: 1934 1937 
1936: 742 1238 1502 3346 4887 
1937: 1935 1938 
1938: 1937 1939 
1939: 1938 1940 
1940: 1939 1941 
1941: 1940 1942 
1942: 1941 1943 
1943: 1942 1944 
1944: 1943 1945 
1945: 1944 1952 
1946: 2592 4622 4665 4987 
1947: 1892 2915 
1948: 221 873 1142 3332 
1949: 202 2145 4050 4112 4244 
1950: 378 4679 
1951: 2152 4943 
1952: 1945 1953 
1953: 1952 1954 
1954: 1953 1955 
1955: 104 1954 1958 
1956: 1587 2615 
1957: 241 1389 3169 3674 4328 
1958: 1955 1959 
1959: 1958 1962 
1960: 344 2348 
1961: 2631 4341 4821 
1962: 1959 1964 
1963: 1380 2101 2980 4299 4370 
1964: 1962 1965 
1965: 1964 1966 
1966: 1965 1968 
1967: 43 2181 3979 4039 
1968: 1966 1969 
1969: 1968 1972 
1970: 522 1640 2384 3557 
1971: 1393 2151 
1972: 1969 1973 
1973: 1972 1975 
1974: 1748 3796 
1975: 1973 1976 
1976: 1975 1979 
1977: 372 2053 
1978: 78 4136 
1979: 1976 1980 
1980: 1979 1984 
1981: 21 373 2324 2342 3594 
1982: 3059 4260 
1983: 961 1607 2831 
1984: 1980 1986 
1985: 353 3069 4369 
1986: 1984 1987 
1987: 1986 1988 
1988: 1987 1989 
1989: 1988 1990 
1990: 1989 1992 
1991: 129 686 2831 4246 
1992: 1990 1995 
1993: 358 1012 1145 3526 
1994: 162 1012 1742 3646 
1995: 1992 1996 
1996: 1995 2001 
1997: 818 1601 2830 3451 4174 
1998: 4054 4310 
1999: 958 2956 3308 4714 
2000: 1183 1500 3867 
2001: 1996 2002 
2002: 2001 2004 
2003: 2836 4692 
2004: 2002 2006 
2005: 363 1908 4909 
2006: 2004 2008 
2007: 3815 4669 
2008: 2006 2011 
2009: 4359 4650 
2010: 922 4203 
2011: 2008 2014 
2012: 503 1528 3425 4355 
2013: 579 2325 4313 4956 
2014: 2011 2016 
2015: 934 4393 4605 
2016: 2014 2019 
2017: 145 207 2873 4288 
2018: 884 2460 
2019: 2016 2021 
2020: 2136 4716 
2021: 2019 2025 
2022: 25 1151 3674 4342 
2023: 90 3490 4669 
2024: 689 2221 4756 
2025: 2021 2026 
2026: 2025 2027 
2027: 2026 2028 
2028: 2027 2032 
2029: 1079 1258 4236 
2030: 2129 3789 3930 
2031: 112 2101 4775 
2032: 2028 2033 
2033: 2032 2034 
2034: 2033 2035 
2035: 2034 2036 
2036: 2035 2038 
2037: 2552 4290 
2038: 2036 2040 
2039: 3201 4036 4890 
2040: 2038 2041 4206 
2041: 2040 2042 
2042: 2041 2043 
2043: 2042 2044 
2044: 2043 2045 
2045: 2044 2047 
2046: 3238 3973 
2047: 2045 2048 
2048: 2047 2050 
2049: 2285 4614 
2050: 2048 2051 
2051: 2050 2054 
2052: 188 2353 
2053: 673 1977 3711 
2054: 2051 2056 
2055: 1137 2806 3333 4387 
2056: 2054 2061 
2057: 938 4241 
2058: 1462 2547 
2059: 1281 3711 4683 
2060: 260 2501 
2061: 2056 2064 
2062: 153 1595 2397 3136 3577 
2063: 524 1025 1289 3796 4738 
2064: 2061 2065 
2065: 2064 2068 
2066: 1157 4407 
2067: 4017 4327 
2068: 2065 2070 
2069: 855 1360 
2070: 2068 2071 
2071: 2070 2072 
2072: 2071 2073 
2073: 2072 2075 
2074: 2108 2304 
2075: 2073 2077 
2076: 616 1109 2733 3543 
2077: 2075 2080 
2078: 253 568 4317 
2079: 746 1641 2283 3844 4355 
2080: 2077 2081 
2081: 2080 2083 
2082: 2820 3462 4445 
2083: 2081 2084 
2084: 2083 2087 
2085: 277 2924 4188 
2086: 1928 3076 
2087: 2084 2089 
2088: 699 919 4232 
2089: 2087 2091 
2090: 214 1910 2522 4606 
2091: 2089 2093 
2092: 522 1361 
2093: 2091 2094 
2094: 2093 2095 
2095: 2094 2097 
2096: 523 2196 4497 
2097: 2095 2098 
2098: 2097 2099 
2099: 2098 2100 
2100: 2099 2104 
2101: 1963 2031 3587 4476 4858 
2102: 3625 4349 
2103: 955 2890 4232 4255 
2104: 2100 2109 
2105: 3031 3693 4473 
2106: 2773 4534 4971 
2107: 1404 2299 3729 
2108: 2074 4177 
2109: 2104 2110 
2110: 2109 2114 
2111: 207 1270 3896 
2112: 892 2447 3579 
2113: 3073 4952 
2114: 2110 2116 
2115: 373 2327 4677 
2116: 2114 2117 
2117: 2116 2118 
2118: 2117 2119 
2119: 2118 2123 
2120: 621 1554 2572 
2121: 267 1549 
2122: 10 1013 1367 3860 
2123: 2119 2125 
2124: 1104 3267 4886 
2125: 2123 2126 
2126: 2125 2127 
2127: 2126 2130 
2128: 482 1689 2176 
2129: 519 1500 2030 2801 
2130: 2127 2133 
2131: 2 1658 2181 
2132: 3037 3051 
2133: 2130 2134 
2134: 2133 2138 
2135: 1563 1655 2284 3356 4496 
2136: 2020 4195 
2137: 96 2579 4171 
2138: 2134 2139 
2139: 2138 2141 
2140: 945 2747 2817 3179 3568 
2141: 2139 2142 
2142: 2141 2144 
2143: 398 2493 4860 
2144: 2142 2146 
2145: 149 1949 
2146: 2144 2148 
2147: 20 4375 
2148: 2146 2153 
2149: 1182 2624 3737 3858 4640 
2150: 2268 4119 
2151: 484 553 1971 
2152: 1626 1951 3763 
2153: 2148 2154 
2154: 2153 2156 
2155: 465 924 2600 
2156: 2154 2158 
2157: 146 151 3677 
2158: 2156 2160 
2159: 1323 3666 4196 
2160: 2158 2162 
2161: 352 590 889 2747 
2162: 2160 2163 
2163: 2162 2165 
2164: 1260 4369 4397 
2165: 2163 2166 
2166: 2165 2168 
2167: 149 764 4636 4899 
2168: 2166 2169 
2169: 2168 2173 
2170: 2655 4378 
2171: 2738 2817 3898 4481 
2172: 525 1371 
2173: 2169 2174 
2174: 2173 2182 
2175: 271 2555 
2176: 422 2128 3169 
2177: 2758 3985 4541 
2178: 1199 1625 4837 4979 
2179: 382 2739 4246 
2180: 573 1166 2538 2995 
2181: 962 1967 2131 2794 3118 
2182: 2174 2183 
2183: 2182 2184 
2184: 2183 2185 
2185: 2184 2187 
2186: 303 2473 3763 
2187: 2185 2190 
2188: 535 1456 
2189: 2341 2930 4481 
2190: 2187 2191 
2191: 2190 2193 
2192: 4094 4621 
2193: 2191 2195 
2194: 432 3807 
2195: 2193 2197 
2196: 1222 2096 2518 
2197: 2195 2198 
2198: 2197 2199 
2199: 2198 2200 
2200: 2199 2203 
2201: 509 816 959 1334 
2202: 173 1190 
2203: 2200 2204 
2204: 2203 2205 
2205: 2204 2206 
2206: 2205 2208 
2207: 2581 3315 
2208: 2206 2209 
2209: 2208 2210 
2210: 2209 2212 
2211: 159 397 4873 
2212: 2210 2213 
2213: 2212 2214 
2214: 2213 2215 
2215: 2214 2217 
2216: 229 2266 2304 4390 
2217: 2215 2219 
2218: 250 1292 3270 4320 
2219: 2217 2223 
2220: 2 377 2985 
2221: 253 298 2024 4521 
2222: 234 979 
2223: 2219 2224 
2224: 2223 2225 4035 
2225: 2224 2230 
2226: 1766 4274 4613 
2227: 1025 3321 3473 4201 4667 
2228: 459 690 4011 
2229: 2809 3478 
2230: 2225 2231 
2231: 2230 2233 
2232: 88 2399 2697 4591 
2233: 1927 2231 2234 
2234: 2233 2237 
2235: 57 1702 3363 3473 
2236: 606 4855 
2237: 2234 2241 
2238: 1007 2962 4598 
2239: 291 2752 2873 3799 
2240: 2617 4122 4740 
2241: 2237 2243 
2242: 507 3815 
2243: 2241 2245 
2244: 1314 1398 
2245: 2243 2247 4200 
2246: 1149 1374 2338 3689 4484 
2247: 2245 2248 
2248: 2247 2253 
2249: 873 1477 
2250: 3337 4947 
2251: 1075 2268 2470 
2252: 1657 2294 4358 
2253: 2248 2254 
2254: 2253 2257 
2255: 639 3331 
2256: 29 1905 3545 
2257: 2254 2258 
2258: 2257 2262 
2259: 556 4023 4748 
2260: 1586 2309 2685 
2261: 295 4592 
2262: 2258 2263 
2263: 2262 2269 
2264: 962 1118 
2265: 2663 3230 4598 
2266: 207 2216 
2267: 2956 4234 
2268: 1653 2150 2251 
2269: 988 2263 2270 
2270: 2269 2271 4078 
2271: 2270 2272 
2272: 2271 2273 
2273: 2272 2275 
2274: 2703 3815 4746 4914 
2275: 2273 2277 
2276: 1130 1625 3895 
2277: 2275 2278 
2278: 2277 2279 
2279: 2278 2280 
2280: 2279 2281 
2281: 2280 2282 
2282: 2281 2286 
2283: 312 2079 4048 
2284: 310 560 2135 
2285: 2 349 2049 
2286: 2282 2287 
2287: 2286 2288 
2288: 2287 2290 
2289: 1522 1744 2406 
2290: 2288 2291 
2291: 2290 2292 
2292: 2291 2293 
2293: 2292 2295 
2294: 2252 3795 
2295: 2293 2296 
2296: 2295 2297 
2297: 2296 2300 
2298: 529 818 1836 4764 
2299: 843 2107 
2300: 2297 2303 
2301: 68 4255 4603 
2302: 434 1052 3056 4016 
2303: 415 2300 2305 
2304: 1587 2074 2216 
2305: 2303 2306 
2306: 2305 2308 
2307: 90 151 608 861 4284 
2308: 2306 2310 
2309: 1482 1748 2260 2738 4743 
2310: 2308 2313 
2311: 1080 1268 2404 3965 
2312: 161 3617 
2313: 2310 2316 
2314: 1054 1448 2650 2873 2968 
2315: 1281 3749 3962 
2316: 2313 2319 
2317: 1680 2384 2518 2596 4119 
2318: 1542 2785 4527 
2319: 2316 2320 
2320: 2319 2321 
2321: 2320 2322 
2322: 2321 2326 
2323: 687 1791 1873 
2324: 1981 3806 4616 
2325: 658 2013 3487 3967 4050 
2326: 2322 2329 
2327: 2115 3270 3351 4526 
2328: 200 223 524 866 4823 
2329: 2326 2331 
2330: 525 3194 4069 
2331: 2329 2333 
2332: 298 338 4097 4409 
2333: 2331 2334 
2334: 2333 2335 
2335: 2334 2336 
2336: 2335 2337 
2337: 2336 2340 
2338: 839 2246 4606 
2339: 482 3506 3782 4177 
2340: 2337 2343 
2341: 1409 2189 
2342: 358 634 1981 2674 
2343: 2340 2350 
2344: 536 3595 
2345: 2594 4012 4470 
2346: 1864 2617 
2347: 418 3782 4059 
2348: 1960 4081 
2349: 1500 3103 3250 4183 
2350: 2343 2351 
2351: 2350 2352 
2352: 2351 2354 
2353: 1884 2052 2679 3700 
2354: 2352 2355 
2355: 2354 2356 
2356: 2355 2359 
2357: 256 1686 3005 4246 
2358: 2399 4227 
2359: 2356 2361 
2360: 699 1144 1467 
2361: 2359 2363 
2362: 554 1845 3207 4359 
2363: 2361 2367 
2364: 2512 4711 
2365: 1414 3282 
2366: 2498 4873 
2367: 2363 2370 
2368: 500 2714 4205 
2369: 2386 2830 
2370: 2367 2371 
2371: 2370 2372 
2372: 2371 2373 
2373: 2372 2374 
2374: 2373 2375 
2375: 2374 2376 
2376: 2375 2377 
2377: 2376 2378 
2378: 2377 2379 
2379: 2378 2380 
2380: 2379 2381 
2381: 2380 2382 
2382: 2381 2383 
2383: 2382 2385 
2384: 1220 1970 2317 3437 
2385: 2383 2387 
2386: 225 2369 
2387: 2385 2388 
2388: 2387 2389 
2389: 2388 2390 
2390: 2389 2393 
2391: 794 815 4550 
2392: 1847 3446 
2393: 2390 2395 
2394: 1428 3245 
2395: 2393 2400 
2396: 88 825 
2397: 2062 3776 4186 
2398: 1122 4521 4933 
2399: 1024 2232 2358 4449 
2400: 2395 2402 
2401: 25 744 
2402: 2400 2405 
2403: 135 563 3835 
2404: 152 2311 3147 4362 
2405: 2402 2409 
2406: 304 2289 3756 
2407: 1372 4274 
2408: 328 761 2886 
2409: 2405 2413 
2410: 484 889 2733 
2411: 797 1671 
2412: 2591 4025 4309 4417 
2413: 2409 2415 
2414: 818 3351 4835 
2415: 2413 2421 
2416: 359 1017 
2417: 557 1091 3339 
2418: 1525 3027 3666 
2419: 708 1257 1727 
2420: 1222 3435 
2421: 2415 2422 
2422: 2421 2423 
2423: 2422 2424 
2424: 2423 2427 
2425: 2858 3037 3955 
2426: 1924 2897 
2427: 2424 2428 
2428: 2427 2429 
2429: 2428 2434 
2430: 1292 1615 
2431: 676 1120 3149 
2432: 2796 3046 4853 
2433: 509 4980 
2434: 2429 2435 
2435: 2434 2437 
2436: 2551 2929 3514 
2437: 2435 2439 
2438: 676 3876 4391 
2439: 2437 2440 
2440: 2439 2441 
2441: 2440 2442 
2442: 2441 2443 
2443: 2442 2449 
2444: 1363 2874 3604 4842 4908 
2445: 1827 3062 
2446: 676 2996 
2447: 18 1249 2112 
2448: 3833 3984 
2449: 2443 2450 
2450: 2449 2452 
2451: 242 469 3162 4478 
2452: 2450 2453 
2453: 2452 2454 
2454: 2453 2457 
2455: 201 1245 4683 
2456: 14 4206 
2457: 2454 2458 
2458: 2457 2459 
2459: 2458 2461 
2460: 1175 2018 3229 
2461: 2459 2463 
2462: 450 876 2929 3792 4183 
2463: 2461 2465 
2464: 1395 1930 2652 3243 3606 
2465: 2463 2467 
2466: 1068 2733 3158 4046 
2467: 2465 2469 
2468: 1013 3079 4526 
2469: 2467 2471 
2470: 2251 3871 
2471: 2469 2476 
2472: 3420 4218 4459 
2473: 381 2186 
2474: 745 1633 2587 
2475: 560 1819 3957 4146 4870 
2476: 2471 2477 
2477: 2476 2478 
2478: 2477 2479 
2479: 2478 2483 
2480: 295 3229 4283 
2481: 267 1661 3501 
2482: 75 1769 3234 
2483: 2479 2484 
2484: 2483 2487 
2485: 926 3162 3714 
2486: 967 4275 
2487: 2484 2488 
2488: 2487 2491 
2489: 3250 4764 
2490: 713 3646 
2491: 2488 2494 
2492: 1817 2650 3193 4522 
2493: 1325 2143 4129 
2494: 2491 2495 
2495: 2494 2496 
2496: 2495 2497 
2497: 2496 2499 
2498: 1401 2366 4984 
2499: 2497 2500 
2500: 2499 2502 
2501: 2060 3637 4119 
2502: 2500 2503 
2503: 2502 2504 
2504: 2503 2505 
2505: 2504 2507 
2506: 1027 1279 
2507: 2505 2508 
2508: 2507 2511 
2509: 708 3502 
2510: 1183 1690 
2511: 2508 2514 
2512: 2364 2751 3972 4616 
2513: 110 686 1766 
2514: 2511 2515 
2515: 2514 2516 
2516: 2515 2519 
2517: 1326 3515 3767 4643 
2518: 1011 2196 2317 4698 
2519: 2516 2525 
2520: 1915 4323 4903 
2521: 1652 4280 4334 
2522: 1801 2090 3466 
2523: 877 4879 
2524: 81 2740 
2525: 2519 2528 
2526: 163 2689 4030 
2527: 1621 3201 3560 
2528: 2525 2530 
2529: 1138 4359 4423 
2530: 2528 2531 
2531: 2530 2532 
2532: 2531 2534 
2533: 389 1845 
2534: 2532 2536 
2535: 434 2601 4382 
2536: 2534 2537 
2537: 2536 2539 
2538: 1226 2180 2813 
2539: 2537 2543 
2540: 1378 2818 4884 
2541: 546 2546 
2542: 695 3450 
2543: 2539 2556 
2544: 1090 2602 4652 
2545: 339 4413 4422 
2546: 2541 4410 4514 
2547: 826 2058 3078 4606 
2548: 1818 3203 
2549: 456 1376 
2550: 388 1162 3485 
2551: 813 2436 
2552: 1572 2037 
2553: 34 4153 
2554: 138 1377 1477 2748 3642 
2555: 518 1229 2175 
2556: 2543 2557 
2557: 2556 2558 
2558: 2557 2559 
2559: 2558 2560 
2560: 2559 2561 
2561: 2560 2563 
2562: 1438 3767 4523 
2563: 2561 2566 
2564: 469 749 2687 
2565: 2794 4309 
2566: 2563 2567 
2567: 2566 2568 
2568: 2567 2569 
2569: 2568 2570 
2570: 2569 2571 2703 
2571: 2570 2573 
2572: 145 2120 3383 4083 
2573: 2571 2574 
2574: 2573 2575 
2575: 2574 2576 
2576: 2575 2577 
2577: 2576 2578 
2578: 2577 2580 
2579: 2137 2942 3083 
2580: 2578 2582 
2581: 1880 2207 2609 3713 
2582: 2580 2584 
2583: 144 1409 4241 
2584: 2582 2585 
2585: 2584 2586 
2586: 2585 2588 
2587: 57 1668 1745 2474 
2588: 2586 2589 
2589: 2588 2590 
2590: 2589 2593 
2591: 89 2412 2619 
2592: 1946 3266 3748 
2593: 2590 2595 
2594: 146 2345 4988 
2595: 2593 2598 
2596: 2317 2761 3509 
2597: 740 3351 3398 4125 
2598: 2595 2599 
2599: 2598 2603 
2600: 2155 3056 
2601: 1894 2535 
2602: 2544 3804 
2603: 2599 2604 
2604: 2603 2605 
2605: 2604 2606 
2606: 2605 2607 
2607: 2606 2611 
2608: 179 1923 2787 
2609: 1180 1516 1607 2581 3761 
2610: 1109 1209 
2611: 2607 2612 
2612: 2611 2616 
2613: 1079 1438 4331 4835 
2614: 1289 1581 
2615: 1190 1956 3489 
2616: 2612 2623 
2617: 1836 2240 2346 3243 3836 
2618: 894 1897 
2619: 657 759 2591 3926 4499 
2620: 1008 3610 4328 4957 
2621: 1632 1910 3245 3306 
2622: 2747 4170 
2623: 2616 2625 
2624: 2149 3488 3800 4957 
2625: 2623 2626 
2626: 2625 2628 
2627: 4218 4487 
2628: 2626 2630 
2629: 260 1595 1605 1915 
2630: 2628 2634 
2631: 1961 3607 4979 
2632: 612 1445 1474 
2633: 579 889 1199 1461 3925 
2634: 2630 2635 
2635: 2634 2637 
2636: 2788 3606 4338 
2637: 2635 2638 
2638: 2637 2640 
2639: 2954 3475 4640 4878 
2640: 2638 2641 
2641: 2640 2642 
2642: 2641 2643 
2643: 2642 2644 
2644: 2643 2646 
2645: 1471 1848 3923 
2646: 2644 2647 
2647: 2646 2648 
2648: 2647 2649 
2649: 2648 2651 
2650: 1245 2314 2492 4368 4613 
2651: 2649 2654 
2652: 2464 3022 
2653: 1675 1727 2746 
2654: 2651 2656 
2655: 482 2170 
2656: 2654 2657 
2657: 2656 2658 
2658: 2657 2659 
2659: 2658 2660 
2660: 2659 2661 
2661: 2660 2662 
2662: 2661 2665 
2663: 296 1730 2265 
2664: 3136 3913 
2665: 2662 2667 
2666: 3596 4930 
2667: 2665 2669 
2668: 792 4727 
2669: 2667 2670 
2670: 2669 2671 
2671: 2670 2672 
2672: 2671 2675 
2673: 148 4161 
2674: 2342 2996 3677 
2675: 2672 2678 
2676: 238 4393 
2677: 1194 3247 3837 
2678: 2675 2680 
2679: 496 1686 2353 
2680: 2678 2682 
2681: 1897 1908 4894 
2682: 2680 2684 
2683: 2911 4109 4171 
2684: 2682 2686 
2685: 873 1671 2260 4779 
2686: 2684 2688 
2687: 1362 2564 3668 3876 
2688: 2686 2690 
2689: 1838 2526 4171 
2690: 2688 2691 
2691: 2690 2693 
2692: 256 952 
2693: 2691 2694 
2694: 2693 2696 
2695: 1581 2798 3392 4713 4800 
2696: 2694 2698 
2697: 392 2232 3781 3882 4064 
2698: 2696 2700 
2699: 829 1401 1414 2996 
2700: 2698 2701 
2701: 2700 2704 
2702: 1539 4841 4948 
2703: 69 127 2274 2570 
2704: 2701 2705 
2705: 2704 2707 
2706: 237 475 3799 
2707: 2705 2708 
2708: 2707 2710 
2709: 3325 3339 4545 
2710: 2708 2711 
2711: 2710 2716 
2712: 319 4060 
2713: 1026 1246 
2714: 2368 2865 
2715: 1011 1520 1928 3898 
2716: 2711 2717 
2717: 2716 2719 
2718: 1214 4447 
2719: 2717 2720 
2720: 2719 2721 
2721: 2720 2722 
2722: 2721 2723 
2723: 2722 2724 
2724: 2723 2725 
2725: 2724 2726 
2726: 2725 2727 
2727: 2726 2728 
2728: 2727 2730 
2729: 301 3081 3501 
2730: 2728 2731 
2731: 2730 2732 
2732: 2731 2734 
2733: 2076 2410 2466 2946 
2734: 2732 2735 
2735: 2734 2736 
2736: 2735 2741 
2737: 1031 4200 
2738: 2171 2309 3005 3229 
2739: 465 2179 4081 
2740: 218 2524 2742 
2741: 2736 2749 
2742: 2740 3561 3873 
2743: 1080 1091 3277 3632 
2744: 164 1715 3612 
2745: 667 1853 
2746: 263 744 2653 2831 
2747: 2140 2161 2622 
2748: 2554 3338 4178 4436 
2749: 2741 2753 
2750: 139 559 1835 2813 
2751: 1019 1653 2512 3034 4710 
2752: 1334 2239 
2753: 2749 2755 
2754: 298 738 924 3985 
2755: 2753 2757 
2756: 714 4358 
2757: 2755 2764 
2758: 850 1645 2177 4446 4626 
2759: 589 652 815 1653 4196 
2760: 1592 3061 3674 4167 
2761: 389 783 2596 2893 
2762: 2992 3424 4424 
2763: 459 560 
2764: 2757 2767 
2765: 3129 4133 
2766: 76 2894 
2767: 2764 2770 
2768: 584 1316 2992 3979 
2769: 575 3956 4682 
2770: 2767 2772 
2771: 3363 4399 4452 
2772: 2770 2774 
2773: 2106 3262 4635 4873 
2774: 2772 2775 
2775: 2774 2780 
2776: 362 3208 4384 
2777: 1555 4067 
2778: 1069 3017 4249 
2779: 1147 4658 
2780: 2775 2782 
2781: 687 1712 3468 4201 4405 
2782: 2780 2783 
2783: 2782 2784 
2784: 2783 2786 
2785: 2318 3330 4402 
2786: 2784 2789 
2787: 1888 2608 3492 4674 
2788: 263 1873 2636 4188 
2789: 2786 2790 
2790: 2789 2791 
2791: 2790 2792 
2792: 2791 2793 
2793: 2792 2797 
2794: 740 2181 2565 4355 
2795: 322 343 1697 3149 3261 
2796: 543 1430 2432 
2797: 2793 2799 
2798: 171 2695 3069 4713 
2799: 2797 2802 
2800: 803 1238 3186 
2801: 1664 2129 3668 
2802: 2799 2803 
2803: 2802 2804 
2804: 2803 2805 
2805: 2804 2807 
2806: 2055 3937 4083 4750 
2807: 2805 2808 
2808: 2807 2810 
2809: 93 1370 2229 3937 
2810: 2808 2812 
2811: 652 1121 4454 
2812: 2810 2814 
2813: 1858 2538 2750 3052 
2814: 2812 2819 
2815: 1913 4618 
2816: 691 1101 1426 4756 
2817: 2140 2171 4866 
2818: 162 2540 3246 4346 
2819: 2814 2821 
2820: 1050 2082 
2821: 2819 2825 
2822: 992 4899 
2823: 1711 2843 
2824: 1250 2872 
2825: 2821 2827 
2826: 462 1500 
2827: 2825 2828 
2828: 2827 2832 
2829: 657 1728 2929 
2830: 1997 2369 4030 
2831: 1983 1991 2746 4460 4504 
2832: 2828 2833 
2833: 2832 2835 
2834: 182 712 
2835: 2833 2837 
2836: 373 527 2003 
2837: 2835 2841 
2838: 1382 4341 4439 
2839: 3551 4305 4953 
2840: 3127 3131 3896 4170 
2841: 2837 2842 
2842: 2841 2846 
2843: 2823 3022 4730 
2844: 713 1433 3172 
2845: 3068 3448 
2846: 2842 2848 
2847: 406 1641 4757 
2848: 2846 2849 
2849: 2848 2850 
2850: 2849 2852 
2851: 3718 3934 
2852: 2850 2853 
2853: 2852 2854 
2854: 2853 2855 
2855: 2854 2856 
2856: 2855 2857 
2857: 2856 2859 
2858: 2425 3670 
2859: 2857 2863 
2860: 1091 1249 3798 4890 
2861: 877 3822 
2862: 1292 3504 3935 
2863: 2859 2864 
2864: 2863 2868 
2865: 1377 2714 
2866: 1256 1326 
2867: 1452 3086 
2868: 2864 2870 
2869: 838 1388 
2870: 2868 2871 
2871: 2870 2876 
2872: 2824 4112 
2873: 2017 2239 2314 3814 4563 
2874: 2444 2926 
2875: 1545 3296 
2876: 2871 2877 
2877: 2876 2878 
2878: 2877 2879 
2879: 2878 2883 
2880: 378 1173 3446 4721 
2881: 1065 4176 
2882: 670 1047 1401 4207 
2883: 2879 2884 
2884: 2883 2885 
2885: 2884 2887 
2886: 1353 1737 2408 
2887: 2885 2888 
2888: 2887 2895 
2889: 287 1023 
2890: 1873 2103 3494 3566 4072 
2891: 173 603 689 1818 
2892: 4447 4894 
2893: 1777 1884 2761 3001 
2894: 325 2766 
2895: 2888 2896 
2896: 2895 2898 
2897: 1107 2426 
2898: 2896 2899 
2899: 2898 2901 
2900: 915 3016 3566 
2901: 2899 2903 
2902: 359 3774 3826 
2903: 2901 2904 
2904: 2903 2905 
2905: 2904 2906 
2906: 2905 2907 
2907: 2906 2908 
2908: 2907 2912 
2909: 461 1535 4743 
2910: 37 1054 
2911: 2683 3147 3461 3543 
2912: 2908 2913 
2913: 2912 2914 
2914: 2913 2916 
2915: 1915 1947 3776 4167 
2916: 2914 2917 
2917: 2916 2918 
2918: 2917 2921 
2919: 991 3661 
2920: 447 603 3305 3908 
2921: 2918 2922 
2922: 2921 2923 
2923: 2922 2925 
2924: 94 2085 4460 
2925: 2923 2927 
2926: 2874 3586 4621 4862 
2927: 2925 2931 
2928: 1428 3060 4984 
2929: 2436 2462 2829 3238 
2930: 1016 1209 2189 
2931: 2927 2932 
2932: 2931 2933 
2933: 2932 2935 
2934: 225 4198 4445 
2935: 2933 2936 
2936: 2935 2938 
2937: 104 835 1165 4747 
2938: 2936 2941 
2939: 3098 3321 3801 
2940: 1212 3189 4369 
2941: 2938 2943 
2942: 323 2579 3198 3940 
2943: 2941 2944 
2944: 2943 2947 
2945: 424 801 1675 2967 
2946: 2733 3543 
2947: 2944 2949 
2948: 1223 1605 1767 4320 4878 
2949: 2947 2950 
2950: 2949 2951 
2951: 2950 2955 
2952: 551 3370 
2953: 4369 4498 4726 
2954: 196 1429 1491 2639 4842 
2955: 2951 2957 
2956: 1999 2267 3293 3782 
2957: 2955 2959 
2958: 589 1013 1607 
2959: 2957 2960 
2960: 2959 2963 
2961: 1379 4382 
2962: 1060 1287 2238 4744 
2963: 2960 2964 
2964: 2963 2965 
2965: 2964 2966 
2966: 2965 2972 
2967: 2945 3731 
2968: 314 2314 4190 4632 
2969: 110 566 829 1918 3458 
2970: 3365 3712 4277 4874 
2971: 3464 4446 4674 4711 
2972: 2966 2973 
2973: 2972 2974 
2974: 2973 2975 
2975: 2974 2976 
2976: 2975 2977 
2977: 2976 2978 
2978: 2977 2979 
2979: 2978 2981 
2980: 421 428 1963 4903 4987 
2981: 2979 2982 
2982: 2981 2983 
2983: 2982 2984 
2984: 2983 2986 
2985: 1323 2220 3449 4835 
2986: 2984 2993 
2987: 1304 4049 
2988: 106 4615 
2989: 172 951 1791 
2990: 106 3501 
2991: 1902 4449 
2992: 2762 2768 3908 
2993: 2986 2994 
2994: 2993 2997 
2995: 2180 3064 4907 4963 
2996: 873 2446 2674 2699 3085 
2997: 2994 2998 
2998: 2997 2999 
2999: 2998 3003 
3000: 3555 4317 
3001: 2893 3461 4614 
3002: 3179 3639 
3003: 2999 3004 
3004: 3003 3006 
3005: 2357 2738 
3006: 3004 3007 
3007: 3006 3008 
3008: 3007 3010 
3009: 508 3826 
3010: 3008 3011 
3011: 3010 3012 
3012: 3011 3013 
3013: 3012 3014 
3014: 3013 3019 
3015: 1224 3986 
3016: 1634 2900 3816 4423 4730 
3017: 819 2778 3551 
3018: 1763 3472 3604 
3019: 3014 3021 
3020: 3467 4167 4908 
3021: 3019 3023 
3022: 1129 2652 2843 3607 4820 
3023: 3021 3024 
3024: 3023 3025 
3025: 3024 3028 
3026: 877 4240 4352 
3027: 105 2418 
3028: 3025 3029 
3029: 3028 3032 
3030: 196 3802 4346 4841 
3031: 1217 2105 3664 
3032: 3029 3033 
3033: 3032 3035 
3034: 1761 1808 2751 3385 
3035: 3033 3039 
3036: 330 1398 
3037: 1417 2132 2425 4280 
3038: 4123 4225 
3039: 3035 3040 
3040: 3039 3041 
3041: 3040 3042 
3042: 3041 3044 
3043: 866 997 3985 
3044: 3042 3045 
3045: 3044 3049 
3046: 2432 3542 4906 
3047: 3756 4264 
3048: 297 4645 
3049: 3045 3050 
3050: 3049 3053 
3051: 2132 3742 4907 
3052: 732 2813 3230 4200 
3053: 3050 3055 
3054: 1289 3333 4431 
3055: 3053 3065 
3056: 2302 2600 
3057: 1475 1836 
3058: 1245 3637 
3059: 1982 4062 
3060: 892 2928 
3061: 425 2760 3483 4856 
3062: 1036 2445 
3063: 566 1578 4119 4198 4459 
3064: 1014 1138 2995 3950 4643 
3065: 3055 3067 
3066: 443 3303 
3067: 3065 3070 
3068: 1580 1864 2845 4735 
3069: 475 1985 2798 
3070: 3067 3072 
3071: 3164 3558 
3072: 3070 3077 
3073: 2113 3191 
3074: 93 1414 1440 
3075: 733 3700 
3076: 2086 4485 
3077: 3072 3080 
3078: 2547 3490 4123 
3079: 2468 3191 3346 
3080: 3077 3084 
3081: 694 2729 3495 4154 
3082: 1649 1811 
3083: 1075 2579 
3084: 3080 3087 
3085: 1114 2996 4400 
3086: 373 2867 
3087: 3084 3088 
3088: 3087 3089 
3089: 3088 3090 
3090: 3089 3091 
3091: 3090 3092 
3092: 3091 3095 
3093: 3671 3821 
3094: 1278 4819 
3095: 1223 3092 3100 
3096: 550 3930 
3097: 419 1545 
3098: 809 2939 3486 
3099: 695 4800 
3100: 3095 3101 
3101: 3100 3102 
3102: 3101 3104 
3103: 1428 1643 2349 
3104: 3102 3105 
3105: 3104 3106 
3106: 3105 3107 
3107: 3106 3108 
3108: 3107 3109 
3109: 3108 3110 
3110: 3109 3111 
3111: 3110 3114 
3112: 4618 4956 
3113: 4676 4875 
3114: 3111 3116 
3115: 81 4661 
3116: 3114 3119 
3117: 1224 3903 4015 
3118: 691 2181 3785 4067 
3119: 3116 3121 
3120: 1447 1633 3397 3468 
3121: 3119 3123 
3122: 54 166 1472 
3123: 3121 3124 
3124: 3123 3125 
3125: 3124 3126 
3126: 3125 3130 
3127: 908 2840 3749 4421 
3128: 1017 1864 
3129: 1374 2765 3483 4237 
3130: 3126 3135 
3131: 1223 2840 3748 
3132: 37 1852 3261 
3133: 1824 3529 3835 3977 
3134: 1569 3481 
3135: 3130 3137 
3136: 2062 2664 3465 
3137: 3135 3138 
3138: 3137 3139 
3139: 3138 3141 
3140: 1261 1498 
3141: 3139 3144 
3142: 620 1337 4459 
3143: 3172 4890 
3144: 3141 3145 
3145: 3144 3146 
3146: 3145 3148 
3147: 2404 2911 
3148: 3146 3150 
3149: 2431 2795 3252 4654 
3150: 3148 3151 
3151: 3150 3152 
3152: 3151 3155 
3153: 918 4563 
3154: 650 4720 
3155: 3152 3156 
3156: 3155 3157 
3157: 3156 3161 
3158: 1117 2466 
3159: 214 1719 3925 
3160: 697 3996 4284 
3161: 3157 3163 
3162: 2451 2485 
3163: 1684 3161 3165 
3164: 1912 3071 
3165: 3163 3166 
3166: 3165 3168 
3167: 585 3970 
3168: 3166 3170 
3169: 38 1957 2176 4221 
3170: 3168 3173 
3171: 15 1434 4033 4461 
3172: 2844 3143 
3173: 3170 3174 
3174: 3173 3176 
3175: 256 1157 1186 3734 
3176: 3174 3177 
3177: 3176 3180 
3178: 696 4022 
3179: 2140 3002 
3180: 3177 3181 
3181: 3180 3183 
3182: 180 1470 1890 
3183: 3181 3184 
3184: 3183 3185 
3185: 3184 3188 
3186: 1048 1301 1897 2800 3909 
3187: 691 1786 4744 4971 
3188: 3185 3195 
3189: 1933 2940 
3190: 561 769 4013 4917 
3191: 483 3073 3079 3731 
3192: 657 926 1276 
3193: 221 2492 3551 
3194: 1664 2330 
3195: 3188 3196 
3196: 3195 3197 
3197: 3196 3200 
3198: 562 2942 3550 
3199: 18 353 
3200: 3197 3204 
3201: 2039 2527 4171 
3202: 985 4864 
3203: 2548 4255 
3204: 3200 3205 
3205: 3204 3206 
3206: 3205 3209 
3207: 1625 2362 3648 4199 4289 
3208: 1335 2776 3293 
3209: 3206 3210 
3210: 3209 3211 
3211: 3210 3212 
3212: 3211 3215 
3213: 579 599 1811 4124 
3214: 372 441 
3215: 3212 3217 
3216: 3647 4213 
3217: 3215 3222 
3218: 3620 4106 
3219: 814 4056 
3220: 0 1172 3881 
3221: 242 4444 
3222: 3217 3228 
3223: 1472 4196 
3224: 53 3319 
3225: 226 4219 
3226: 48 547 1265 4381 
3227: 553 1145 3925 
3228: 3222 3231 
3229: 2460 2480 2738 
3230: 2265 3052 4186 
3231: 3228 3232 
3232: 3231 3235 
3233: 4095 4343 
3234: 368 2482 4593 
3235: 3232 3239 
3236: 345 1133 
3237: 397 4864 
3238: 2046 2929 3713 
3239: 3235 3240 
3240: 3239 3241 
3241: 3240 3242 
3242: 3241 3244 
3243: 2464 2617 
3244: 3242 3248 
3245: 2394 2621 
3246: 1491 2818 3648 
3247: 459 738 2677 4167 
3248: 3244 3249 
3249: 3248 3254 
3250: 2349 2489 
3251: 636 851 
3252: 12 41 3149 
3253: 96 1016 4634 
3254: 3249 3255 
3255: 3254 3256 
3256: 3255 3257 
3257: 3256 3259 
3258: 332 1429 4240 
3259: 3257 3260 
3260: 3259 3263 
3261: 182 221 2795 3132 
3262: 1409 2773 
3263: 3260 3264 
3264: 3263 3265 
3265: 3264 3269 
3266: 110 174 599 2592 
3267: 1842 2124 
3268: 4382 4600 4746 
3269: 3265 3271 
3270: 396 1644 2218 2327 
3271: 3269 3273 
3272: 515 853 964 1581 4918 
3273: 3271 3275 
3274: 57 3698 4985 
3275: 3273 3276 
3276: 3275 3279 
3277: 1456 2743 4443 4607 4706 
3278: 740 1431 
3279: 3276 3280 
3280: 3279 3281 
3281: 3280 3283 
3282: 176 2365 
3283: 3281 3284 
3284: 3283 3286 
3285: 726 4976 
3286: 3284 3288 
3287: 4329 4389 
3288: 3286 3289 
3289: 3288 3291 
3290: 171 615 1179 1438 1703 
3291: 3289 3292 
3292: 3291 3294 
3293: 2956 3208 4460 
3294: 3292 3295 
3295: 3294 3297 
3296: 2875 3621 
3297: 3295 3298 
3298: 3297 3299 
3299: 3298 3300 
3300: 3299 3304 
3301: 886 4398 4613 
3302: 112 1520 1529 
3303: 325 3066 
3304: 3300 3307 
3305: 135 2920 4232 4823 
3306: 2621 3435 
3307: 3304 3309 
3308: 1863 1999 3965 
3309: 3307 3310 
3310: 3309 3311 
3311: 3310 3312 
3312: 3311 3313 
3313: 3312 3314 
3314: 3313 3318 
3315: 887 2207 4441 
3316: 788 4508 4874 
3317: 426 3356 
3318: 3314 3320 
3319: 475 843 1326 3224 
3320: 3318 3322 
3321: 2227 2939 
3322: 3320 3323 
3323: 3322 3327 
3324: 271 4184 
3325: 1101 1837 2709 
3326: 1075 3893 
3327: 3323 3334 
3328: 1137 1502 4620 
3329: 284 3650 
3330: 1194 2785 3858 3881 
3331: 539 643 1023 2255 
3332: 670 1895 1948 
3333: 2055 3054 4508 
3334: 3327 3340 
3335: 947 3523 4481 
3336: 1640 4154 
3337: 880 2250 
3338: 1076 2748 
3339: 2417 2709 4503 
3340: 3334 3341 
3341: 3340 3342 
3342: 3341 3343 
3343: 3342 3345 
3344: 1390 3350 
3345: 3343 3347 
3346: 220 1258 1936 3079 
3347: 3345 3348 
3348: 3347 3349 
3349: 3348 3353 
3350: 1640 3344 3649 
3351: 2327 2414 2597 4847 
3352: 1278 1559 
3353: 3349 3355 
3354: 944 3511 
3355: 3353 3357 
3356: 804 2135 3317 
3357: 3355 3359 
3358: 212 4874 
3359: 3357 3360 
3360: 3359 3361 
3361: 3360 3364 
3362: 1090 1450 4487 
3363: 868 2235 2771 3538 
3364: 3361 3366 
3365: 48 639 2970 3437 
3366: 3364 3369 
3367: 212 1151 1637 
3368: 268 1363 3566 
3369: 3366 3371 
3370: 166 2952 4532 
3371: 3369 3373 
3372: 1430 1641 
3373: 3371 3374 
3374: 3373 3376 
3375: 1863 3915 
3376: 3374 3378 
3377: 673 770 
3378: 3376 3379 
3379: 3378 3380 
3380: 3379 3382 
3381: 308 1831 3655 4536 4820 
3382: 3380 3386 
3383: 1479 2572 
3384: 3388 3653 3776 4187 4532 
3385: 203 584 3034 
3386: 3382 3387 
3387: 3386 3389 
3388: 1786 3384 3658 3670 
3389: 3387 3393 
3390: 3824 4822 
3391: 375 4448 
3392: 520 2695 4654 
3393: 3389 3394 
3394: 3393 3395 
3395: 3394 3399 
3396: 78 1849 
3397: 752 1060 3120 
3398: 1797 2597 
3399: 3395 3400 
3400: 3399 3401 
3401: 3400 3402 
3402: 3401 3403 
3403: 3402 3405 
3404: 4091 4914 
3405: 3403 3406 
3406: 3405 3407 
3407: 3406 3408 
3408: 3407 3409 
3409: 3408 3412 
3410: 137 1838 3835 
3411: 3757 4709 
3412: 3409 3413 
3413: 3412 3414 
3414: 3413 3415 
3415: 3414 3417 
3416: 1680 4577 
3417: 3415 3418 
3418: 3417 3421 
3419: 298 632 4109 
3420: 127 2472 
3421: 3418 3422 
3422: 3421 3423 
3423: 3422 3426 
3424: 1114 2762 3481 4729 
3425: 17 801 2012 3824 
3426: 3423 3427 
3427: 3426 3430 
3428: 1567 1832 
3429: 4858 4999 
3430: 3427 3432 
3431: 4123 4572 4853 
3432: 3430 3433 
3433: 3432 3434 
3434: 3433 3436 
3435: 2420 3306 4726 
3436: 3434 3438 
3437: 2384 3365 
3438: 3436 3439 
3439: 3438 3440 
3440: 3439 3441 
3441: 3440 3442 
3442: 3441 3443 
3443: 3442 3444 
3444: 3443 3445 
3445: 3444 3447 
3446: 1079 2392 2880 3538 4842 
3447: 3445 3452 
3448: 568 2845 
3449: 623 1480 2985 
3450: 1285 2542 
3451: 1997 4166 
3452: 3447 3453 
3453: 3452 3454 
3454: 3453 3455 
3455: 3454 3456 
3456: 3455 3457 
3457: 3456 3459 
3458: 1830 2969 3712 4727 
3459: 3457 3463 
3460: 558 1317 1844 
3461: 2911 3001 4412 
3462: 703 1539 2082 4714 
3463: 3459 3470 
3464: 351 2971 4310 
3465: 332 833 3136 
3466: 2522 4455 
3467: 3020 4754 
3468: 1130 1512 2781 3120 4151 
3469: 3594 3802 4224 
3470: 3463 3471 
3471: 3470 3474 
3472: 504 3018 4479 4526 
3473: 2227 2235 
3474: 3471 3476 
3475: 707 919 2639 3528 
3476: 3474 3477 
3477: 3476 3479 
3478: 2229 4643 
3479: 3477 3480 
3480: 3479 3491 
3481: 3134 3424 
3482: 1317 1570 
3483: 826 1104 3061 3129 
3484: 332 1486 
3485: 87 125 2550 
3486: 3098 3708 
3487: 1325 1512 2325 
3488: 647 2624 4055 4606 
3489: 2615 4999 
3490: 804 2023 3078 4287 
3491: 3480 3493 
3492: 349 992 2787 
3493: 3491 3496 
3494: 1145 2890 4715 
3495: 1640 3081 4346 
3496: 3493 3497 
3497: 3496 3498 
3498: 3497 3499 
3499: 3498 3500 
3500: 3499 3505 
3501: 2481 2729 2990 3555 
3502: 435 2509 
3503: 3823 4008 4371 
3504: 113 1236 1800 2862 
3505: 3500 3507 
3506: 2339 3561 4182 4644 
3507: 3505 3510 
3508: 1058 4300 
3509: 13 2596 
3510: 3507 3512 
3511: 1742 3354 4641 
3512: 3510 3513 
3513: 3512 3516 
3514: 604 1615 2436 
3515: 2517 3761 
3516: 3513 3518 
3517: 24 533 1245 
3518: 3516 3519 
3519: 3518 3520 
3520: 3519 3525 
3521: 1802 4005 4682 
3522: 377 1182 4589 
3523: 304 579 1549 3335 3714 
3524: 62 4399 4667 
3525: 3520 3527 
3526: 1779 1993 4764 
3527: 3525 3530 
3528: 3475 3745 
3529: 1453 3133 
3530: 3527 3531 
3531: 3530 3537 
3532: 424 3545 
3533: 84 1026 1069 1531 
3534: 1167 1469 4120 
3535: 125 3595 4495 
3536: 218 3668 
3537: 3531 3540 
3538: 3363 3446 3583 4063 
3539: 1644 4572 
3540: 3537 3544 
3541: 4287 4682 
3542: 3046 4663 
3543: 2076 2911 2946 
3544: 3540 3546 
3545: 2256 3532 4653 
3546: 3544 3549 
3547: 572 1528 4265 4565 
3548: 104 233 651 
3549: 3546 3553 
3550: 971 3198 
3551: 2839 3017 3193 4781 
3552: 268 314 1311 1559 
3553: 3549 3556 
3554: 3641 3795 4642 
3555: 3000 3501 3665 3868 
3556: 3553 3562 
3557: 356 947 1970 
3558: 3071 4183 
3559: 3622 4994 
3560: 517 1744 2527 
3561: 2742 3506 4277 
3562: 3556 3563 
3563: 3562 3564 
3564: 3563 3570 
3565: 3926 4461 
3566: 860 2890 2900 3368 
3567: 3701 4368 
3568: 524 1236 2140 
3569: 4715 4728 
3570: 3564 3572 
3571: 525 1134 1166 1502 3983 
3572: 3570 3573 
3573: 3572 3574 
3574: 3573 3575 
3575: 3574 3576 
3576: 3575 3578 
3577: 1429 2062 4150 4489 
3578: 3576 3582 
3579: 604 2112 
3580: 734 754 1255 
3581: 1459 1931 4152 
3582: 3578 3584 
3583: 1456 3538 3783 
3584: 3582 3585 
3585: 3584 3586 
3586: 2926 3585 3589 
3587: 2101 4070 
3588: 1456 4777 
3589: 3586 3590 
3590: 3589 3591 
3591: 3590 3598 
3592: 682 4096 
3593: 494 626 
3594: 198 703 1554 1981 3469 
3595: 2344 3535 4524 
3596: 844 1157 2666 
3597: 176 1620 
3598: 3591 3599 
3599: 3598 3600 
3600: 3599 3601 
3601: 3600 3602 
3602: 3601 3603 
3603: 3602 3608 
3604: 1370 1522 2444 3018 
3605: 286 4085 4650 
3606: 548 710 2464 2636 
3607: 523 2631 3022 
3608: 3603 3609 
3609: 3608 3611 
3610: 375 2620 4823 
3611: 3609 3613 
3612: 585 963 1018 2744 4133 
3613: 3611 3614 
3614: 3613 3615 
3615: 3614 3616 
3616: 3615 3618 
3617: 273 2312 
3618: 3616 3619 
3619: 3618 3623 
3620: 3218 4661 
3621: 3296 3721 
3622: 1894 3559 
3623: 3619 3624 
3624: 3623 3626 
3625: 68 212 2102 3664 4754 
3626: 3624 3628 
3627: 273 361 1335 
3628: 3626 3630 
3629: 1895 4259 4744 
3630: 3628 3631 
3631: 3630 3633 
3632: 967 2743 4970 
3633: 3631 3634 
3634: 3633 3635 
3635: 3634 3640 
3636: 607 1394 1432 
3637: 2501 3058 4028 4035 
3638: 534 4244 
3639: 828 3002 
3640: 3635 3643 
3641: 233 3554 4928 
3642: 1014 2554 4747 
3643: 3640 3645 
3644: 296 1675 
3645: 3643 3657 
3646: 1994 2490 4375 4436 
3647: 819 1469 3216 3777 
3648: 1445 3207 3246 3930 
3649: 1643 1812 3350 3732 
3650: 1379 3329 4642 
3651: 769 3867 4424 
3652: 185 1675 4033 
3653: 754 3384 3676 4174 
3654: 180 283 
3655: 3381 4501 4514 
3656: 697 1129 1229 
3657: 3645 3659 
3658: 59 202 3388 4392 
3659: 3657 3660 
3660: 3659 3663 
3661: 1514 2919 
3662: 345 4625 
3663: 3660 3669 
3664: 728 3031 3625 4545 
3665: 535 3555 3713 
3666: 166 615 2159 2418 
3667: 1377 1708 4485 
3668: 1866 2687 2801 3536 4560 
3669: 3663 3672 
3670: 2858 3388 4967 
3671: 3093 4645 
3672: 3669 3673 
3673: 3672 3675 
3674: 1623 1957 2022 2760 
3675: 3673 3678 
3676: 634 3653 4976 
3677: 1852 2157 2674 
3678: 3675 3679 
3679: 3678 3680 
3680: 3679 3681 
3681: 3680 3682 
3682: 3681 3683 
3683: 3682 3685 
3684: 606 1684 
3685: 3683 3687 
3686: 48 855 3983 
3687: 3685 3688 
3688: 3687 3690 
3689: 697 1076 1690 2246 
3690: 3688 3691 
3691: 3690 3692 
3692: 3691 3694 
3693: 983 2105 4036 
3694: 3692 3696 
3695: 701 3840 
3696: 3694 3697 
3697: 3696 3703 
3698: 304 3274 3711 4978 
3699: 137 248 1084 
3700: 61 985 2353 3075 
3701: 3567 3967 
3702: 397 585 1445 3913 4289 
3703: 3697 3704 
3704: 3703 3705 
3705: 3704 3706 
3706: 3705 3707 
3707: 3706 3709 
3708: 1214 1574 3486 
3709: 3707 3710 
3710: 3709 3716 
3711: 2053 2059 3698 4289 4746 
3712: 603 1361 2970 3458 
3713: 965 1643 2581 3238 3665 
3714: 2485 3523 
3715: 84 4712 
3716: 3710 3717 
3717: 3716 3719 
3718: 1778 2851 4300 
3719: 3717 3720 
3720: 3719 3723 
3721: 198 3621 
3722: 145 1067 
3723: 3720 3724 
3724: 3723 3725 
3725: 3724 3726 
3726: 3725 3730 
3727: 701 4269 
3728: 1279 4125 4500 
3729: 291 569 2107 
3730: 3726 3735 
3731: 2967 3191 3801 3822 
3732: 1915 3649 
3733: 1137 1379 1394 1431 
3734: 591 3175 4782 
3735: 3730 3736 
3736: 3735 3739 
3737: 803 805 1817 2149 3967 
3738: 1138 1170 1739 
3739: 3736 3740 
3740: 3739 3741 
3741: 3740 3746 
3742: 3051 4523 
3743: 200 469 3861 4048 
3744: 435 1579 
3745: 3528 4284 4677 
3746: 3741 3747 
3747: 3746 3750 
3748: 516 2592 3131 3909 
3749: 2315 3127 
3750: 3747 3751 
3751: 3750 3752 
3752: 3751 3753 
3753: 3752 3754 
3754: 3753 3755 
3755: 3754 3758 
3756: 2406 3047 
3757: 3411 3779 4338 
3758: 3755 3759 
3759: 3758 3760 
3760: 3759 3762 
3761: 2609 3515 4984 
3762: 3760 3764 
3763: 323 2152 2186 
3764: 3762 3766 
3765: 492 1121 1378 
3766: 3764 3768 
3767: 2517 2562 3881 
3768: 3766 3769 
3769: 3768 3770 
3770: 3769 3771 
3771: 3770 3772 
3772: 3771 3773 
3773: 3772 3775 
3774: 1220 2902 
3775: 3773 3778 
3776: 1539 2397 2915 3384 
3777: 3647 4439 
3778: 3775 3780 
3779: 3757 4246 
3780: 3778 3784 
3781: 496 804 2697 4325 4466 
3782: 2339 2347 2956 
3783: 301 3583 
3784: 3780 3786 
3785: 456 1563 3118 4930 
3786: 3784 3787 
3787: 3786 3788 
3788: 3787 3790 
3789: 2030 4420 
3790: 3788 3797 
3791: 1052 1153 4205 
3792: 594 2462 4290 
3793: 1932 4932 
3794: 1551 4475 
3795: 85 842 2294 3554 
3796: 1974 2063 4518 
3797: 3790 3803 
3798: 524 2860 4005 
3799: 2239 2706 
3800: 2624 4392 
3801: 184 1823 2939 3731 3980 
3802: 756 971 3030 3469 
3803: 3797 3805 
3804: 918 2602 
3805: 3803 3808 
3806: 1316 2324 4926 
3807: 825 1201 2194 
3808: 3805 3809 
3809: 3808 3810 
3810: 3809 3811 
3811: 3810 3812 
3812: 3811 3813 
3813: 3812 3817 
3814: 14 2873 4501 
3815: 2007 2242 2274 
3816: 3016 3913 4526 4956 
3817: 3813 3818 
3818: 3817 3827 
3819: 1024 1602 
3820: 388 1482 4932 
3821: 748 3093 
3822: 2861 3731 
3823: 3503 4178 4494 
3824: 3390 3425 
3825: 308 4609 
3826: 1823 2902 3009 
3827: 3818 3828 
3828: 3827 3829 
3829: 3828 3830 
3830: 3829 3831 
3831: 3830 3838 
3832: 657 800 1405 
3833: 111 1054 1079 2448 
3834: 739 1114 4694 
3835: 826 2403 3133 3410 4857 
3836: 1459 1776 2617 
3837: 805 1592 2677 
3838: 3831 3839 
3839: 3838 3841 
3840: 1855 3695 
3841: 3839 3842 
3842: 3841 3843 
3843: 3842 3845 
3844: 2079 4151 4157 4909 
3845: 3843 3846 
3846: 3845 3847 
3847: 3846 3849 
3848: 179 608 858 
3849: 3847 3852 
3850: 4060 4979 
3851: 8 979 
3852: 3849 3853 
3853: 3852 3854 
3854: 3853 3855 
3855: 3854 3856 
3856: 3855 3857 
3857: 3856 3859 
3858: 2149 3330 
3859: 3857 3862 
3860: 1510 2122 4762 
3861: 483 1680 3743 
3862: 3859 3863 
3863: 3862 3864 
3864: 3863 3866 
3865: 534 757 
3866: 3864 3869 
3867: 686 2000 3651 
3868: 77 1366 3555 4887 
3869: 3866 3872 
3870: 897 3887 
3871: 1669 2470 
3872: 3869 3874 
3873: 335 1054 2742 
3874: 3872 3875 
3875: 3874 3877 
3876: 2438 2687 4390 4980 
3877: 3875 3878 
3878: 3877 3880 
3879: 547 1569 1902 
3880: 3878 3883 
3881: 3220 3330 3767 4098 
3882: 1142 2697 
3883: 3880 3885 
3884: 1712 1905 
3885: 3883 3886 
3886: 3885 3888 
3887: 3870 4402 
3888: 3886 3889 
3889: 3888 3890 
3890: 3889 3891 
3891: 3890 3894 
3892: 417 1068 1567 4213 
3893: 1671 3326 
3894: 3891 3897 
3895: 1231 1828 2276 
3896: 2111 2840 3994 
3897: 3894 3899 
3898: 2171 2715 4679 
3899: 3897 3900 
3900: 3899 3901 
3901: 3900 3902 
3902: 3901 3904 
3903: 710 1454 3117 4820 4958 
3904: 3902 3906 
3905: 1069 1733 
3906: 3904 3907 
3907: 3906 3910 
3908: 2920 2992 
3909: 1166 1689 3186 3748 4529 
3910: 3907 3914 
3911: 179 251 563 
3912: 336 4431 
3913: 2664 3702 3816 
3914: 3910 3917 
3915: 1655 3375 
3916: 289 1080 
3917: 3914 3918 
3918: 3917 3920 
3919: 359 1196 
3920: 3918 3921 
3921: 3920 3924 
3922: 235 1761 
3923: 666 2645 
3924: 3921 3927 
3925: 1220 2633 3159 3227 4349 
3926: 1318 2619 3565 4853 
3927: 3924 3928 
3928: 3927 3929 
3929: 3928 3931 
3930: 757 865 2030 3096 3648 
3931: 3929 3936 
3932: 146 466 584 
3933: 626 876 1835 4529 4692 
3934: 1719 2851 4376 
3935: 536 2862 
3936: 3931 3938 
3937: 1300 1461 2806 2809 3957 
3938: 3936 3942 
3939: 182 965 1924 
3940: 2942 4597 
3941: 445 694 4428 
3942: 3938 3943 
3943: 3942 3944 
3944: 3943 3945 
3945: 3944 3946 
3946: 3945 3947 
3947: 3946 3948 
3948: 3947 3949 
3949: 3948 3951 
3950: 961 3064 4808 
3951: 3949 3952 
3952: 3951 3953 
3953: 3952 3954 
3954: 3953 3958 
3955: 591 2425 
3956: 775 2769 
3957: 535 1924 2475 3937 4597 
3958: 3954 3959 
3959: 3958 3961 
3960: 4124 4205 4406 
3961: 3959 3964 
3962: 30 876 2315 
3963: 96 336 
3964: 3961 3969 
3965: 2311 3308 
3966: 636 1628 
3967: 2325 3701 3737 3968 
3968: 3967 4016 
3969: 3964 3971 
3970: 329 1529 3167 
3971: 3969 3974 
3972: 208 2512 4423 
3973: 2046 4949 
3974: 3971 3976 
3975: 16 954 4536 
3976: 3974 3978 
3977: 1075 1498 3133 
3978: 3976 3981 
3979: 461 1967 2768 4618 4930 
3980: 415 1368 3801 
3981: 3978 3982 
3982: 3981 3987 
3983: 3571 3686 4172 4205 4762 
3984: 260 529 543 2448 
3985: 54 2177 2754 3043 
3986: 673 3015 4855 
3987: 3982 3989 
3988: 1246 4221 
3989: 3987 3990 
3990: 3989 3992 
3991: 777 4469 
3992: 3990 3993 
3993: 3992 3995 
3994: 3896 4425 4505 4755 
3995: 3993 3997 
3996: 1248 1318 3160 4860 
3997: 3995 3999 
3998: 62 4064 
3999: 3997 4000 
4000: 3999 4001 
4001: 4000 4002 
4002: 4001 4003 
4003: 4002 4004 
4004: 4003 4007 
4005: 1756 3521 3798 4281 
4006: 148 1130 1144 
4007: 4004 4009 
4008: 1769 3503 4092 
4009: 4007 4010 
4010: 4009 4014 
4011: 2228 4786 
4012: 833 2345 
4013: 3190 4162 4717 
4014: 4010 4019 
4015: 3117 4620 
4016: 757 2302 3968 4485 
4017: 461 2067 4481 4550 
4018: 469 1434 4841 
4019: 4014 4020 
4020: 4019 4024 
4021: 994 4081 
4022: 462 466 3178 4505 
4023: 297 2259 4446 
4024: 4020 4026 
4025: 1257 2412 
4026: 4024 4027 
4027: 4026 4029 
4028: 1072 1362 3637 
4029: 4027 4031 
4030: 1196 2526 2830 
4031: 4029 4032 
4032: 4031 4034 
4033: 835 3171 3652 
4034: 4032 4038 
4035: 113 1776 2224 3637 
4036: 2039 3693 4851 
4037: 4625 4831 
4038: 4034 4040 
4039: 202 1967 
4040: 4038 4041 
4041: 4040 4042 
4042: 4041 4043 
4043: 4042 4044 
4044: 4043 4045 
4045: 4044 4047 
4046: 2466 4471 4619 
4047: 4045 4051 
4048: 2283 3743 
4049: 2987 4257 
4050: 1502 1949 2325 4190 
4051: 4047 4053 
4052: 21 1334 1891 4085 
4053: 4051 4057 
4054: 1998 4636 
4055: 1256 3488 
4056: 3219 4530 
4057: 4053 4058 
4058: 4057 4061 
4059: 201 2347 
4060: 2712 3850 
4061: 4058 4068 
4062: 3059 4782 
4063: 669 3538 
4064: 1675 2697 3998 
4065: 4684 4906 
4066: 1475 4352 4968 
4067: 2777 3118 4560 
4068: 4061 4071 
4069: 2330 4140 4352 4714 
4070: 850 3587 
4071: 4068 4073 
4072: 43 535 604 2890 4362 
4073: 4071 4074 
4074: 4073 4075 
4075: 4074 4076 
4076: 4075 4077 
4077: 4076 4079 
4078: 2270 4286 4478 4971 
4079: 4077 4080 
4080: 4079 4082 
4081: 2348 2739 4021 
4082: 4080 4087 
4083: 2572 2806 
4084: 1703 4832 
4085: 207 3605 4052 
4086: 1738 1933 
4087: 4082 4088 
4088: 4087 4089 4293 
4089: 4088 4090 
4090: 4089 4093 
4091: 875 3404 4853 
4092: 4008 4969 
4093: 4090 4099 
4094: 1077 2192 
4095: 15 858 3233 
4096: 464 1894 3592 
4097: 1238 2332 
4098: 1811 3881 
4099: 4093 4100 
4100: 4099 4101 
4101: 4100 4103 
4102: 418 590 852 4218 4660 
4103: 4101 4104 
4104: 4103 4105 
4105: 4104 4107 
4106: 85 835 3218 4483 
4107: 4105 4108 
4108: 4107 4110 
4109: 2683 3419 4300 
4110: 4108 4114 
4111: 418 1110 
4112: 1949 2872 4241 
4113: 388 1404 1701 
4114: 4110 4115 
4115: 4114 4117 
4116: 4563 4998 
4117: 4115 4118 
4118: 4117 4121 
4119: 2150 2317 2501 3063 4305 
4120: 353 1265 3534 4290 
4121: 4118 4126 
4122: 1236 1626 2240 
4123: 1236 3038 3078 3431 
4124: 710 3213 3960 4249 4430 
4125: 587 2597 3728 
4126: 4121 4131 
4127: 1199 1502 
4128: 711 1769 1830 
4129: 861 2493 
4130: 4600 4775 
4131: 4126 4134 
4132: 414 1586 
4133: 2765 3612 
4134: 4131 4135 
4135: 4134 4137 
4136: 1831 1978 
4137: 4135 4138 
4138: 4137 4139 
4139: 4138 4141 
4140: 110 184 1858 4069 
4141: 4139 4142 
4142: 4141 4143 
4143: 4142 4144 
4144: 4143 4145 
4145: 4144 4147 
4146: 214 883 2475 
4147: 4145 4148 
4148: 4147 4149 
4149: 4148 4155 
4150: 3577 4186 
4151: 227 3468 3844 
4152: 710 1531 3581 
4153: 787 2553 
4154: 3081 3336 4541 
4155: 4149 4156 
4156: 4155 4158 
4157: 208 575 1628 3844 
4158: 4156 4159 
4159: 4158 4160 
4160: 4159 4163 
4161: 1157 2673 4166 
4162: 988 4013 
4163: 4160 4164 
4164: 4163 4168 
4165: 921 1001 4968 
4166: 3451 4161 
4167: 2760 2915 3020 3247 
4168: 4164 4169 
4169: 4168 4173 
4170: 2622 2840 4904 
4171: 2137 2683 2689 3201 
4172: 322 835 3983 
4173: 4169 4175 
4174: 1029 1997 3653 4999 
4175: 4173 4180 
4176: 1872 2881 
4177: 361 738 959 2108 2339 
4178: 819 2748 3823 
4179: 448 1587 
4180: 4175 4181 
4181: 4180 4185 
4182: 1910 3506 
4183: 2349 2462 3558 
4184: 3324 4650 
4185: 4181 4189 
4186: 2397 3230 4150 4656 
4187: 364 682 3384 4367 
4188: 2085 2788 
4189: 4185 4192 
4190: 2968 4050 4996 
4191: 41 463 
4192: 4189 4193 
4193: 4192 4202 
4194: 16 4347 
4195: 284 695 2136 
4196: 2159 2759 3223 
4197: 1461 1797 
4198: 138 2934 3063 
4199: 492 3207 
4200: 561 998 2245 2737 3052 
4201: 921 2227 2781 
4202: 4193 4204 
4203: 1072 2010 
4204: 4202 4209 
4205: 2368 3791 3960 3983 
4206: 273 554 2040 2456 
4207: 713 2882 4473 
4208: 277 865 4870 
4209: 4204 4210 
4210: 4209 4211 
4211: 4210 4214 
4212: 250 1608 
4213: 89 3216 3892 4790 
4214: 4211 4215 
4215: 4214 4216 
4216: 4215 4217 
4217: 4216 4220 
4218: 2472 2627 4102 4677 
4219: 22 1574 3225 
4220: 4217 4222 
4221: 3169 3988 
4222: 4220 4223 
4223: 4222 4228 
4224: 1287 1535 3469 
4225: 3038 4405 
4226: 1669 1774 
4227: 1770 2358 
4228: 4223 4229 
4229: 4228 4230 
4230: 4229 4231 
4231: 4230 4233 
4232: 378 2088 2103 3305 
4233: 4231 4235 
4234: 21 1880 2267 
4235: 4233 4238 
4236: 363 1453 2029 
4237: 273 875 1677 3129 
4238: 4235 4239 
4239: 4238 4242 
4240: 3026 3258 
4241: 809 1140 2057 2583 4112 
4242: 4239 4243 
4243: 4242 4245 
4244: 1949 3638 4310 
4245: 4243 4247 
4246: 1991 2179 2357 3779 
4247: 4245 4248 
4248: 4247 4250 
4249: 504 2778 4124 
4250: 4248 4251 
4251: 4250 4253 
4252: 944 1931 
4253: 4251 4254 
4254: 4253 4256 
4255: 2103 2301 3203 
4256: 4254 4258 
4257: 621 1661 4049 
4258: 4256 4261 
4259: 981 3629 
4260: 1848 1982 
4261: 4258 4262 
4262: 4261 4263 
4263: 4262 4266 
4264: 371 3047 
4265: 1400 3547 4313 
4266: 4263 4267 
4267: 4266 4268 
4268: 4267 4270 
4269: 406 1669 3727 
4270: 4268 4271 
4271: 4270 4272 
4272: 4271 4273 
4273: 4272 4276 
4274: 289 1535 2226 2407 
4275: 557 2486 
4276: 4273 4278 
4277: 2970 3561 4603 
4278: 4276 4279 
4279: 4278 4282 
4280: 744 2521 3037 
4281: 1379 4005 
4282: 4279 4285 
4283: 1516 2480 
4284: 1756 2307 3160 3745 
4285: 4282 4291 
4286: 590 4078 
4287: 3490 3541 
4288: 761 2017 4886 
4289: 1825 3207 3702 3711 
4290: 2037 3792 4120 
4291: 4285 4292 
4292: 4291 4294 
4293: 546 829 4088 4786 
4294: 4292 4295 
4295: 4294 4296 
4296: 4295 4298 
4297: 1825 1923 
4298: 4296 4301 
4299: 1853 1963 4640 
4300: 3508 3718 4109 
4301: 4298 4302 
4302: 4301 4304 
4303: 332 734 975 4621 
4304: 4302 4306 
4305: 1645 1712 2839 4119 4926 
4306: 4304 4307 
4307: 4306 4308 
4308: 4307 4311 
4309: 1182 2412 2565 
4310: 1998 3464 4244 
4311: 4308 4312 
4312: 4311 4314 
4313: 1359 2013 4265 4489 
4314: 4312 4315 
4315: 4314 4316 
4316: 4315 4318 
4317: 2078 3000 4532 
4318: 4316 4319 
4319: 4318 4321 
4320: 1678 2218 2948 
4321: 4319 4322 
4322: 4321 4324 
4323: 1450 1574 2520 4737 
4324: 4322 4326 
4325: 473 3781 
4326: 4324 4331 
4327: 2067 4499 
4328: 955 1928 1957 2620 
4329: 196 239 392 3287 
4330: 721 4839 
4331: 2613 4326 4332 
4332: 4331 4333 
4333: 4332 4335 
4334: 777 2521 4359 
4335: 4333 4336 
4336: 4335 4337 
4337: 4336 4339 
4338: 1166 2636 3757 4980 
4339: 4337 4342 
4340: 411 1404 4484 
4341: 681 979 1961 2838 
4342: 2022 4339 4345 
4343: 967 1231 3233 
4344: 502 770 
4345: 4342 4348 
4346: 2818 3030 3495 
4347: 4194 4505 
4348: 4345 4350 
4349: 698 2102 3925 
4350: 4348 4351 
4351: 4350 4353 
4352: 1838 3026 4066 4069 
4353: 4351 4354 
4354: 4353 4356 
4355: 277 1607 2012 2079 2794 
4356: 4354 4360 
4357: 1668 4367 
4358: 2252 2756 
4359: 672 2009 2362 2529 4334 
4360: 4356 4363 
4361: 945 997 4652 
4362: 2404 4072 
4363: 4360 4364 
4364: 4363 4365 
4365: 4364 4366 
4366: 4365 4372 
4367: 4187 4357 
4368: 2650 3567 
4369: 1138 1985 2164 2940 2953 
4370: 818 1963 
4371: 856 3503 
4372: 4366 4374 
4373: 4607 4674 
4374: 4372 4377 
4375: 1053 2147 3646 
4376: 1240 3934 
4377: 4374 4379 
4378: 1580 2170 
4379: 4377 4380 
4380: 4379 4383 
4381: 170 1576 1677 3226 4446 
4382: 1884 2535 2961 3268 
4383: 4380 4385 
4384: 988 2776 4790 
4385: 4383 4386 
4386: 4385 4388 
4387: 1208 2055 
4388: 4386 4394 
4389: 1213 3287 
4390: 312 2216 3876 
4391: 107 944 2438 
4392: 1012 3658 3800 
4393: 818 2015 2676 
4394: 4388 4395 
4395: 4394 4401 
4396: 1117 1820 
4397: 1470 2164 
4398: 533 1229 3301 
4399: 2771 3524 
4400: 600 3085 
4401: 4395 4403 
4402: 337 2785 3887 
4403: 4401 4404 
4404: 4403 4406 
4405: 381 2781 4225 4737 
4406: 3960 4404 4408 
4407: 1177 2066 
4408: 4406 4414 
4409: 1506 2332 
4410: 973 1268 2546 
4411: 1031 1147 
4412: 1739 3461 
4413: 284 666 1224 1574 2545 
4414: 4408 4415 
4415: 4414 4418 
4416: 959 4821 
4417: 441 2412 
4418: 4415 4419 
4419: 4418 4426 
4420: 1701 3789 4876 
4421: 409 1113 3127 4597 4660 
4422: 1431 2545 
4423: 1390 2529 3016 3972 
4424: 2762 3651 
4425: 640 3994 
4426: 4419 4427 
4427: 4426 4429 
4428: 3941 4735 4740 
4429: 4427 4432 
4430: 187 319 4124 4967 
4431: 3054 3912 
4432: 4429 4433 
4433: 4432 4437 
4434: 214 445 865 1736 
4435: 826 1576 
4436: 1024 1416 2748 3646 
4437: 4433 4440 
4438: 1001 1777 4713 
4439: 2838 3777 
4440: 4437 4442 
4441: 25 3315 
4442: 4440 4450 
4443: 484 861 3277 
4444: 836 3221 4495 4777 
4445: 1363 2082 2934 
4446: 2758 2971 4023 4381 4995 
4447: 816 2718 2892 4738 
4448: 697 3391 
4449: 2399 2991 
4450: 4442 4451 
4451: 4450 4453 
4452: 1276 2771 
4453: 4451 4456 
4454: 1137 1167 2811 4574 
4455: 701 3466 4837 
4456: 4453 4457 
4457: 4456 4458 
4458: 4457 4462 
4459: 2472 3063 3142 4615 4957 
4460: 2831 2924 3293 
4461: 9 3171 3565 
4462: 4458 4463 
4463: 4462 4464 
4464: 4463 4465 
4465: 4464 4467 
4466: 3781 4755 
4467: 4465 4468 
4468: 4467 4472 
4469: 3991 4703 
4470: 291 1872 2345 
4471: 239 4046 
4472: 4468 4477 
4473: 493 1417 2105 4207 
4474: 153 1036 
4475: 1348 1452 3794 
4476: 1890 2101 4832 
4477: 4472 4480 
4478: 426 1250 2451 4078 
4479: 144 3472 
4480: 4477 4482 
4481: 2171 2189 3335 4017 
4482: 4480 4486 
4483: 121 525 1000 4106 
4484: 1225 2246 4340 
4485: 3076 3667 4016 
4486: 4482 4490 
4487: 874 2627 3362 
4488: 338 4775 4857 
4489: 700 3577 4313 
4490: 4486 4491 
4491: 4490 4492 
4492: 4491 4493 
4493: 4492 4502 
4494: 4 1607 3823 
4495: 1514 3535 4444 4717 
4496: 551 2135 4878 
4497: 152 2096 
4498: 322 2953 
4499: 71 2619 4327 4596 
4500: 687 1304 3728 
4501: 3655 3814 
4502: 4493 4506 
4503: 1434 3339 4618 
4504: 943 2831 
4505: 3994 4022 4347 4830 
4506: 4502 4507 
4507: 4506 4509 
4508: 343 652 3316 3333 
4509: 4507 4510 
4510: 4509 4511 
4511: 4510 4512 
4512: 4511 4513 
4513: 4512 4515 
4514: 1791 2546 3655 
4515: 4513 4516 
4516: 4515 4517 
4517: 4516 4519 
4518: 1044 3796 
4519: 4517 4520 
4520: 4519 4525 
4521: 650 2221 2398 
4522: 2492 4899 
4523: 1214 2562 3742 
4524: 993 1044 1162 1440 3595 
4525: 4520 4528 
4526: 277 2327 2468 3472 3816 
4527: 1791 2318 
4528: 4525 4531 
4529: 227 3909 3933 
4530: 4056 4746 
4531: 4528 4535 
4532: 1689 3370 3384 4317 
4533: 392 721 4918 
4534: 2106 4717 
4535: 4531 4537 
4536: 699 3381 3975 
4537: 4535 4538 
4538: 4537 4539 
4539: 4538 4540 
4540: 4539 4542 
4541: 2177 4154 
4542: 4540 4543 
4543: 4542 4544 
4544: 4543 4546 
4545: 516 2709 3664 
4546: 4544 4547 
4547: 4546 4548 
4548: 4547 4549 
4549: 4548 4551 
4550: 284 2391 4017 
4551: 4549 4552 
4552: 4551 4553 
4553: 4552 4554 
4554: 4553 4555 
4555: 4554 4556 
4556: 4555 4557 
4557: 4556 4558 
4558: 4557 4559 
4559: 4558 4561 
4560: 1317 1538 3668 4067 
4561: 4559 4562 
4562: 4561 4564 
4563: 2873 3153 4116 
4564: 4562 4566 
4565: 1467 3547 
4566: 4564 4567 
4567: 4566 4568 
4568: 4567 4569 
4569: 4568 4570 
4570: 4569 4576 
4571: 587 752 
4572: 3431 3539 
4573: 908 1578 
4574: 95 4454 4642 
4575: 1206 4712 
4576: 4570 4578 
4577: 1564 3416 
4578: 4576 4579 
4579: 4578 4580 
4580: 4579 4581 
4581: 4580 4582 
4582: 4581 4583 
4583: 4582 4584 
4584: 4583 4585 
4585: 4584 4586 
4586: 4585 4588 
4587: 515 908 
4588: 4586 4590 
4589: 1012 3522 4873 
4590: 4588 4594 
4591: 422 826 2232 
4592: 146 2261 
4593: 4 3234 
4594: 4590 4595 
4595: 4594 4599 
4596: 1104 4499 4831 4860 
4597: 3940 3957 4421 
4598: 2238 2265 
4599: 4595 4601 
4600: 1374 3268 4130 
4601: 4599 4602 
4602: 4601 4604 
4603: 90 797 2301 4277 4828 
4604: 4602 4605 
4605: 2015 4604 4608 
4606: 2090 2338 2547 3488 
4607: 200 1149 1377 3277 4373 
4608: 4605 4610 
4609: 3825 4770 
4610: 4608 4612 
4611: 173 310 
4612: 4610 4617 
4613: 1579 2226 2650 3301 4729 
4614: 1067 2049 3001 
4615: 516 2988 4459 
4616: 2324 2512 
4617: 4612 4623 
4618: 2815 3112 3979 4503 
4619: 1491 4046 
4620: 3328 4015 
4621: 2192 2926 4303 
4622: 1763 1852 1946 
4623: 4617 4624 
4624: 4623 4626 
4625: 3662 4037 
4626: 2758 4624 4627 
4627: 4626 4628 
4628: 4627 4629 
4629: 4628 4630 
4630: 4629 4631 
4631: 4630 4633 
4632: 2968 4675 
4633: 4631 4637 
4634: 783 3253 
4635: 1257 2773 
4636: 1686 2167 4054 
4637: 4633 4638 
4638: 4637 4639 
4639: 4638 4646 
4640: 2149 2639 4299 
4641: 1321 1657 3511 
4642: 3554 3650 4574 
4643: 2517 3064 3478 
4644: 456 1719 1802 3506 
4645: 3048 3671 
4646: 4639 4647 
4647: 4646 4648 
4648: 4647 4649 
4649: 4648 4655 
4650: 2009 3605 4184 
4651: 643 1778 4698 
4652: 2544 4361 4762 
4653: 12 3545 
4654: 3149 3392 
4655: 4649 4657 
4656: 129 4186 
4657: 4655 4659 
4658: 111 2779 
4659: 4657 4662 
4660: 851 4102 4421 
4661: 3115 3620 
4662: 4659 4664 
4663: 664 3542 
4664: 4662 4668 
4665: 188 1119 1946 
4666: 566 1845 
4667: 1462 2227 3524 
4668: 4664 4671 
4669: 2007 2023 
4670: 212 799 
4671: 4668 4672 
4672: 4671 4673 
4673: 4672 4678 
4674: 926 2787 2971 4373 
4675: 656 1367 4632 
4676: 1513 3113 
4677: 1494 2115 3745 4218 
4678: 4673 4680 
4679: 1048 1950 3898 
4680: 4678 4681 
4681: 4680 4686 
4682: 2769 3521 3541 
4683: 2059 2455 
4684: 523 4065 
4685: 329 1730 
4686: 4681 4687 
4687: 4686 4688 
4688: 4687 4690 
4689: 337 1050 
4690: 4688 4691 
4691: 4690 4693 
4692: 2003 3933 4950 
4693: 4691 4695 
4694: 475 3834 
4695: 4693 4696 
4696: 4695 4697 
4697: 4696 4700 
4698: 792 2518 4651 4996 
4699: 170 369 450 
4700: 4697 4701 
4701: 4700 4702 
4702: 4701 4704 
4703: 74 4469 
4704: 4702 4705 
4705: 4704 4707 
4706: 691 3277 
4707: 4705 4708 
4708: 4707 4718 
4709: 507 3411 
4710: 664 1153 2751 
4711: 2364 2971 
4712: 3715 4575 
4713: 1902 2695 2798 4438 
4714: 1621 1999 3462 4069 4943 
4715: 885 3494 3569 
4716: 730 2020 
4717: 4013 4495 4534 
4718: 4708 4719 
4719: 4718 4722 
4720: 1531 3154 
4721: 362 1058 1892 2880 
4722: 4719 4723 
4723: 4722 4725 
4724: 623 1372 
4725: 4723 4731 
4726: 728 985 2953 3435 
4727: 1314 2668 3458 
4728: 543 608 1485 3569 
4729: 608 1162 1853 3424 4613 
4730: 695 1069 1570 2843 3016 
4731: 4725 4732 
4732: 4731 4736 
4733: 634 1370 
4734: 690 1702 
4735: 1634 3068 4428 
4736: 4732 4739 
4737: 1475 4323 4405 4756 
4738: 54 1222 2063 4447 
4739: 4736 4741 
4740: 669 712 2240 4428 
4741: 4739 4742 
4742: 4741 4745 
4743: 1918 2309 2909 
4744: 382 1470 2962 3187 3629 
4745: 4742 4749 
4746: 1621 2274 3268 3711 4530 
4747: 1668 2937 3642 4908 
4748: 637 2259 
4749: 4745 4751 
4750: 669 1776 2806 
4751: 4749 4752 
4752: 4751 4753 
4753: 4752 4758 
4754: 3467 3625 4831 
4755: 192 3994 4466 
4756: 2024 2816 4737 
4757: 1711 2847 
4758: 4753 4759 
4759: 4758 4760 
4760: 4759 4761 
4761: 4760 4763 
4762: 3860 3983 4652 
4763: 4761 4765 
4764: 2298 2489 3526 
4765: 4763 4766 
4766: 4765 4767 
4767: 4766 4768 
4768: 4767 4769 
4769: 4768 4771 
4770: 291 4609 
4771: 4769 4772 
4772: 4771 4773 
4773: 4772 4774 
4774: 4773 4776 
4775: 2031 4130 4488 
4776: 4774 4778 
4777: 1035 3588 4444 
4778: 4776 4780 
4779: 2685 4951 
4780: 4778 4783 
4781: 17 3551 
4782: 3734 4062 
4783: 4780 4785 
4784: 462 795 
4785: 4783 4787 
4786: 4011 4293 
4787: 4785 4788 
4788: 4787 4791 
4789: 693 4829 
4790: 4213 4384 4968 
4791: 4788 4792 
4792: 4791 4793 
4793: 4792 4794 
4794: 4793 4795 
4795: 4794 4796 
4796: 4795 4797 
4797: 4796 4798 
4798: 4797 4799 
4799: 4798 4802 
4800: 2695 3099 
4801: 795 814 
4802: 946 4799 4803 
4803: 4802 4804 
4804: 4803 4806 
4805: 69 946 
4806: 4804 4807 
4807: 4806 4809 
4808: 991 3950 
4809: 4807 4810 
4810: 4809 4811 
4811: 4810 4812 
4812: 4811 4813 
4813: 4812 4814 
4814: 4813 4815 
4815: 4814 4816 
4816: 4815 4817 
4817: 4816 4818 
4818: 4817 4824 
4819: 1677 3094 
4820: 340 1494 3022 3381 3903 
4821: 1961 4416 
4822: 1817 3390 
4823: 2328 3305 3610 
4824: 4818 4826 
4825: 458 1416 
4826: 4824 4827 
4827: 4826 4833 
4828: 1000 1591 4603 
4829: 1004 1395 4789 
4830: 750 1366 4505 
4831: 689 700 4037 4596 4754 
4832: 814 4084 4476 
4833: 4827 4834 
4834: 4833 4836 
4835: 76 711 2414 2613 2985 
4836: 4834 4838 
4837: 1281 2178 4455 
4838: 4836 4840 
4839: 520 4330 
4840: 4838 4843 
4841: 2702 3030 4018 
4842: 1701 1837 2444 2954 3446 
4843: 4840 4844 
4844: 4843 4845 
4845: 4844 4846 
4846: 4845 4848 
4847: 879 1121 3351 
4848: 4846 4850 
4849: 104 1433 
4850: 4848 4852 
4851: 179 4036 4957 
4852: 4850 4854 
4853: 2432 3431 3926 4091 
4854: 4852 4859 
4855: 2236 3986 
4856: 1287 3061 
4857: 3835 4488 
4858: 2101 3429 
4859: 4854 4861 
4860: 2143 3996 4596 
4861: 4859 4863 
4862: 2926 4884 
4863: 4861 4865 
4864: 110 179 884 3202 3237 
4865: 4863 4867 
4866: 2817 4907 
4867: 4865 4868 
4868: 4867 4871 
4869: 1823 1907 
4870: 247 1106 2475 4208 
4871: 4868 4872 
4872: 4871 4877 
4873: 2211 2366 2773 4589 
4874: 2970 3316 3358 
4875: 687 1246 3113 
4876: 0 4420 
4877: 4872 4880 
4878: 2639 2948 4496 
4879: 2523 4982 
4880: 4877 4881 
4881: 4880 4882 
4882: 4881 4883 
4883: 4882 4885 
4884: 2540 4862 
4885: 4883 4888 
4886: 2124 4288 4994 
4887: 1936 3868 
4888: 4885 4889 
4889: 4888 4891 
4890: 1439 2039 2860 3143 
4891: 4889 4893 
4892: 34 1819 
4893: 4891 4895 
4894: 2681 2892 
4895: 4893 4896 
4896: 4895 4897 
4897: 4896 4898 
4898: 4897 4900 
4899: 473 847 2167 2822 4522 
4900: 4898 4902 
4901: 277 549 
4902: 4900 4905 
4903: 2520 2980 
4904: 184 4170 
4905: 4902 4910 
4906: 550 3046 4065 
4907: 1630 1824 2995 3051 4866 
4908: 1903 2444 3020 4747 
4909: 2005 3844 
4910: 4905 4911 
4911: 4910 4912 
4912: 4911 4913 
4913: 4912 4915 
4914: 1910 2274 3404 
4915: 4913 4916 
4916: 4915 4919 
4917: 1110 1113 1214 3190 
4918: 425 3272 4533 
4919: 4916 4920 
4920: 4919 4922 
4921: 29 47 
4922: 4920 4923 
4923: 4922 4924 
4924: 4923 4925 
4925: 4924 4927 
4926: 3806 4305 
4927: 4925 4929 
4928: 761 3641 
4929: 4927 4931 
4930: 135 2666 3785 3979 
4931: 1864 4929 4934 
4932: 3793 3820 
4933: 1020 2398 
4934: 4931 4935 
4935: 4934 4936 
4936: 4935 4937 
4937: 4936 4939 
4938: 1630 1812 
4939: 4937 4940 
4940: 4939 4941 
4941: 4940 4942 
4942: 4941 4945 
4943: 853 1951 4714 
4944: 981 1177 1763 
4945: 4942 4946 
4946: 4945 4954 
4947: 1302 2250 
4948: 171 2702 
4949: 1187 3973 
4950: 820 4692 
4951: 1007 1655 4779 
4952: 976 2113 
4953: 223 2839 
4954: 4946 4955 
4955: 4954 4959 
4956: 585 1657 2013 3112 3816 
4957: 2620 2624 4459 4851 
4958: 825 3903 
4959: 4955 4960 
4960: 4959 4961 
4961: 4960 4962 
4962: 4961 4964 
4963: 1395 2995 
4964: 4962 4965 
4965: 4964 4966 
4966: 4965 4970 
4967: 572 3670 4430 
4968: 322 615 4066 4165 4790 
4969: 1702 4092 
4970: 3632 4966 4972 
4971: 2106 3187 4078 
4972: 4970 4973 
4973: 4972 4974 
4974: 4973 4975 
4975: 4974 4977 
4976: 3285 3676 
4977: 248 4975 4981 
4978: 541 3698 
4979: 2178 2631 3850 
4980: 1342 1915 2433 3876 4338 
4981: 4977 4983 
4982: 1439 4879 
4983: 4981 4986 
4984: 725 2498 2928 3761 
4985: 1261 3274 
4986: 4983 4989 
4987: 1946 2980 
4988: 1365 2594 
4989: 4986 4990 
4990: 4989 4991 
4991: 4990 4992 
4992: 4991 4993 
4993: 4992 
4994: 961 997 1140 3559 4886 
4995: 817 4446 
4996: 781 1024 4190 4698 
4997: 730 1412 
4998: 1067 4116 
4999: 3429 3489 4174 
41