0: 229 2960 4378 
1: 192 2588 4365 
2: 796 2523 3358 4703 
3: 1298 4072 
4: 1973 2351 4067 
5: 6 
6: 5 8 
7: 1223 1634 2199 2317 4333 
8: 6 9 
9: 8 13 247 
10: 418 3872 4766 4860 
11: 433 1612 3421 3904 
12: 43 1727 3033 3521 
13: 9 14 
14: 13 19 
15: 1481 3328 4506 
16: 1160 1605 2068 3856 4666 
17: 82 285 3101 3800 4586 
18: 727 2250 3080 3286 
19: 14 27 1010 
20: 845 1861 4229 4273 
21: 870 1773 2833 
22: 1147 1790 4240 
23: 651 921 
24: 1316 2012 3366 3473 
25: 1916 2492 2569 3136 4308 
26: 1179 1683 2553 
27: 19 29 
28: 1258 3833 
29: 27 30 
30: 29 34 
31: 608 3183 3395 3719 
32: 1916 2500 3291 3334 4502 
33: 567 1627 2089 2794 3274 
34: 30 35 
35: 34 36 
36: 35 37 
37: 36 42 
38: 62 1680 1749 1765 4619 
39: 250 1041 3807 
40: 368 1476 
41: 761 787 1873 4234 
42: 37 45 
43: 12 2252 3660 4517 
44: 125 205 1416 1638 
45: 42 49 
46: 1145 3057 
47: 1736 3038 
48: 2233 4365 
49: 45 53 
50: 386 1657 3511 4194 4842 
51: 1682 2605 3443 
52: 1231 2105 3844 
53: 49 55 
54: 462 945 1099 2869 4815 
55: 53 64 
56: 1543 1853 3580 3618 
57: 1006 4200 
58: 131 908 1512 2728 3634 
59: 1979 2013 3685 
60: 1002 1512 1952 4006 
61: 750 3556 3664 
62: 38 2127 4074 
63: 270 508 933 
64: 55 65 
65: 64 67 
66: 329 575 1584 2562 2641 
67: 65 69 
68: 259 2249 3839 
69: 67 71 
70: 309 804 889 2666 
71: 69 74 
72: 240 279 3478 
73: 363 1044 1101 1724 2678 
74: 71 76 
75: 1117 3807 3840 
76: 74 77 
77: 76 80 
78: 1731 2472 3820 4103 4607 
79: 1338 1806 2513 
80: 77 89 
81: 1257 4942 
82: 17 1101 2623 
83: 949 1064 4191 4220 
84: 488 2375 2700 3230 
85: 1823 4361 
86: 1026 2626 
87: 2084 2455 
88: 2075 3120 
89: 80 92 
90: 1606 1692 1855 2538 
91: 236 1636 2195 
92: 89 93 
93: 92 95 
94: 464 2527 2637 4392 4660 
95: 93 96 
96: 95 97 
97: 96 99 
98: 1709 3591 3830 3897 4021 
99: 97 100 
100: 99 103 
101: 2049 4844 
102: 823 1694 2443 4106 4754 
103: 100 105 
104: 126 230 3977 4899 
105: 103 109 
106: 994 1724 1931 2823 
107: 1255 1379 3787 
108: 1529 1836 2537 4386 
109: 105 110 
110: 109 111 
111: 110 113 
112: 198 1343 3101 
113: 111 114 
114: 113 115 
115: 114 117 
116: 1471 2531 4055 4963 
117: 115 120 
118: 806 2764 3144 
119: 4041 4139 
120: 117 121 
121: 120 122 
122: 121 123 
123: 122 124 
124: 123 128 
125: 44 217 2417 3632 3932 
126: 104 3086 3749 
127: 182 941 1334 3935 
128: 124 130 
129: 565 3847 4140 
130: 128 132 
131: 58 406 4038 4137 
132: 130 133 
133: 132 137 
134: 1099 2187 2478 3598 
135: 553 642 1880 3195 
136: 1054 3560 3834 4261 4952 
137: 133 141 
138: 2022 2119 3223 3268 
139: 607 1217 2245 3447 4939 
140: 508 2683 4273 
141: 137 144 
142: 339 1745 2577 4196 
143: 1081 1356 1512 2557 3134 
144: 141 145 
145: 144 149 
146: 2620 3642 4318 4369 
147: 1126 2644 3412 
148: 452 2216 2295 2357 
149: 145 151 
150: 201 2992 3449 
151: 149 153 
152: 463 2256 2639 4248 
153: 151 157 
154: 508 1162 2645 
155: 437 589 712 1911 4717 
156: 3247 3573 3985 4157 
157: 153 158 
158: 157 161 
159: 1365 2140 2725 
160: 417 1397 
161: 158 163 
162: 1766 2246 4184 
163: 161 168 
164: 497 1991 4537 4874 
165: 1708 3074 
166: 281 1421 2829 
167: 622 4516 
168: 163 169 
169: 168 170 
170: 169 173 
171: 219 3799 4136 
172: 1534 1923 
173: 170 176 
174: 4725 4995 
175: 1499 1640 1793 3056 4796 
176: 173 177 
177: 176 180 
178: 4271 4563 4665 
179: 1718 3577 3733 
180: 177 181 
181: 180 183 
182: 127 698 3930 
183: 181 184 
184: 183 187 
185: 2596 3563 4766 
186: 653 1089 3317 
187: 184 188 
188: 187 189 
189: 188 190 
190: 189 191 
191: 190 193 
192: 1 264 2591 3473 4937 
193: 191 195 
194: 3332 4643 
195: 193 197 
196: 2551 3225 4291 
197: 195 199 
198: 112 1059 1664 2937 
199: 197 202 
200: 1505 4055 4351 
201: 150 1946 2800 4785 
202: 199 207 
203: 2115 3532 
204: 4136 4561 
205: 44 2960 
206: 688 4232 
207: 202 209 
208: 299 2282 2799 
209: 207 211 
210: 1140 2023 3499 3694 4213 
211: 209 212 
212: 211 216 
213: 355 2620 3834 4009 4626 
214: 1500 3628 
215: 668 4242 
216: 212 218 
217: 125 386 
218: 216 221 
219: 171 3289 4358 
220: 701 1718 4607 
221: 218 223 
222: 916 2917 3495 
223: 221 225 
224: 2588 3893 4847 
225: 223 227 
226: 2387 4661 
227: 225 231 
228: 496 1636 4871 
229: 0 1281 1995 
230: 104 2292 3119 3942 
231: 227 233 
232: 2083 4085 4494 
233: 231 235 
234: 2839 4232 4343 
235: 233 237 
236: 91 1147 4096 4251 
237: 235 239 
238: 1788 4219 
239: 237 241 
240: 72 2183 4702 
241: 239 242 313 
242: 241 243 
243: 242 244 
244: 243 248 
245: 897 3168 4384 
246: 3408 4386 
247: 9 2623 2697 4788 4925 
248: 244 249 
249: 248 251 
250: 39 1577 2786 
251: 249 255 
252: 1793 4369 
253: 1612 2523 2822 
254: 2214 3107 3219 
255: 251 256 
256: 255 257 
257: 256 258 
258: 257 260 
259: 68 3073 
260: 258 261 
261: 260 263 
262: 1059 4254 4569 
263: 261 265 
264: 192 405 1673 2484 3220 
265: 263 266 
266: 265 267 
267: 266 269 
268: 535 1591 2495 
269: 267 274 
270: 63 2216 2693 3651 
271: 1572 1697 2487 2594 3844 
272: 1417 2639 4789 4916 
273: 3009 3429 4329 
274: 269 275 
275: 274 278 
276: 1952 2502 4099 
277: 1564 2727 4091 
278: 275 280 
279: 72 420 1210 3238 4153 
280: 278 282 
281: 166 2315 4702 
282: 280 284 
283: 372 2551 3557 4036 4895 
284: 282 287 
285: 17 1589 2835 3524 4560 
286: 817 2055 3134 4063 
287: 284 288 
288: 287 290 
289: 1151 1179 3101 4198 4625 
290: 288 291 
291: 290 292 
292: 291 293 
293: 292 296 
294: 1410 4204 4360 4842 
295: 434 1575 2064 
296: 293 297 
297: 296 300 
298: 910 1916 2351 2687 
299: 208 3189 3418 4788 
300: 297 302 
301: 2077 2123 3356 
302: 300 303 
303: 302 304 
304: 303 306 
305: 2384 2754 3800 4745 
306: 304 307 
307: 306 310 
308: 1548 2143 2194 3955 
309: 70 449 537 1102 1986 
310: 307 311 
311: 310 315 
312: 688 1666 2685 3196 
313: 241 2528 3332 4074 4843 
314: 3136 3856 
315: 311 317 
316: 568 1266 3259 3581 4346 
317: 315 318 
318: 317 319 
319: 318 320 
320: 319 321 
321: 320 323 
322: 1356 1364 
323: 321 324 
324: 323 325 
325: 324 326 
326: 325 327 
327: 326 330 
328: 1646 1716 2662 
329: 66 4021 4044 4947 
330: 327 331 
331: 330 332 
332: 331 333 
333: 332 336 2468 
334: 353 1436 2067 2964 
335: 997 1434 4679 
336: 333 338 
337: 1656 3402 3465 4050 
338: 336 340 
339: 142 2249 2966 4121 
340: 338 341 
341: 340 342 
342: 341 343 
343: 342 344 
344: 343 346 
345: 1005 1499 
346: 344 347 
347: 346 348 
348: 347 352 
349: 389 602 1500 4567 
350: 1640 1706 1947 2990 4373 
351: 2420 3378 
352: 348 356 
353: 334 574 721 4200 4470 
354: 1016 3755 3990 4318 4449 
355: 213 1053 3204 4778 
356: 352 357 
357: 356 359 
358: 1400 1946 2718 3650 3723 
359: 357 361 
360: 1175 3774 4861 
361: 359 362 
362: 361 364 
363: 73 2320 4974 
364: 362 366 
365: 1640 2821 3412 3431 
366: 364 367 
367: 366 369 
368: 40 3509 
369: 367 371 
370: 987 2551 
371: 369 375 
372: 283 1205 2094 3777 4189 
373: 1209 2724 4744 
374: 1098 2970 3958 
375: 371 376 
376: 375 378 
377: 1502 1701 2513 2790 3744 
378: 376 380 
379: 908 2531 3961 4006 
380: 378 381 
381: 380 385 
382: 1154 1244 2695 3218 4812 
383: 1634 3057 
384: 2441 2448 2581 3558 4755 
385: 381 387 
386: 50 217 1287 4039 
387: 385 388 
388: 387 390 
389: 349 455 1818 4800 
390: 388 394 
391: 647 1927 
392: 1131 2214 2600 2637 
393: 1679 2295 3171 3557 4044 
394: 390 395 
395: 394 396 
396: 395 400 
397: 1624 4831 
398: 2298 4598 
399: 761 1369 1874 2672 3614 
400: 396 403 
401: 626 2446 
402: 1690 3418 3486 4454 
403: 400 407 
404: 2192 2727 3534 4041 
405: 264 1450 4586 
406: 131 4077 
407: 403 408 
408: 407 409 
409: 408 411 
410: 515 1445 2049 2390 4678 
411: 409 412 
412: 411 413 
413: 412 415 
414: 2105 2637 3429 
415: 413 426 
416: 4065 4212 
417: 160 2220 3396 
418: 10 1474 
419: 1448 3061 
420: 279 2112 2430 3592 
421: 3357 4117 4304 
422: 1611 2396 
423: 1921 2183 2615 2793 
424: 1855 1915 4691 
425: 2786 4431 4821 4972 
426: 415 427 
427: 426 429 
428: 2960 4096 4528 
429: 427 430 
430: 429 432 
431: 572 1591 3175 
432: 430 435 
433: 11 2112 3074 
434: 295 470 545 2055 
435: 432 438 
436: 1394 1703 4097 4287 
437: 155 3981 4491 
438: 435 439 
439: 438 442 
440: 2936 4907 
441: 1024 3836 
442: 439 443 
443: 442 444 
444: 443 446 
445: 488 1549 1706 2462 
446: 444 447 
447: 446 448 
448: 447 451 
449: 309 2618 2953 3132 
450: 494 2012 2862 3961 4412 
451: 448 454 
452: 148 1356 4339 4688 4812 
453: 3328 3942 
454: 451 457 
455: 389 3114 
456: 1672 2083 2546 3685 
457: 454 461 
458: 496 1697 2667 3253 4727 
459: 781 1782 1809 
460: 1482 2325 
461: 457 466 
462: 54 504 823 2204 3289 
463: 152 1824 
464: 94 2014 4623 
465: 3085 4899 
466: 461 469 
467: 1543 1649 2324 
468: 1836 2984 
469: 466 472 
470: 434 3007 
471: 833 1804 2702 3519 
472: 469 475 
473: 1789 4253 
474: 2323 2463 3839 
475: 472 476 
476: 475 478 
477: 978 1627 1690 
478: 476 479 
479: 478 480 
480: 479 481 
481: 480 484 
482: 497 1231 1398 4002 4173 
483: 663 1172 2414 3615 4255 
484: 481 485 
485: 484 489 
486: 2764 4073 4205 4883 
487: 492 1127 1921 2769 
488: 84 445 4995 
489: 485 490 
490: 489 491 
491: 490 495 
492: 487 2144 
493: 575 3382 4125 
494: 450 4860 4914 
495: 491 498 
496: 228 458 1160 2459 
497: 164 482 4694 
498: 495 501 
499: 1044 1101 2632 4208 
500: 3127 3733 
501: 498 502 
502: 501 503 
503: 502 505 
504: 462 784 3220 3233 4506 
505: 503 506 
506: 505 509 
507: 2684 2802 3540 
508: 63 140 154 3576 
509: 506 511 
510: 1481 2620 3896 
511: 509 512 3868 
512: 511 514 
513: 1563 2410 4135 4211 
514: 512 519 
515: 410 1913 1968 2743 
516: 1277 2315 2363 
517: 2196 2202 2342 3726 4172 
518: 1050 2112 2201 3768 
519: 514 521 
520: 588 4159 
521: 519 522 
522: 521 523 
523: 522 524 
524: 523 526 
525: 1794 2072 3702 4333 
526: 524 527 
527: 526 528 
528: 527 529 
529: 528 531 
530: 1683 3239 
531: 529 536 
532: 2688 3677 
533: 3130 3876 
534: 1471 2199 2803 
535: 268 861 4976 
536: 531 538 
537: 309 1056 4467 4943 
538: 536 540 
539: 810 2112 2964 
540: 538 541 3041 
541: 540 542 
542: 541 546 
543: 1693 2600 3719 3940 3953 
544: 1188 2247 2986 3588 
545: 434 2116 2483 4625 
546: 542 547 
547: 546 548 
548: 547 550 
549: 1264 2277 
550: 548 551 
551: 550 552 
552: 551 554 
553: 135 1253 3622 
554: 552 556 
555: 1102 1104 3196 4719 
556: 554 561 
557: 722 2123 3192 
558: 581 3376 4208 
559: 1337 2113 
560: 702 3141 3221 4632 
561: 556 562 
562: 561 563 
563: 562 566 
564: 3304 3646 
565: 129 961 1159 3483 4509 
566: 563 569 
567: 33 1682 1845 4118 4342 
568: 316 2197 3978 4130 
569: 566 571 
570: 867 2067 2666 
571: 569 573 
572: 431 1039 1968 3783 
573: 571 576 
574: 353 3089 
575: 66 493 1835 
576: 573 577 
577: 576 578 
578: 577 579 
579: 578 583 
580: 1102 2459 3222 4379 
581: 558 810 2012 2714 4041 
582: 1913 2353 2400 3535 4308 
583: 579 584 3198 
584: 583 585 
585: 584 590 
586: 1995 2163 3924 
587: 2148 2390 2567 
588: 520 1734 2398 
589: 155 1325 3707 
590: 585 591 
591: 590 593 
592: 3840 4187 
593: 591 594 
594: 593 595 
595: 594 596 
596: 595 599 
597: 3777 4421 
598: 1190 3149 4221 
599: 596 600 
600: 599 601 
601: 600 603 
602: 349 1206 2737 2935 3259 
603: 601 604 
604: 603 605 
605: 604 606 
606: 605 609 
607: 139 957 1969 2501 
608: 31 1907 2576 3252 4061 
609: 606 611 
610: 1478 3614 
611: 609 612 
612: 611 613 
613: 612 614 
614: 613 615 
615: 614 616 
616: 615 623 
617: 939 3868 
618: 1594 2380 
619: 861 2112 2504 4869 
620: 2114 3191 3377 
621: 1234 1406 3856 4973 
622: 167 1295 3190 
623: 616 627 
624: 1874 2996 4694 
625: 2323 2708 3305 4843 
626: 401 1316 1871 2298 4135 
627: 623 628 
628: 627 629 
629: 628 630 
630: 629 631 
631: 630 633 
632: 1001 3999 4866 
633: 631 634 
634: 633 635 
635: 634 636 
636: 635 638 
637: 787 874 1098 4200 4516 
638: 636 639 
639: 638 640 
640: 639 641 
641: 640 644 
642: 135 988 997 3185 
643: 2559 3365 
644: 641 645 
645: 644 646 
646: 645 648 
647: 391 2973 4778 
648: 646 650 
649: 3025 4612 
650: 648 652 
651: 23 1583 2147 
652: 650 654 
653: 186 4786 
654: 652 656 
655: 1235 2838 3905 
656: 654 657 
657: 656 659 
658: 1427 2077 
659: 657 661 
660: 899 1525 2412 2683 
661: 659 666 
662: 1397 2996 4555 
663: 483 1993 3778 4979 
664: 1255 2908 4613 
665: 2054 2966 3041 
666: 661 670 
667: 1176 1736 
668: 215 2693 4414 
669: 1205 1248 2191 2591 4741 
670: 666 671 
671: 670 676 
672: 2531 3694 4900 
673: 4033 4937 
674: 1658 2502 2935 4450 
675: 774 2226 4645 
676: 671 677 
677: 676 678 
678: 677 679 
679: 678 681 
680: 2193 2578 
681: 679 684 
682: 1320 2493 2808 
683: 4187 4727 4995 
684: 681 687 
685: 1229 1701 3022 4426 4687 
686: 1259 1573 4793 
687: 684 689 
688: 206 312 2856 3838 
689: 687 692 
690: 2666 4226 
691: 3159 3199 3532 3899 
692: 689 694 
693: 1116 1427 1718 3687 
694: 692 695 
695: 694 696 
696: 695 699 
697: 908 1405 3903 4485 
698: 182 2053 2834 
699: 696 702 
700: 2888 4239 4799 
701: 220 863 1506 2286 2287 
702: 560 699 703 
703: 702 706 
704: 950 1270 1303 3262 
705: 811 3917 
706: 703 707 
707: 706 709 
708: 1452 2679 3055 3078 
709: 707 711 
710: 1417 2301 2398 2404 4339 
711: 709 714 
712: 155 3581 4754 
713: 2856 3483 4200 
714: 711 716 
715: 1293 3952 
716: 714 718 
717: 2494 4331 4856 
718: 716 719 
719: 718 720 
720: 719 723 
721: 353 1952 2579 3933 
722: 557 1869 2714 
723: 720 724 
724: 723 726 
725: 2650 2988 3319 
726: 724 728 
727: 18 2915 3349 
728: 726 731 
729: 1274 1704 2802 
730: 1299 4958 
731: 728 733 
732: 1945 2213 3933 
733: 731 735 
734: 772 3844 4216 4743 
735: 733 736 
736: 735 737 
737: 736 738 
738: 737 740 
739: 2396 3744 4689 4717 
740: 738 741 
741: 740 742 
742: 741 743 
743: 742 745 
744: 1568 1770 3651 
745: 743 746 
746: 745 747 
747: 746 748 
748: 747 749 
749: 748 753 
750: 61 990 4759 
751: 885 1099 1274 4392 4522 
752: 1658 2013 4592 
753: 749 756 
754: 2490 3285 4858 
755: 759 2816 3227 
756: 753 757 
757: 756 758 
758: 757 762 
759: 755 1031 1198 3169 3561 
760: 1994 4493 
761: 41 399 1871 
762: 758 763 
763: 762 764 
764: 763 767 
765: 1707 2698 2876 3130 
766: 3632 3783 4058 
767: 764 769 
768: 2323 4160 4588 4669 
769: 767 770 2001 
770: 769 775 
771: 1824 1975 
772: 734 1861 2543 2979 3481 
773: 926 1116 2077 3168 3735 
774: 675 1770 2114 3894 
775: 770 777 
776: 1496 4866 
777: 775 780 
778: 2460 4091 4562 4619 
779: 1452 1700 3055 
780: 777 786 
781: 459 2805 3682 
782: 2539 2780 3995 
783: 1993 2167 2192 2979 3376 
784: 504 3208 3401 
785: 3476 3748 3863 
786: 780 788 
787: 41 637 2142 3378 3601 
788: 786 791 
789: 1101 2780 3508 
790: 1870 2611 4992 
791: 788 792 
792: 791 794 
793: 1421 1542 2220 
794: 792 795 
795: 794 798 
796: 2 1416 2687 3083 
797: 2146 3772 3844 
798: 795 799 
799: 798 807 
800: 1565 2957 3574 
801: 2317 2803 
802: 835 850 3537 
803: 1041 1294 1935 3268 
804: 70 1380 3836 3883 4122 
805: 1421 2238 2308 3339 4376 
806: 118 1811 3232 4305 
807: 799 808 
808: 807 812 
809: 1260 2281 2630 
810: 539 581 1175 3081 4139 
811: 705 2494 
812: 808 813 
813: 812 814 
814: 813 815 
815: 814 822 
816: 2567 2861 
817: 286 1037 
818: 2556 3675 
819: 2202 2695 
820: 1216 1686 1942 4167 4534 
821: 2158 4535 
822: 815 826 
823: 102 462 2359 3229 4344 
824: 1235 1993 2077 3496 3611 
825: 2196 2252 4603 
826: 822 827 
827: 826 828 
828: 827 829 
829: 828 831 
830: 3120 3269 4044 4729 
831: 829 832 
832: 831 836 
833: 471 3167 
834: 1317 1927 1986 2066 3527 
835: 802 1860 4024 4138 
836: 832 837 
837: 836 838 
838: 837 839 
839: 838 842 
840: 851 2916 
841: 2211 3450 
842: 839 843 
843: 842 847 
844: 1949 2461 2676 3455 
845: 20 2916 3658 4091 
846: 1083 2805 4371 
847: 843 848 
848: 847 855 
849: 950 2640 2923 3051 
850: 802 1277 1925 4360 
851: 840 2255 2835 
852: 4320 4813 
853: 2187 3916 4327 
854: 1791 2479 3431 
855: 848 856 
856: 855 857 
857: 856 859 
858: 1111 2665 3519 
859: 857 860 
860: 859 865 
861: 535 619 874 1860 3552 
862: 923 3281 
863: 701 1153 3234 
864: 3603 3658 
865: 860 866 
866: 865 868 
867: 570 3796 4331 
868: 866 871 
869: 1075 1161 3140 4689 
870: 21 1436 2014 
871: 868 872 
872: 871 873 
873: 872 875 
874: 637 861 2075 2467 
875: 873 878 
876: 2612 4574 
877: 1629 2091 2521 4794 
878: 875 879 
879: 878 880 
880: 879 881 
881: 880 883 
882: 1288 2823 4676 4873 
883: 881 888 
884: 3521 4379 4509 
885: 751 1159 1288 2826 
886: 1070 1966 2387 
887: 1020 1268 3429 4009 4393 
888: 883 890 
889: 70 1143 3876 
890: 888 894 
891: 1002 1789 
892: 1470 2143 4976 
893: 1257 1908 3707 
894: 890 895 
895: 894 896 
896: 895 898 2324 
897: 245 1631 1740 2682 4676 
898: 896 902 
899: 660 2945 4235 
900: 1254 1458 4204 
901: 1150 3165 
902: 898 903 
903: 902 904 
904: 903 905 
905: 904 906 
906: 905 907 
907: 906 909 
908: 58 379 697 2116 3979 
909: 907 913 
910: 298 1925 4128 4438 
911: 2238 2421 2543 3084 3427 
912: 1836 1923 2361 4574 4672 
913: 909 917 
914: 2558 3396 3515 3788 4992 
915: 1341 4237 4514 4924 
916: 222 994 2154 
917: 913 918 
918: 917 919 
919: 918 920 
920: 919 922 
921: 23 997 4472 
922: 920 927 
923: 862 1294 
924: 1695 1835 2693 
925: 3641 4744 
926: 773 3018 
927: 922 928 
928: 927 930 
929: 1219 1565 1679 2532 4150 
930: 928 932 
931: 1240 3651 3917 4269 
932: 930 934 
933: 63 4331 
934: 932 935 
935: 934 936 
936: 935 937 
937: 936 938 
938: 937 940 
939: 617 2282 4821 
940: 938 942 
941: 127 2847 3839 4373 
942: 940 943 
943: 942 944 
944: 943 946 
945: 54 2469 3533 4103 4269 
946: 944 952 
947: 1911 3247 3379 4790 
948: 2945 3962 4489 
949: 83 2100 2909 4194 
950: 704 849 1379 2400 
951: 1434 2064 4978 
952: 946 953 
953: 952 954 
954: 953 955 
955: 954 956 
956: 955 959 
957: 607 1409 3159 3758 4207 
958: 2092 2511 3694 
959: 956 964 
960: 1299 2311 3881 
961: 565 4468 
962: 1039 4241 4759 
963: 1502 1693 1854 3500 
964: 959 965 
965: 964 967 
966: 1201 3159 3884 4412 
967: 965 969 
968: 1048 2171 2683 3924 
969: 967 970 
970: 969 971 
971: 970 972 
972: 971 973 
973: 972 975 
974: 1031 2191 3294 3318 3682 
975: 973 976 
976: 975 979 
977: 3563 3677 3924 
978: 477 1869 2281 
979: 976 981 
980: 1177 1506 2384 4829 
981: 979 982 
982: 981 983 
983: 982 984 
984: 983 989 
985: 1973 2639 
986: 2967 3059 4188 
987: 370 3346 3976 4050 
988: 642 2990 3358 3364 4725 
989: 984 991 
990: 750 1922 3371 4002 
991: 989 992 
992: 991 993 
993: 992 995 
994: 106 916 1002 1053 3897 
995: 993 996 
996: 995 998 
997: 335 642 921 1659 3883 
998: 996 999 
999: 998 1000 
1000: 999 1003 
1001: 632 1322 2891 3304 
1002: 60 891 994 1090 4013 
1003: 1000 1007 
1004: 2978 3233 
1005: 345 1812 4227 
1006: 57 3556 
1007: 1003 1008 
1008: 1007 1009 3416 
1009: 1008 1011 
1010: 19 1021 1860 2056 3883 
1011: 1009 1013 
1012: 1087 2521 3210 4924 
1013: 1011 1014 
1014: 1013 1017 
1015: 2643 3085 3119 3226 4637 
1016: 354 2163 3535 
1017: 1014 1019 
1018: 2006 2515 2839 4623 
1019: 1017 1029 
1020: 887 1064 3289 3307 4574 
1021: 1010 2441 2513 4400 
1022: 2441 2508 4582 4703 
1023: 2100 2342 4065 4844 
1024: 441 1565 
1025: 1201 1434 1872 3459 
1026: 86 2089 2652 4271 4611 
1027: 1151 1987 2252 2313 4372 
1028: 1259 1404 3677 
1029: 1019 1030 
1030: 1029 1032 
1031: 759 974 2030 2032 2652 
1032: 1030 1033 
1033: 1032 1034 
1034: 1033 1036 
1035: 2075 2630 4112 
1036: 1034 1038 
1037: 817 1422 2036 3467 
1038: 1036 1040 
1039: 572 962 1814 3958 
1040: 1038 1042 
1041: 39 803 
1042: 1040 1043 
1043: 1042 1045 1263 
1044: 73 499 1099 1806 2562 
1045: 1043 1046 
1046: 1045 1047 
1047: 1046 1049 
1048: 968 1429 2056 4686 
1049: 1047 1052 
1050: 518 2302 
1051: 1274 4044 4239 
1052: 1049 1055 
1053: 355 994 1687 3103 4879 
1054: 136 2245 2708 3701 4224 
1055: 1052 1057 
1056: 537 1817 2295 4815 
1057: 1055 1058 
1058: 1057 1061 
1059: 198 262 3114 
1060: 3416 4191 4562 
1061: 1058 1062 
1062: 1061 1063 
1063: 1062 1065 
1064: 83 1020 
1065: 1063 1067 
1066: 1863 1926 2397 2682 
1067: 1065 1068 
1068: 1067 1069 
1069: 1068 1072 
1070: 886 1584 4851 
1071: 2697 2754 4343 4660 
1072: 1069 1073 
1073: 1072 1076 
1074: 1498 3017 
1075: 869 3647 4445 
1076: 1073 1078 
1077: 1817 1926 2216 3045 
1078: 1076 1079 
1079: 1078 1080 
1080: 1079 1084 
1081: 143 4676 
1082: 1593 1866 4837 
1083: 846 1962 2622 2936 4489 
1084: 1080 1086 
1085: 2155 2184 4245 4794 
1086: 1084 1088 
1087: 1012 2584 3382 
1088: 1086 1094 
1089: 186 4055 
1090: 1002 4537 4893 
1091: 2702 4438 
1092: 1412 1987 1996 4199 
1093: 1630 1755 2087 2342 3498 
1094: 1088 1095 
1095: 1094 1096 
1096: 1095 1100 
1097: 1172 1234 1918 3509 4872 
1098: 374 637 2746 4285 4688 
1099: 54 134 751 1044 
1100: 1096 1103 
1101: 73 82 499 789 1525 
1102: 309 555 580 3817 4877 
1103: 1100 1105 
1104: 555 3536 4140 
1105: 1103 1106 
1106: 1105 1108 
1107: 2000 2471 3343 
1108: 1106 1109 
1109: 1108 1112 
1110: 1347 1485 2816 4216 
1111: 858 3048 3909 
1112: 1109 1113 
1113: 1112 1114 
1114: 1113 1115 
1115: 1114 1118 
1116: 693 773 3791 4513 
1117: 75 1416 3702 
1118: 1115 1120 
1119: 2589 2829 3286 4308 
1120: 1118 1121 
1121: 1120 1122 
1122: 1121 1123 
1123: 1122 1124 
1124: 1123 1125 
1125: 1124 1128 
1126: 147 1922 
1127: 487 3155 
1128: 1125 1129 
1129: 1128 1132 
1130: 1210 1859 3662 4841 
1131: 392 1406 2058 
1132: 1129 1133 
1133: 1132 1136 
1134: 3230 4250 
1135: 1284 2624 
1136: 1133 1137 
1137: 1136 1138 
1138: 1137 1142 
1139: 2317 4226 4776 
1140: 210 2258 2833 3023 3378 
1141: 2226 3517 3934 4565 
1142: 1138 1143 
1143: 889 1142 1144 
1144: 1143 1146 
1145: 46 1343 2703 
1146: 1144 1149 
1147: 22 236 3332 4208 
1148: 3177 3942 
1149: 1146 1152 
1150: 901 1635 2207 
1151: 289 1027 2339 3357 3921 
1152: 1149 1155 
1153: 863 1799 
1154: 382 3199 3423 
1155: 1152 1156 
1156: 1155 1157 
1157: 1156 1158 
1158: 1157 1163 
1159: 565 885 1192 2655 3367 
1160: 16 496 2159 
1161: 869 1232 3928 4954 
1162: 154 3468 
1163: 1158 1164 
1164: 1163 1165 
1165: 1164 1166 
1166: 1165 1167 
1167: 1166 1168 
1168: 1167 1169 
1169: 1168 1170 
1170: 1169 1174 
1171: 2665 3334 4781 
1172: 483 1097 1259 1568 4075 
1173: 2809 4566 4851 
1174: 1170 1178 
1175: 360 810 2446 4036 4230 
1176: 667 1822 2533 3527 
1177: 980 1606 
1178: 1174 1180 
1179: 26 289 3501 3576 4333 
1180: 1178 1181 
1181: 1180 1182 
1182: 1181 1183 
1183: 1182 1184 
1184: 1183 1185 
1185: 1184 1187 
1186: 1503 1620 2167 2769 4454 
1187: 1185 1189 
1188: 544 2343 2527 4183 4220 
1189: 1187 1193 
1190: 598 1785 2187 3365 3391 
1191: 1635 2387 3526 
1192: 1159 1885 3066 
1193: 1189 1194 
1194: 1193 1195 
1195: 1194 1196 
1196: 1195 1197 
1197: 1196 1199 
1198: 759 2828 
1199: 1197 1202 
1200: 1379 2908 3220 4764 
1201: 966 1025 2061 4131 
1202: 1199 1203 
1203: 1202 1204 
1204: 1203 1207 
1205: 372 669 2003 
1206: 602 1707 1932 2274 2778 
1207: 1204 1208 
1208: 1207 1212 
1209: 373 2328 
1210: 279 1130 3262 
1211: 1836 4414 
1212: 1208 1213 
1213: 1212 1214 
1214: 1213 1215 
1215: 1214 1218 
1216: 820 2323 2349 2779 4309 
1217: 139 2074 3596 3786 
1218: 1215 1220 
1219: 929 2539 
1220: 1218 1221 
1221: 1220 1222 
1222: 1221 1224 
1223: 7 2700 4236 
1224: 1222 1225 
1225: 1224 1228 
1226: 1325 3486 3866 
1227: 2710 3015 
1228: 1225 1230 
1229: 685 2228 
1230: 1228 1233 
1231: 52 482 3757 4063 
1232: 1161 1802 2447 
1233: 1230 1236 
1234: 621 1097 1766 1867 3452 
1235: 655 824 3884 4449 
1236: 1233 1237 
1237: 1236 1241 
1238: 3148 3418 
1239: 2614 2655 3851 4246 4943 
1240: 931 2553 
1241: 1237 1242 
1242: 1241 1243 
1243: 1242 1245 
1244: 382 2068 2685 
1245: 1243 1246 
1246: 1245 1247 
1247: 1246 1249 
1248: 669 2328 4328 
1249: 1247 1250 
1250: 1249 1251 
1251: 1250 1252 2506 
1252: 1251 1261 
1253: 553 2108 2865 
1254: 900 3065 3450 
1255: 107 664 1790 2933 
1256: 2123 2537 4879 
1257: 81 893 1866 2171 2335 
1258: 28 3430 
1259: 686 1028 1172 2207 3508 
1260: 809 2679 3357 4342 4572 
1261: 1252 1262 
1262: 1261 1267 
1263: 1043 1376 2461 2646 3253 
1264: 549 4096 
1265: 2194 2656 3761 
1266: 316 2743 4294 4666 
1267: 1262 1272 
1268: 887 4324 4669 4936 4947 
1269: 1948 3051 3634 4513 
1270: 704 1916 2835 
1271: 1369 2469 3925 
1272: 1267 1273 
1273: 1272 1276 
1274: 729 751 1051 
1275: 2426 2953 
1276: 1273 1278 
1277: 516 850 2923 3687 
1278: 1276 1279 
1279: 1278 1280 
1280: 1279 1282 
1281: 229 1403 1966 2479 
1282: 1280 1285 
1283: 2072 3440 3509 3851 
1284: 1135 1546 4354 
1285: 1282 1289 
1286: 1635 2591 3279 3391 3654 
1287: 386 3872 4547 
1288: 882 885 2546 3687 4009 
1289: 1285 1290 
1290: 1289 1291 
1291: 1290 1292 
1292: 1291 1296 
1293: 715 1450 2873 
1294: 803 923 
1295: 622 2820 
1296: 1292 1300 
1297: 1991 2446 3225 4833 
1298: 3 4705 
1299: 730 960 
1300: 1296 1301 
1301: 1300 1302 
1302: 1301 1304 
1303: 704 1632 2543 3045 4941 
1304: 1302 1306 
1305: 3103 4400 
1306: 1304 1307 
1307: 1306 1308 
1308: 1307 1309 
1309: 1308 1310 2912 
1310: 1309 1311 
1311: 1310 1312 
1312: 1311 1313 
1313: 1312 1314 
1314: 1313 1315 
1315: 1314 1321 
1316: 24 626 2365 
1317: 834 3598 
1318: 2029 4239 4456 
1319: 1411 4138 4342 
1320: 682 3422 3476 
1321: 1315 1324 
1322: 1001 4172 4616 
1323: 3963 4165 
1324: 1321 1326 
1325: 589 1226 
1326: 1324 1327 
1327: 1326 1328 
1328: 1327 1329 
1329: 1328 1330 
1330: 1329 1331 
1331: 1330 1332 
1332: 1331 1336 
1333: 3379 3515 3576 
1334: 127 1515 4378 
1335: 3547 3771 4386 
1336: 1332 1339 
1337: 559 2164 2218 4929 
1338: 79 2204 2397 2521 
1339: 1336 1340 
1340: 1339 1342 
1341: 915 1545 1624 1659 3200 
1342: 1340 1344 
1343: 112 1145 2931 3942 4616 
1344: 1342 1345 
1345: 1344 1346 
1346: 1345 1348 
1347: 1110 1574 3185 3807 
1348: 1346 1350 
1349: 3136 3343 4353 4603 
1350: 1348 1352 
1351: 2421 2468 2986 
1352: 1350 1353 
1353: 1352 1355 
1354: 2083 3914 
1355: 1353 1357 
1356: 143 322 452 3144 
1357: 1355 1358 
1358: 1357 1359 
1359: 1358 1360 
1360: 1359 1361 
1361: 1360 1366 
1362: 2430 2503 4021 
1363: 2805 3212 3585 4137 
1364: 322 3585 3611 
1365: 159 3564 
1366: 1361 1367 
1367: 1366 1373 
1368: 1765 1832 3153 3966 4769 
1369: 399 1271 2016 3185 
1370: 1861 3040 4237 
1371: 2406 4790 
1372: 1717 3884 4189 
1373: 1367 1374 
1374: 1373 1375 
1375: 1374 1377 
1376: 1263 3882 
1377: 1375 1381 
1378: 1624 1745 4379 
1379: 107 950 1200 4853 
1380: 804 2007 2780 3407 
1381: 1377 1382 
1382: 1381 1383 
1383: 1382 1384 
1384: 1383 1386 
1385: 1762 2218 2608 3963 4470 
1386: 1384 1387 
1387: 1386 1389 
1388: 1620 2770 3391 3467 4297 
1389: 1387 1390 
1390: 1389 1391 
1391: 1390 1393 
1392: 1654 3097 
1393: 1391 1402 
1394: 436 1575 2501 3111 
1395: 1728 3091 3320 
1396: 1736 2847 3660 4491 4909 
1397: 160 662 3066 3192 
1398: 482 1568 3476 4775 
1399: 1539 3464 4038 4285 
1400: 358 1657 3950 
1401: 2030 4208 4245 
1402: 1393 1408 
1403: 1281 1593 
1404: 1028 3484 
1405: 697 2493 3995 4052 4255 
1406: 621 1131 3896 
1407: 2700 3791 4173 
1408: 1402 1413 
1409: 957 2345 2404 2869 3641 
1410: 294 2007 2092 3533 3787 
1411: 1319 2733 3269 3766 4598 
1412: 1092 3105 3511 
1413: 1408 1414 
1414: 1413 1415 
1415: 1414 1418 
1416: 44 796 1117 
1417: 272 710 3558 4886 
1418: 1415 1419 
1419: 1418 1422 
1420: 1611 3673 4036 
1421: 166 793 805 2551 3179 
1422: 1037 1419 1423 
1423: 1422 1424 
1424: 1423 1425 
1425: 1424 1430 
1426: 1878 2353 4302 
1427: 658 693 
1428: 3681 4714 
1429: 1048 2695 3535 
1430: 1425 1431 
1431: 1430 1432 
1432: 1431 1437 
1433: 1786 1945 2506 
1434: 335 951 1025 4613 
1435: 1745 1924 3580 4869 
1436: 334 870 3223 
1437: 1432 1439 
1438: 3196 4515 
1439: 1437 1441 
1440: 2699 3105 4125 4733 
1441: 1439 1442 
1442: 1441 1443 
1443: 1442 1444 
1444: 1443 1447 
1445: 410 1698 4264 4645 4752 
1446: 2469 2794 3460 3654 
1447: 1444 1449 
1448: 419 3023 
1449: 1447 1451 
1450: 405 1293 4059 
1451: 1449 1453 
1452: 708 779 2240 
1453: 1451 1454 
1454: 1453 1455 
1455: 1454 1456 
1456: 1455 1459 
1457: 1492 2323 2653 3448 3673 
1458: 900 2342 3324 
1459: 1456 1460 
1460: 1459 1461 
1461: 1460 1463 
1462: 3281 3625 
1463: 1461 1464 
1464: 1463 1465 
1465: 1464 1467 
1466: 2252 3002 
1467: 1465 1468 
1468: 1467 1469 
1469: 1468 1472 
1470: 892 2626 
1471: 116 534 
1472: 1469 1473 
1473: 1472 1475 
1474: 418 2444 2569 3772 
1475: 1473 1479 
1476: 40 2256 3221 3993 4227 
1477: 1777 1837 2912 
1478: 610 4360 
1479: 1475 1480 
1480: 1479 1483 4468 
1481: 15 510 1589 1728 2946 
1482: 460 3208 4320 
1483: 1480 1484 
1484: 1483 1487 
1485: 1110 2421 3332 4369 4730 
1486: 2404 2469 3450 
1487: 1484 1489 
1488: 2529 2699 3059 3233 4979 
1489: 1487 1490 
1490: 1489 1491 
1491: 1490 1493 
1492: 1457 2350 4396 
1493: 1491 1494 
1494: 1493 1495 
1495: 1494 1501 
1496: 776 2916 3628 4013 4679 
1497: 3082 3844 
1498: 1074 2794 4240 
1499: 175 345 4679 
1500: 214 349 
1501: 1495 1507 
1502: 377 963 1813 2921 4995 
1503: 1186 1782 2696 3478 4456 
1504: 1949 3055 3561 4092 4165 
1505: 200 4073 
1506: 701 980 2519 3370 3618 
1507: 1501 1510 
1508: 2990 3019 3333 3850 3999 
1509: 3478 4203 4491 
1510: 1507 1511 
1511: 1510 1514 
1512: 58 60 143 3015 4230 
1513: 1947 2687 3330 4874 4958 
1514: 1511 1517 
1515: 1334 3043 4558 4843 4895 
1516: 1866 2183 2886 
1517: 1514 1518 
1518: 1517 1520 
1519: 2623 3256 
1520: 1518 1521 
1521: 1520 1522 
1522: 1521 1524 
1523: 4218 4255 
1524: 1522 1526 
1525: 660 1101 2179 2470 3136 
1526: 1524 1527 
1527: 1526 1528 
1528: 1527 1530 
1529: 108 2032 
1530: 1528 1531 
1531: 1530 1532 
1532: 1531 1533 
1533: 1532 1535 
1534: 172 3596 
1535: 1533 1536 
1536: 1535 1538 
1537: 2054 3573 4485 4764 
1538: 1536 1540 
1539: 1399 2696 3584 
1540: 1538 1541 
1541: 1540 1544 
1542: 793 2068 2532 3065 4367 
1543: 56 467 3427 3747 4383 
1544: 1541 1547 
1545: 1341 2899 3712 
1546: 1284 1726 2100 2603 4973 
1547: 1544 1551 
1548: 308 3787 4212 
1549: 445 3966 4236 
1550: 2477 2632 3229 4712 
1551: 1547 1552 
1552: 1551 1554 
1553: 3156 3601 
1554: 1552 1555 
1555: 1554 1557 
1556: 2789 3466 3615 3945 
1557: 1555 1558 
1558: 1557 1559 
1559: 1558 1560 
1560: 1559 1561 
1561: 1560 1562 
1562: 1561 1566 
1563: 513 4516 4954 
1564: 277 2529 2876 
1565: 800 929 1024 1817 4613 
1566: 1562 1569 
1567: 2835 2913 
1568: 744 1172 1398 3440 
1569: 1566 1570 
1570: 1569 1571 
1571: 1570 1576 
1572: 271 1600 4669 4691 
1573: 686 1909 3778 4226 
1574: 1347 3007 3547 
1575: 295 1394 
1576: 1571 1578 
1577: 250 3430 4358 
1578: 1576 1580 
1579: 3357 3416 
1580: 1578 1581 
1581: 1580 1586 
1582: 2136 3771 4433 
1583: 651 4351 4785 
1584: 66 1070 2117 2320 
1585: 1697 2193 
1586: 1581 1587 
1587: 1586 1588 
1588: 1587 1590 
1589: 285 1481 3346 4797 
1590: 1588 1592 
1591: 268 431 2410 2652 3805 
1592: 1590 1595 
1593: 1082 1403 1814 3344 3391 
1594: 618 2653 3516 4754 
1595: 1592 1596 
1596: 1595 1597 
1597: 1596 1598 
1598: 1597 1599 
1599: 1598 1601 
1600: 1572 2059 4572 
1601: 1599 1602 
1602: 1601 1603 
1603: 1602 1604 
1604: 1603 1607 
1605: 16 3407 4229 
1606: 90 1177 2678 2873 
1607: 1604 1608 
1608: 1607 1609 
1609: 1608 1610 
1610: 1609 1613 
1611: 422 1420 3591 
1612: 11 253 2497 3255 3959 
1613: 1610 1614 
1614: 1613 1615 
1615: 1614 1616 
1616: 1615 1617 
1617: 1616 1618 
1618: 1617 1619 
1619: 1618 1621 
1620: 1186 1388 1946 2557 3726 
1621: 1619 1622 
1622: 1621 1626 3007 
1623: 2689 4333 4877 
1624: 397 1341 1378 2502 4253 
1625: 2769 2906 2912 
1626: 1622 1633 
1627: 33 477 1947 3464 3603 
1628: 2036 3977 
1629: 877 4725 4947 
1630: 1093 2208 4521 
1631: 897 4586 
1632: 1303 1726 2339 4438 4856 
1633: 1626 1637 
1634: 7 383 4696 
1635: 1150 1191 1286 1652 4920 
1636: 91 228 2317 3610 
1637: 1633 1641 
1638: 44 2231 2277 3142 3699 
1639: 2589 2986 3935 
1640: 175 350 365 1688 3941 
1641: 1637 1644 
1642: 2588 2622 2640 3325 4067 
1643: 1922 3625 3829 
1644: 1641 1645 
1645: 1644 1647 
1646: 328 2577 3744 
1647: 1645 1650 
1648: 1655 2920 3326 3855 4841 
1649: 467 3958 4469 
1650: 1647 1651 
1651: 1650 1653 
1652: 1635 2091 2231 2945 4970 
1653: 1651 1660 
1654: 1392 4122 
1655: 1648 2461 3735 4198 4280 
1656: 337 2503 3342 
1657: 50 1400 3820 3889 4729 
1658: 674 752 4377 4984 
1659: 997 1341 2615 2785 
1660: 1653 1661 
1661: 1660 1662 
1662: 1661 1663 
1663: 1662 1665 
1664: 198 3676 3700 4948 
1665: 1663 1667 
1666: 312 2466 2910 4537 
1667: 1665 1668 
1668: 1667 1669 
1669: 1668 1670 
1670: 1669 1671 
1671: 1670 1674 
1672: 456 1701 4024 4353 
1673: 264 1863 2710 3284 3603 
1674: 1671 1675 
1675: 1674 1676 
1676: 1675 1677 
1677: 1676 1678 
1678: 1677 1681 
1679: 393 929 2400 4573 
1680: 38 2596 3991 
1681: 1678 1684 
1682: 51 567 2745 4172 
1683: 26 530 1962 2828 3134 
1684: 1681 1685 
1685: 1684 1689 
1686: 820 2164 2579 4077 
1687: 1053 2426 3701 
1688: 1640 2514 3086 3780 4616 
1689: 1685 1691 
1690: 402 477 2466 2947 3864 
1691: 1689 1696 
1692: 90 2360 3673 
1693: 543 963 2563 2681 
1694: 102 3123 4801 
1695: 924 3466 
1696: 1691 1699 
1697: 271 458 1585 1716 3296 
1698: 1445 2820 3557 4618 
1699: 1696 1702 
1700: 779 2550 3793 
1701: 377 685 1672 3344 
1702: 1699 1705 
1703: 436 2477 3091 3824 
1704: 729 2598 2771 3305 
1705: 1702 1710 
1706: 350 445 3815 4974 
1707: 765 1206 3134 3673 
1708: 165 2845 4226 4617 
1709: 98 3345 4073 
1710: 1705 1713 
1711: 1902 3598 4729 
1712: 1815 4941 
1713: 1710 1715 
1714: 3109 3733 4436 4844 
1715: 1713 1719 
1716: 328 1697 4141 
1717: 1372 3940 4712 
1718: 179 220 693 3019 3407 
1719: 1715 1720 
1720: 1719 1721 
1721: 1720 1722 
1722: 1721 1723 
1723: 1722 1729 
1724: 73 106 
1725: 2821 3412 3774 4167 4324 
1726: 1546 1632 2728 3741 
1727: 12 2093 3988 
1728: 1395 1481 3043 
1729: 1723 1730 
1730: 1729 1732 
1731: 78 4083 4152 
1732: 1730 1733 
1733: 1732 1735 
1734: 588 2446 2877 3791 4778 
1735: 1733 1737 
1736: 47 667 1396 
1737: 1735 1738 
1738: 1737 1741 
1739: 3890 4730 
1740: 897 3326 4297 4952 
1741: 1738 1742 
1742: 1741 1743 
1743: 1742 1744 
1744: 1743 1746 
1745: 142 1378 1435 3601 4050 
1746: 1744 1747 
1747: 1746 1751 
1748: 2026 2230 2687 3130 3305 
1749: 38 4489 4901 
1750: 2360 2481 2822 3135 4258 
1751: 1747 1752 
1752: 1751 1753 
1753: 1752 1754 
1754: 1753 1756 
1755: 1093 2240 3153 3552 4253 
1756: 1754 1757 
1757: 1756 1759 
1758: 2365 4095 
1759: 1757 1760 
1760: 1759 1761 
1761: 1760 1763 
1762: 1385 3182 3244 3876 4705 
1763: 1761 1764 
1764: 1763 1767 
1765: 38 1368 4240 
1766: 162 1234 
1767: 1764 1768 
1768: 1767 1769 
1769: 1768 1771 
1770: 744 774 4532 
1771: 1769 1772 
1772: 1771 1775 
1773: 21 3979 
1774: 2078 2339 3574 4874 4984 
1775: 1772 1776 
1776: 1775 1780 
1777: 1477 2479 3317 3945 
1778: 2007 2156 2505 2660 
1779: 1813 2508 3122 
1780: 1776 1784 
1781: 2600 4219 4661 
1782: 459 1503 
1783: 2942 4634 
1784: 1780 1787 
1785: 1190 3056 4936 
1786: 1433 2168 4856 
1787: 1784 1795 
1788: 238 4425 4910 
1789: 473 891 
1790: 22 1255 
1791: 854 2718 
1792: 2434 4092 
1793: 175 252 3360 4841 
1794: 525 3768 
1795: 1787 1796 
1796: 1795 1797 
1797: 1796 1800 
1798: 3449 4752 
1799: 1153 1994 2277 3863 
1800: 1797 1801 
1801: 1800 1807 
1802: 1232 2159 2919 
1803: 2492 2546 4083 4280 
1804: 471 4105 4169 
1805: 1932 2990 3561 3675 
1806: 79 1044 2245 2359 4171 
1807: 1801 1808 
1808: 1807 1810 
1809: 459 1971 2211 3491 
1810: 1808 1816 
1811: 806 1859 3090 
1812: 1005 2767 
1813: 1502 1779 3328 3334 4384 
1814: 1039 1593 4258 
1815: 1712 2202 2419 2577 2915 
1816: 1810 1818 
1817: 1056 1077 1565 
1818: 389 1816 1819 
1819: 1818 1821 
1820: 2109 2538 3641 4097 
1821: 1819 1822 
1822: 1176 1821 1825 
1823: 85 3948 4937 
1824: 463 771 3540 
1825: 1822 1827 
1826: 2682 2913 3496 4563 4650 
1827: 1825 1828 
1828: 1827 1829 
1829: 1828 1830 
1830: 1829 1831 
1831: 1830 1834 
1832: 1368 3050 4075 
1833: 1850 3299 4380 
1834: 1831 1838 
1835: 575 924 3089 4451 
1836: 108 468 912 1211 2084 
1837: 1477 2318 2511 
1838: 1834 1839 
1839: 1838 1840 
1840: 1839 1841 3941 
1841: 1840 1842 
1842: 1841 1843 
1843: 1842 1844 
1844: 1843 1847 2862 
1845: 567 2032 2036 3019 
1846: 2459 4340 
1847: 1844 1848 
1848: 1847 1852 
1849: 2713 3054 3660 3981 
1850: 1833 1995 3840 
1851: 1882 1932 3829 
1852: 1848 1856 
1853: 56 2208 2311 3249 3906 
1854: 963 2652 4384 
1855: 90 424 2317 3515 3572 
1856: 1852 1857 
1857: 1856 1858 
1858: 1857 1864 
1859: 1130 1811 2444 4309 
1860: 835 861 1010 
1861: 20 772 1370 2603 
1862: 2116 3763 
1863: 1066 1673 3208 3557 
1864: 1858 1865 
1865: 1864 1875 
1866: 1082 1257 1516 3820 4225 
1867: 1234 3223 3904 
1868: 3593 4346 
1869: 722 978 3234 
1870: 790 3282 4061 
1871: 626 761 3640 
1872: 1025 3403 
1873: 41 1929 3232 3285 3335 
1874: 399 624 2218 2725 3535 
1875: 1865 1876 
1876: 1875 1877 
1877: 1876 1879 
1878: 1426 1921 2201 
1879: 1877 1881 
1880: 135 2023 3920 4486 
1881: 1879 1883 
1882: 1851 2376 2528 
1883: 1881 1884 
1884: 1883 1886 
1885: 1192 4776 
1886: 1884 1887 
1887: 1886 1888 
1888: 1887 1889 
1889: 1888 1890 
1890: 1889 1891 
1891: 1890 1893 
1892: 2278 4479 4501 
1893: 1891 1895 
1894: 3491 4376 4812 
1895: 1893 1896 
1896: 1895 1897 
1897: 1896 1898 
1898: 1897 1900 
1899: 2506 2901 3701 3792 
1900: 1898 1901 
1901: 1900 1903 
1902: 1711 3584 4618 4958 
1903: 1901 1904 
1904: 1903 1905 
1905: 1904 1906 
1906: 1905 1910 
1907: 608 2298 3234 
1908: 893 2108 4013 4213 
1909: 1573 3230 3903 
1910: 1906 1914 
1911: 155 947 3516 
1912: 1978 4251 4564 
1913: 515 582 2721 3333 4095 
1914: 1910 1917 
1915: 424 2419 2688 2967 
1916: 25 32 298 1270 2140 
1917: 1914 1919 
1918: 1097 3701 4915 
1919: 1917 1920 
1920: 1919 1930 
1921: 423 487 1878 4592 4856 
1922: 990 1126 1643 2287 4509 
1923: 172 912 
1924: 1435 2255 2298 3169 
1925: 850 910 2602 4152 4449 
1926: 1066 1077 2406 3078 
1927: 391 834 2727 3966 4833 
1928: 1947 2873 3358 
1929: 1873 2049 3735 4371 
1930: 1920 1933 
1931: 106 2107 3465 3881 4939 
1932: 1206 1805 1851 4287 
1933: 1930 1935 
1934: 2614 3279 4754 
1935: 803 1933 1936 
1936: 1935 1937 
1937: 1936 1938 
1938: 1937 1939 
1939: 1938 1940 
1940: 1939 1941 
1941: 1940 1943 
1942: 820 3750 4992 
1943: 1941 1944 
1944: 1943 1950 
1945: 732 1433 3294 3429 
1946: 201 358 1620 3252 3635 
1947: 350 1513 1627 1928 4871 
1948: 1269 2164 3671 3884 4211 
1949: 844 1504 3758 
1950: 1944 1951 
1951: 1950 1953 
1952: 60 276 721 3496 
1953: 1951 1954 
1954: 1953 1955 
1955: 1954 1956 
1956: 1955 1957 
1957: 1956 1959 
1958: 3229 4013 4189 
1959: 1957 1960 
1960: 1959 1963 
1961: 2124 2901 3814 4223 
1962: 1083 1683 2580 3904 3910 
1963: 1960 1965 
1964: 2891 4763 
1965: 1963 1967 
1966: 886 1281 2497 3862 4727 
1967: 1965 1970 
1968: 515 572 3211 4196 4248 
1969: 607 2256 4213 
1970: 1967 1972 
1971: 1809 3640 4360 4717 
1972: 1970 1974 
1973: 4 985 
1974: 1972 1976 
1975: 771 2038 4141 
1976: 1974 1977 
1977: 1976 1980 
1978: 1912 4905 
1979: 59 3378 4826 
1980: 1977 1981 
1981: 1980 1984 
1982: 2218 2774 3090 
1983: 2077 4551 
1984: 1981 1985 
1985: 1984 1988 
1986: 309 834 2550 4582 4788 
1987: 1027 1092 2361 3622 4829 
1988: 1985 1989 
1989: 1988 1990 
1990: 1989 1992 
1991: 164 1297 2584 2973 4613 
1992: 1990 1997 
1993: 663 783 824 4250 
1994: 760 1799 
1995: 229 586 1850 2708 
1996: 1092 2899 3142 3552 
1997: 1992 1998 
1998: 1997 1999 
1999: 1998 2002 
2000: 1107 2278 2977 2993 3805 
2001: 769 2238 2746 4841 
2002: 1999 2004 
2003: 1205 2084 2966 3370 3467 
2004: 2002 2005 
2005: 2004 2008 
2006: 1018 2563 4565 4743 
2007: 1380 1410 1778 
2008: 2005 2009 
2009: 2008 2010 
2010: 2009 2011 
2011: 2010 2015 
2012: 24 450 581 
2013: 59 752 3510 
2014: 464 870 3340 
2015: 2011 2017 
2016: 1369 2089 3680 
2017: 2015 2018 
2018: 2017 2019 
2019: 2018 2020 
2020: 2019 2021 
2021: 2020 2027 
2022: 138 2250 2335 3855 3925 
2023: 210 1880 2025 3284 
2024: 2512 3247 3416 4914 
2025: 2023 2140 2400 4607 
2026: 1748 2072 2527 4769 
2027: 2021 2028 
2028: 2027 2031 
2029: 1318 3103 3114 4488 
2030: 1031 1401 
2031: 2028 2033 
2032: 1031 1529 1845 2891 
2033: 2031 2034 
2034: 2033 2035 
2035: 2034 2037 
2036: 1037 1628 1845 2230 
2037: 2035 2039 
2038: 1975 2910 3199 
2039: 2037 2040 
2040: 2039 2042 
2041: 2335 3212 4443 
2042: 2040 2043 
2043: 2042 2044 
2044: 2043 2045 
2045: 2044 2046 
2046: 2045 2047 
2047: 2046 2048 
2048: 2047 2050 
2049: 101 410 1929 2623 
2050: 2048 2051 
2051: 2050 2052 
2052: 2051 2057 
2053: 698 2920 4563 
2054: 665 1537 2945 3650 
2055: 286 434 3002 3263 3481 
2056: 1010 1048 4621 
2057: 2052 2060 
2058: 1131 2869 4093 4335 
2059: 1600 2084 2173 2666 
2060: 2057 2062 
2061: 1201 2630 3664 
2062: 2060 2063 
2063: 2062 2065 
2064: 295 951 
2065: 2063 2069 
2066: 834 2360 3977 
2067: 334 570 2528 3249 3452 
2068: 16 1244 1542 3708 4360 
2069: 2065 2070 
2070: 2069 2071 
2071: 2070 2073 
2072: 525 1283 2026 4564 
2073: 2071 2079 
2074: 1217 2264 4924 
2075: 88 874 1035 
2076: 3238 4582 
2077: 301 658 773 824 1983 
2078: 1774 2650 4999 
2079: 2073 2080 
2080: 2079 2081 
2081: 2080 2082 
2082: 2081 2085 
2083: 232 456 1354 4065 4901 
2084: 87 1836 2003 2059 4509 
2085: 2082 2088 
2086: 2402 4769 
2087: 1093 2808 4273 4315 4379 
2088: 2085 2090 
2089: 33 1026 2016 
2090: 2088 2095 
2091: 877 1652 2805 2989 3447 
2092: 958 1410 3583 3651 4225 
2093: 1727 2463 4420 
2094: 372 3221 4335 
2095: 2090 2096 
2096: 2095 2097 
2097: 2096 2098 
2098: 2097 2099 
2099: 2098 2101 
2100: 949 1023 1546 2278 4383 
2101: 2099 2103 
2102: 2447 4831 
2103: 2101 2104 
2104: 2103 2106 3118 
2105: 52 414 2380 3533 
2106: 2104 2110 
2107: 1931 2116 2155 3702 
2108: 1253 1908 4303 
2109: 1820 3890 4403 
2110: 2106 2111 
2111: 2110 2118 
2112: 420 433 518 539 619 
2113: 559 2274 
2114: 620 774 2828 4395 
2115: 203 2386 
2116: 545 908 1862 2107 
2117: 1584 2143 3127 
2118: 2111 2120 
2119: 138 2665 2955 
2120: 2118 2122 
2121: 2363 3039 3196 3740 3749 
2122: 2120 2125 
2123: 301 557 1256 
2124: 1961 2221 2226 2915 4152 
2125: 2122 2128 
2126: 2503 3597 
2127: 62 3638 4826 
2128: 2125 2129 
2129: 2128 2130 
2130: 2129 2131 
2131: 2130 2132 
2132: 2131 2133 
2133: 2132 2134 
2134: 2133 2137 
2135: 2781 3055 4326 4686 
2136: 1582 2862 4719 
2137: 2134 2138 
2138: 2137 2139 
2139: 2138 2141 
2140: 159 1916 2025 
2141: 2139 2149 
2142: 787 3750 4425 
2143: 308 892 2117 2366 
2144: 492 3481 3739 4502 
2145: 3507 4236 
2146: 797 3328 3409 3417 3449 
2147: 651 3169 3395 
2148: 587 2801 4367 
2149: 2141 2150 
2150: 2149 2151 
2151: 2150 2152 
2152: 2151 2157 
2153: 3495 3623 3993 
2154: 916 2475 2594 4425 
2155: 1085 2107 3341 
2156: 1778 2885 2999 4564 4702 
2157: 2152 2160 
2158: 821 4493 
2159: 1160 1802 2181 2699 
2160: 2157 2161 
2161: 2160 2162 
2162: 2161 2165 
2163: 586 1016 2254 2532 3780 
2164: 1337 1686 1948 3646 3661 
2165: 2162 2166 
2166: 2165 2169 
2167: 783 1186 3959 
2168: 1786 2206 3909 4097 4567 
2169: 2166 2170 
2170: 2169 2172 
2171: 968 1257 3405 4171 4974 
2172: 2170 2174 
2173: 2059 2214 
2174: 2172 2175 
2175: 2174 2176 
2176: 2175 2177 
2177: 2176 2178 
2178: 2177 2180 
2179: 1525 3850 4141 
2180: 2178 2182 
2181: 2159 2937 3111 3460 3520 
2182: 2180 2185 
2183: 240 423 1516 4621 
2184: 1085 3788 4900 
2185: 2182 2186 
2186: 2185 2188 
2187: 134 853 1190 2826 
2188: 2186 2189 
2189: 2188 2190 
2190: 2189 2198 
2191: 669 974 2484 2873 4159 
2192: 404 783 2766 3904 4246 
2193: 680 1585 
2194: 308 1265 2236 4759 4785 
2195: 91 2624 
2196: 517 825 4420 
2197: 568 4271 
2198: 2190 2200 
2199: 7 534 2367 
2200: 2198 2205 
2201: 518 1878 2580 3598 4785 
2202: 517 819 1815 
2203: 3638 3763 
2204: 462 1338 
2205: 2200 2209 
2206: 2168 2657 3458 
2207: 1150 1259 2733 3405 
2208: 1630 1853 
2209: 2205 2210 
2210: 2209 2212 
2211: 841 1809 4153 
2212: 2210 2215 
2213: 732 4432 
2214: 254 392 2173 
2215: 2212 2217 
2216: 148 270 1077 3055 4392 
2217: 2215 2219 
2218: 1337 1385 1874 1982 4580 
2219: 2217 2222 
2220: 417 793 2492 2523 4567 
2221: 2124 2512 3349 4018 4229 
2222: 2219 2223 
2223: 2222 2224 
2224: 2223 2225 
2225: 2224 2227 
2226: 675 1141 2124 
2227: 2225 2229 
2228: 1229 3733 
2229: 2227 2232 
2230: 1748 2036 2359 2630 3048 
2231: 1638 1652 3872 4216 4733 
2232: 2229 2234 
2233: 48 4846 
2234: 2232 2235 
2235: 2234 2237 
2236: 2194 4061 
2237: 2235 2239 
2238: 805 911 2001 2769 3526 
2239: 2237 2241 
2240: 1452 1755 3806 
2241: 2239 2242 
2242: 2241 2243 
2243: 2242 2244 
2244: 2243 2248 
2245: 139 1054 1806 3830 
2246: 162 2351 2828 4954 
2247: 544 2481 3171 
2248: 2244 2251 
2249: 68 339 3210 4320 4528 
2250: 18 2022 2558 2901 3218 
2251: 2248 2253 
2252: 43 825 1027 1466 2427 
2253: 2251 2257 
2254: 2163 2331 2467 
2255: 851 1924 2414 3799 4676 
2256: 152 1476 1969 2480 4357 
2257: 2253 2259 
2258: 1140 3072 3269 3814 
2259: 2257 2260 
2260: 2259 2262 
2261: 3017 3342 4305 
2262: 2260 2265 
2263: 2799 3498 
2264: 2074 2641 4738 
2265: 2262 2266 
2266: 2265 2267 
2267: 2266 2268 
2268: 2267 2269 
2269: 2268 2270 
2270: 2269 2271 
2271: 2270 2272 
2272: 2271 2273 
2273: 2272 2275 
2274: 1206 2113 3111 
2275: 2273 2279 
2276: 3566 3615 4853 
2277: 549 1638 1799 
2278: 1892 2000 2100 2375 3897 
2279: 2275 2280 
2280: 2279 2284 
2281: 809 978 3330 4561 
2282: 208 939 4958 
2283: 3190 3291 4317 
2284: 2280 2288 
2285: 3083 4108 
2286: 701 2977 3466 
2287: 701 1922 2992 3932 4261 
2288: 2284 2289 
2289: 2288 2290 
2290: 2289 2291 
2291: 2290 2293 
2292: 230 2470 2754 4468 
2293: 2291 2294 
2294: 2293 2296 
2295: 148 393 1056 3950 
2296: 2294 2297 
2297: 2296 2299 
2298: 398 626 1907 1924 2448 
2299: 2297 2301 
2300: 3588 3924 4157 
2301: 710 2299 2303 
2302: 1050 3218 
2303: 2301 2304 
2304: 2303 2305 
2305: 2304 2306 
2306: 2305 2307 
2307: 2306 2309 
2308: 805 2380 4426 4801 
2309: 2307 2310 
2310: 2309 2312 
2311: 960 1853 2326 3991 4755 
2312: 2310 2314 
2313: 1027 2346 3227 
2314: 2312 2316 
2315: 281 516 3638 
2316: 2314 2319 
2317: 7 801 1139 1636 1855 
2318: 1837 2326 2979 2989 4058 
2319: 2316 2321 
2320: 363 1584 3135 
2321: 2319 2327 
2322: 3097 4022 4160 
2323: 474 625 768 1216 1457 
2324: 467 896 2453 2821 
2325: 460 2606 4117 
2326: 2311 2318 3056 3346 
2327: 2321 2329 
2328: 1209 1248 3937 4561 
2329: 2327 2330 
2330: 2329 2332 
2331: 2254 2626 2649 2695 
2332: 2330 2333 
2333: 2332 2336 
2334: 2679 3343 3562 3863 
2335: 1257 2022 2041 4266 4508 
2336: 2333 2337 
2337: 2336 2338 
2338: 2337 2340 
2339: 1151 1632 1774 4074 4148 
2340: 2338 2341 
2341: 2340 2347 
2342: 517 1023 1093 1458 2960 
2343: 1188 2794 4666 
2344: 2646 2790 4606 
2345: 1409 3255 
2346: 2313 3799 
2347: 2341 2348 
2348: 2347 2352 
2349: 1216 2773 3377 
2350: 1492 3285 4242 
2351: 4 298 2246 3588 3791 
2352: 2348 2354 
2353: 582 1426 2611 
2354: 2352 2355 
2355: 2354 2356 
2356: 2355 2358 
2357: 148 3937 
2358: 2356 2362 
2359: 823 1806 2230 2500 
2360: 1692 1750 2066 
2361: 912 1987 2767 3140 4439 
2362: 2358 2364 
2363: 516 2121 3451 3563 4076 
2364: 2362 2368 
2365: 1316 1758 
2366: 2143 4686 4946 
2367: 2199 2419 3610 
2368: 2364 2369 
2369: 2368 2370 
2370: 2369 2371 
2371: 2370 2373 
2372: 2640 2875 
2373: 2371 2374 
2374: 2373 2377 
2375: 84 2278 2914 4667 
2376: 1882 2816 3177 
2377: 2374 2378 
2378: 2377 2379 
2379: 2378 2381 
2380: 618 2105 2308 
2381: 2379 2382 
2382: 2381 2389 
2383: 2682 4122 4324 
2384: 305 980 2521 2614 
2385: 2414 3294 3511 3741 
2386: 2115 2822 3814 
2387: 226 886 1191 2999 4432 
2388: 2663 3190 
2389: 2382 2391 
2390: 410 587 
2391: 2389 2394 
2392: 2619 2745 3872 
2393: 3144 3506 
2394: 2391 2395 
2395: 2394 2401 
2396: 422 739 3307 3394 4626 
2397: 1066 1338 2746 
2398: 588 710 
2399: 3119 3675 
2400: 582 950 1679 2025 
2401: 2395 2403 
2402: 2086 2962 3562 4318 
2403: 2401 2405 
2404: 710 1409 1486 4665 
2405: 2403 2407 
2406: 1371 1926 3417 4689 4982 
2407: 2405 2408 
2408: 2407 2409 
2409: 2408 2411 
2410: 513 1591 4412 
2411: 2409 2415 
2412: 660 2728 4829 
2413: 3333 3739 3831 
2414: 483 2255 2385 3783 3993 
2415: 2411 2416 
2416: 2415 2418 
2417: 125 4796 
2418: 2416 2422 
2419: 1815 1915 2367 2885 
2420: 351 3534 4038 
2421: 911 1351 1485 3458 4501 
2422: 2418 2424 
2423: 3255 4637 
2424: 2422 2425 
2425: 2424 2428 
2426: 1275 1687 4534 
2427: 2252 2656 4318 
2428: 2425 2429 
2429: 2428 2431 
2430: 420 1362 3499 
2431: 2429 2432 
2432: 2431 2433 
2433: 2432 2435 
2434: 1792 2649 2822 3041 3587 
2435: 2433 2436 
2436: 2435 2437 
2437: 2436 2438 
2438: 2437 2439 
2439: 2438 2440 
2440: 2439 2442 
2441: 384 1021 1022 3890 4357 
2442: 2440 2445 
2443: 102 2615 4024 4745 
2444: 1474 1859 3274 3286 4992 
2445: 2442 2449 
2446: 401 1175 1297 1734 
2447: 1232 2102 3612 3878 
2448: 384 2298 2503 3976 4199 
2449: 2445 2450 
2450: 2449 2451 
2451: 2450 2452 
2452: 2451 2454 
2453: 2324 4157 4393 4555 
2454: 2452 2456 
2455: 87 4253 
2456: 2454 2457 
2457: 2456 2458 
2458: 2457 2464 
2459: 496 580 1846 3576 4537 
2460: 778 3524 4207 
2461: 844 1263 1655 3022 
2462: 445 3755 4964 
2463: 474 2093 3205 
2464: 2458 2465 
2465: 2464 2473 
2466: 1666 1690 3267 4934 
2467: 874 2254 2844 3318 3840 
2468: 333 1351 3990 
2469: 945 1271 1446 1486 
2470: 1525 2292 3654 3978 
2471: 1107 4327 4725 
2472: 78 3219 
2473: 2465 2474 
2474: 2473 2476 
2475: 2154 4514 4764 
2476: 2474 2482 
2477: 1550 1703 3321 4231 4567 
2478: 134 2886 
2479: 854 1281 1777 2678 3536 
2480: 2256 3399 3851 
2481: 1750 2247 2632 4383 
2482: 2476 2485 
2483: 545 3726 
2484: 264 2191 2923 4993 
2485: 2482 2486 
2486: 2485 2488 
2487: 271 3626 
2488: 2486 2489 
2489: 2488 2496 
2490: 754 3100 3119 4877 
2491: 2965 3468 4687 
2492: 25 1803 2220 
2493: 682 1405 4048 
2494: 717 811 3654 
2495: 268 3383 4851 
2496: 2489 2498 
2497: 1612 1966 4130 4901 
2498: 2496 2499 
2499: 2498 2507 
2500: 32 2359 4353 
2501: 607 1394 3618 3719 
2502: 276 674 1624 3249 3678 
2503: 1362 1656 2126 2448 4667 
2504: 619 2809 4516 
2505: 1778 4367 4679 4928 
2506: 1251 1433 1899 
2507: 2499 2509 
2508: 1022 1779 2727 4022 
2509: 2507 2517 
2510: 2660 3082 3422 3574 
2511: 958 1837 3051 
2512: 2024 2221 2513 4110 
2513: 79 377 1021 2512 4934 
2514: 1688 2689 4302 4858 
2515: 1018 2865 3130 3345 3668 
2516: 3267 4158 
2517: 2509 2518 
2518: 2517 2520 
2519: 1506 3619 4305 
2520: 2518 2522 
2521: 877 1012 1338 2384 4001 
2522: 2520 2524 
2523: 2 253 2220 3267 
2524: 2522 2525 
2525: 2524 2526 
2526: 2525 2530 
2527: 94 1188 2026 3244 4770 
2528: 313 1882 2067 
2529: 1488 1564 3378 4131 4443 
2530: 2526 2534 
2531: 116 379 672 2713 4766 
2532: 929 1542 2163 2901 3910 
2533: 1176 3212 3855 
2534: 2530 2535 
2535: 2534 2536 
2536: 2535 2540 
2537: 108 1256 3952 
2538: 90 1820 3611 3708 3881 
2539: 782 1219 
2540: 2536 2541 
2541: 2540 2542 
2542: 2541 2544 
2543: 772 911 1303 3634 4883 
2544: 2542 2545 
2545: 2544 2547 
2546: 456 1288 1803 2914 3593 
2547: 2545 2548 
2548: 2547 2552 
2549: 2899 4302 
2550: 1700 1986 
2551: 196 283 370 1421 2816 
2552: 2548 2554 
2553: 26 1240 4105 
2554: 2552 2555 
2555: 2554 2560 
2556: 818 3558 4083 
2557: 143 1620 3465 3601 4067 
2558: 914 2250 3367 
2559: 643 3845 4154 4234 
2560: 2555 2561 
2561: 2560 2564 
2562: 66 1044 3520 4967 
2563: 1693 2006 4264 4451 4672 
2564: 2561 2565 
2565: 2564 2566 
2566: 2565 2568 
2567: 587 816 3766 
2568: 2566 2570 
2569: 25 1474 2637 4954 
2570: 2568 2571 
2571: 2570 2572 
2572: 2571 2573 
2573: 2572 2574 
2574: 2573 2575 
2575: 2574 2582 
2576: 608 3140 4021 4458 4703 
2577: 142 1646 1815 3475 
2578: 680 3418 
2579: 721 1686 
2580: 1962 2201 4227 
2581: 384 4515 
2582: 2575 2583 
2583: 2582 2585 
2584: 1087 1991 2745 4354 
2585: 2583 2586 
2586: 2585 2587 
2587: 2586 2592 
2588: 1 224 1642 4709 
2589: 1119 1639 3466 
2590: 2965 3192 3279 
2591: 192 669 1286 2978 
2592: 2587 2597 
2593: 2824 3516 
2594: 271 2154 2911 2913 4984 
2595: 2632 2978 3959 4148 4521 
2596: 185 1680 3135 4583 
2597: 2592 2599 
2598: 1704 2714 3339 4241 
2599: 2597 2601 
2600: 392 543 1781 
2601: 2599 2604 
2602: 1925 2845 3606 4628 4709 
2603: 1546 1861 4399 
2604: 2601 2607 
2605: 51 3866 4717 
2606: 2325 3012 3247 
2607: 2604 2609 
2608: 1385 3938 
2609: 2607 2610 
2610: 2609 2613 
2611: 790 2353 4821 
2612: 876 2799 3161 3346 
2613: 2610 2616 
2614: 1239 1934 2384 
2615: 423 1659 2443 3211 
2616: 2613 2617 
2617: 2616 2621 
2618: 449 3110 4158 4354 
2619: 2392 4362 4399 
2620: 146 213 510 4365 
2621: 2617 2625 
2622: 1083 1642 3820 4143 4231 
2623: 82 247 1519 2049 
2624: 1135 2195 2737 
2625: 2621 2627 
2626: 86 1470 2331 
2627: 2625 2628 
2628: 2627 2629 
2629: 2628 2631 
2630: 809 1035 2061 2230 3739 
2631: 2629 2633 
2632: 499 1550 2481 2595 2709 
2633: 2631 2634 
2634: 2633 2635 
2635: 2634 2636 
2636: 2635 2638 
2637: 94 392 414 2569 
2638: 2636 2642 
2639: 152 272 985 4371 4506 
2640: 849 1642 2372 3862 3998 
2641: 66 2264 3409 
2642: 2638 2647 
2643: 1015 2663 2906 3556 4227 
2644: 147 3443 
2645: 154 3955 
2646: 1263 2344 2969 4018 4903 
2647: 2642 2648 
2648: 2647 2651 
2649: 2331 2434 4231 
2650: 725 2078 3876 4037 
2651: 2648 2654 
2652: 1026 1031 1591 1854 3757 
2653: 1457 1594 2872 
2654: 2651 2658 
2655: 1159 1239 3243 
2656: 1265 2427 3121 
2657: 2206 2777 3155 4039 4454 
2658: 2654 2659 
2659: 2658 2661 
2660: 1778 2510 3930 
2661: 2659 2664 4665 
2662: 328 4018 
2663: 2388 2643 3995 4759 
2664: 2661 2668 
2665: 858 1171 2119 3968 
2666: 70 570 690 2059 4167 
2667: 458 4580 
2668: 2664 2669 
2669: 2668 2670 
2670: 2669 2671 
2671: 2670 2673 
2672: 399 3165 
2673: 2671 2674 
2674: 2673 2675 
2675: 2674 2677 
2676: 844 3069 4837 
2677: 2675 2680 
2678: 73 1606 2479 3218 4420 
2679: 708 1260 2334 3611 
2680: 2677 2686 
2681: 1693 3000 3948 4744 
2682: 897 1066 1826 2383 4327 
2683: 140 660 968 3227 
2684: 507 2847 4144 
2685: 312 1244 
2686: 2680 2690 
2687: 298 796 1513 1748 3596 
2688: 532 1915 3612 
2689: 1623 2514 3301 
2690: 2686 2691 
2691: 2690 2692 
2692: 2691 2694 
2693: 270 668 924 
2694: 2692 2701 
2695: 382 819 1429 2331 
2696: 1503 1539 
2697: 247 1071 3560 
2698: 765 3516 3792 
2699: 1440 1488 2159 
2700: 84 1223 1407 
2701: 2694 2704 
2702: 471 1091 3499 
2703: 1145 3238 4523 
2704: 2701 2705 
2705: 2704 2706 
2706: 2705 2707 
2707: 2706 2711 
2708: 625 1054 1995 3548 4104 
2709: 2632 4484 
2710: 1227 1673 4422 
2711: 2707 2712 
2712: 2711 2715 
2713: 1849 2531 4317 4971 
2714: 581 722 2598 4561 4714 
2715: 2712 2716 
2716: 2715 2717 
2717: 2716 2719 
2718: 358 1791 
2719: 2717 2720 
2720: 2719 2722 
2721: 1913 3296 3979 4136 
2722: 2720 2723 
2723: 2722 2726 
2724: 373 4158 4847 
2725: 159 1874 3382 3962 
2726: 2723 2729 
2727: 277 404 1927 2508 3486 
2728: 58 1726 2412 3105 3864 
2729: 2726 2730 
2730: 2729 2731 
2731: 2730 2732 
2732: 2731 2734 
2733: 1411 2207 3191 3716 
2734: 2732 2735 
2735: 2734 2736 
2736: 2735 2738 
2737: 602 2624 3422 4934 4970 
2738: 2736 2739 
2739: 2738 2740 
2740: 2739 2741 
2741: 2740 2742 
2742: 2741 2744 
2743: 515 1266 3937 
2744: 2742 2747 
2745: 1682 2392 2584 3459 
2746: 1098 2001 2397 3440 3748 
2747: 2744 2748 
2748: 2747 2749 
2749: 2748 2750 
2750: 2749 2752 
2751: 3839 4656 4772 
2752: 2750 2753 
2753: 2752 2755 
2754: 305 1071 2292 
2755: 2753 2756 
2756: 2755 2757 
2757: 2756 2758 
2758: 2757 2759 
2759: 2758 2760 
2760: 2759 2761 
2761: 2760 2762 
2762: 2761 2763 
2763: 2762 2765 
2764: 118 486 4135 4173 4204 
2765: 2763 2772 
2766: 2192 3448 4077 
2767: 1812 2361 3294 
2768: 3800 4223 
2769: 487 1186 1625 2238 4879 
2770: 1388 3078 3748 4421 4984 
2771: 1704 4256 
2772: 2765 2775 
2773: 2349 4949 
2774: 1982 4024 4373 
2775: 2772 2776 
2776: 2775 2782 
2777: 2657 3082 4645 
2778: 1206 3317 4342 4745 4952 
2779: 1216 3126 
2780: 782 789 1380 3398 3573 
2781: 2135 3148 3202 3473 4358 
2782: 2776 2783 
2783: 2782 2784 
2784: 2783 2787 
2785: 1659 2913 3622 3687 
2786: 250 425 3061 3501 
2787: 2784 2788 
2788: 2787 2791 
2789: 1556 4327 4807 
2790: 377 2344 2793 
2791: 2788 2792 
2792: 2791 2795 
2793: 423 2790 
2794: 33 1446 1498 2343 4790 
2795: 2792 2796 
2796: 2795 2797 
2797: 2796 2798 
2798: 2797 2804 
2799: 208 2263 2612 4352 
2800: 201 4099 
2801: 2148 4181 
2802: 507 729 3153 
2803: 534 801 3356 
2804: 2798 2806 
2805: 781 846 1363 2091 3094 
2806: 2804 2807 
2807: 2806 2810 
2808: 682 2087 2819 
2809: 1173 2504 2999 3100 3276 
2810: 2807 2811 
2811: 2810 2812 
2812: 2811 2813 
2813: 2812 2814 
2814: 2813 2815 
2815: 2814 2817 
2816: 755 1110 2376 2551 4743 
2817: 2815 2818 
2818: 2817 2825 
2819: 2808 3307 3392 
2820: 1295 1698 3921 4229 
2821: 365 1725 2324 2834 
2822: 253 1750 2386 2434 3548 
2823: 106 882 4773 
2824: 2593 4712 
2825: 2818 2827 
2826: 885 2187 3234 4128 
2827: 2825 2830 
2828: 1198 1683 2114 2246 
2829: 166 1119 2892 3069 3282 
2830: 2827 2831 
2831: 2830 2832 
2832: 2831 2836 
2833: 21 1140 4013 4449 
2834: 698 2821 3091 3330 3356 
2835: 285 851 1270 1567 3799 
2836: 2832 2837 
2837: 2836 2840 
2838: 655 3877 3945 
2839: 234 1018 3598 
2840: 2837 2841 
2841: 2840 2842 
2842: 2841 2843 
2843: 2842 2846 
2844: 2467 3833 4949 
2845: 1708 2602 3022 3365 4473 
2846: 2843 2848 
2847: 941 1396 2684 3945 4371 
2848: 2846 2849 
2849: 2848 2850 
2850: 2849 2851 
2851: 2850 2852 
2852: 2851 2853 
2853: 2852 2855 
2854: 3940 4221 
2855: 2853 2857 
2856: 688 713 4558 
2857: 2855 2858 
2858: 2857 2859 
2859: 2858 2860 
2860: 2859 2863 
2861: 816 4219 4738 
2862: 450 1844 2136 3299 4287 
2863: 2860 2866 
2864: 2959 4143 4177 
2865: 1253 2515 3591 
2866: 2863 2867 
2867: 2866 2868 
2868: 2867 2870 
2869: 54 1409 2058 3126 3669 
2870: 2868 2871 
2871: 2870 2874 
2872: 2653 4135 
2873: 1293 1606 1928 2191 
2874: 2871 2878 
2875: 2372 4973 
2876: 765 1564 4032 
2877: 1734 3941 4328 
2878: 2874 2879 
2879: 2878 2880 
2880: 2879 2881 
2881: 2880 2882 
2882: 2881 2883 
2883: 2882 2884 
2884: 2883 2887 
2885: 2156 2419 3750 4421 
2886: 1516 2478 
2887: 2884 2889 
2888: 700 4560 
2889: 2887 2890 
2890: 2889 2893 
2891: 1001 1964 2032 4376 
2892: 2829 3800 4440 
2893: 2890 2894 
2894: 2893 2895 
2895: 2894 2896 
2896: 2895 2897 
2897: 2896 2898 
2898: 2897 2900 
2899: 1545 1996 2549 3324 3353 
2900: 2898 2902 
2901: 1899 1961 2250 2532 3072 
2902: 2900 2903 
2903: 2902 2904 
2904: 2903 2905 
2905: 2904 2918 
2906: 1625 2643 
2907: 3446 4072 
2908: 664 1200 3140 3342 
2909: 949 3876 4628 4846 
2910: 1666 2038 3346 
2911: 2594 3958 
2912: 1309 1477 1625 3356 4580 
2913: 1567 1826 2594 2785 
2914: 2375 2546 3202 
2915: 727 1815 2124 3455 
2916: 840 845 1496 3702 4095 
2917: 222 3984 
2918: 2905 2922 
2919: 1802 3204 
2920: 1648 2053 3808 4982 
2921: 1502 4643 
2922: 2918 2924 
2923: 849 1277 2484 3167 
2924: 2922 2925 
2925: 2924 2926 
2926: 2925 2927 
2927: 2926 2928 
2928: 2927 2929 
2929: 2928 2930 
2930: 2929 2932 
2931: 1343 3772 
2932: 2930 2934 
2933: 1255 3455 4269 4957 
2934: 2932 2938 
2935: 602 674 3596 4198 4515 
2936: 440 1083 4656 
2937: 198 2181 3768 
2938: 2934 2939 
2939: 2938 2940 
2940: 2939 2941 
2941: 2940 2943 
2942: 1783 3669 
2943: 2941 2944 
2944: 2943 2948 
2945: 899 948 1652 2054 3422 
2946: 1481 3301 4033 4104 
2947: 1690 4650 
2948: 2944 2949 
2949: 2948 2950 
2950: 2949 2951 
2951: 2950 2952 
2952: 2951 2954 
2953: 449 1275 3483 
2954: 2952 2956 
2955: 2119 3741 3928 4569 
2956: 2954 2958 
2957: 800 3086 4140 4254 4939 
2958: 2956 2961 
2959: 2864 2962 
2960: 0 205 428 2342 
2961: 2958 2963 3051 
2962: 2402 2959 4320 4438 
2963: 2961 2968 
2964: 334 539 3510 4660 
2965: 2491 2590 3905 4465 
2966: 339 665 2003 4459 4866 
2967: 986 1915 3780 4153 
2968: 2963 2971 
2969: 2646 3740 3774 
2970: 374 3671 4619 
2971: 2968 2972 
2972: 2971 2975 
2973: 647 1991 3597 3777 
2974: 3050 3211 4225 4326 
2975: 2972 2976 
2976: 2975 2980 
2977: 2000 2286 3664 4280 
2978: 1004 2591 2595 3252 
2979: 772 783 2318 4317 4801 
2980: 2976 2981 
2981: 2980 2982 
2982: 2981 2983 
2983: 2982 2985 
2984: 468 3953 
2985: 2983 2987 
2986: 544 1351 1639 4255 
2987: 2985 2991 
2988: 725 3963 4342 
2989: 2091 2318 3449 4971 4978 
2990: 350 988 1508 1805 3920 
2991: 2987 2994 
2992: 150 2287 3612 
2993: 2000 3708 
2994: 2991 2995 4318 
2995: 2994 2997 
2996: 624 662 
2997: 2995 2998 
2998: 2997 3001 
2999: 2156 2387 2809 3038 3548 
3000: 2681 3341 4214 4220 
3001: 2998 3003 
3002: 1466 2055 3085 
3003: 3001 3004 
3004: 3003 3005 
3005: 3004 3006 
3006: 3005 3008 
3007: 470 1574 1622 
3008: 3006 3010 
3009: 273 3897 
3010: 3008 3011 
3011: 3010 3013 
3012: 2606 3778 
3013: 3011 3014 
3014: 3013 3016 
3015: 1227 1512 3851 
3016: 3014 3020 
3017: 1074 2261 
3018: 926 4135 4489 
3019: 1508 1718 1845 3221 4523 
3020: 3016 3021 
3021: 3020 3024 
3022: 685 2461 2845 4407 4800 
3023: 1140 1448 
3024: 3021 3027 
3025: 649 4925 
3026: 3056 3263 
3027: 3024 3028 
3028: 3027 3029 
3029: 3028 3030 
3030: 3029 3031 
3031: 3030 3032 
3032: 3031 3034 
3033: 12 3662 4245 
3034: 3032 3035 
3035: 3034 3036 
3036: 3035 3037 
3037: 3036 3042 
3038: 47 2999 3325 
3039: 2121 4586 4625 
3040: 1370 3448 
3041: 540 665 2434 3107 4251 
3042: 3037 3044 
3043: 1515 1728 3392 
3044: 3042 3046 
3045: 1077 1303 4813 
3046: 3044 3049 
3047: 4106 4899 
3048: 1111 2230 3478 3981 
3049: 3046 3052 
3050: 1832 2974 3950 4770 
3051: 849 1269 2511 2961 
3052: 3049 3053 
3053: 3052 3058 
3054: 1849 3353 3398 4598 4936 
3055: 708 779 1504 2135 2216 
3056: 175 1785 2326 3026 4147 
3057: 46 383 
3058: 3053 3060 
3059: 986 1488 3165 
3060: 3058 3062 
3061: 419 2786 3232 3499 4501 
3062: 3060 3064 
3063: 4001 4470 
3064: 3062 3067 
3065: 1254 1542 4213 
3066: 1192 1397 3540 4764 
3067: 3064 3068 
3068: 3067 3070 
3069: 2676 2829 3410 3562 4843 
3070: 3068 3071 
3071: 3070 3075 
3072: 2258 2901 3466 3581 3683 
3073: 259 4671 
3074: 165 433 
3075: 3071 3076 
3076: 3075 3077 
3077: 3076 3079 
3078: 708 1926 2770 4522 
3079: 3077 3087 
3080: 18 4067 
3081: 810 3100 3274 
3082: 1497 2510 2777 4687 4872 
3083: 796 2285 
3084: 911 3171 3723 4891 
3085: 465 1015 3002 
3086: 126 1688 2957 3585 4246 
3087: 3079 3088 
3088: 3087 3092 
3089: 574 1835 3700 4781 
3090: 1811 1982 4844 
3091: 1395 1703 2834 3533 4916 
3092: 3088 3093 
3093: 3092 3098 
3094: 2805 3824 4745 
3095: 3459 4486 
3096: 3507 4274 
3097: 1392 2322 4364 4491 
3098: 3093 3099 
3099: 3098 3102 
3100: 2490 2809 3081 4254 4861 
3101: 17 112 289 
3102: 3099 3104 
3103: 1053 1305 2029 3806 4696 
3104: 3102 3106 
3105: 1412 1440 2728 3861 4006 
3106: 3104 3108 
3107: 254 3041 4432 
3108: 3106 3112 
3109: 1714 3883 
3110: 2618 3399 
3111: 1394 2181 2274 3793 4910 
3112: 3108 3113 
3113: 3112 3116 
3114: 455 1059 2029 
3115: 3814 4943 
3116: 3113 3117 
3117: 3116 3125 
3118: 2104 3681 3897 4914 
3119: 230 1015 2399 2490 3820 
3120: 88 830 3761 4198 
3121: 2656 3777 4157 4526 
3122: 1779 4167 
3123: 1694 3328 3838 
3124: 3467 4473 4846 
3125: 3117 3128 
3126: 2779 2869 
3127: 500 2117 4092 
3128: 3125 3129 
3129: 3128 3131 
3130: 533 765 1748 2515 3410 
3131: 3129 3133 
3132: 449 3189 3350 
3133: 3131 3137 
3134: 143 286 1683 1707 3183 
3135: 1750 2320 2596 3304 3839 
3136: 25 314 1349 1525 
3137: 3133 3138 
3138: 3137 3139 
3139: 3138 3143 
3140: 869 2361 2576 2908 
3141: 560 4508 4689 
3142: 1638 1996 3990 
3143: 3139 3145 
3144: 118 1356 2393 
3145: 3143 3146 
3146: 3145 3147 
3147: 3146 3150 
3148: 1238 2781 3614 
3149: 598 3198 3763 
3150: 3147 3151 
3151: 3150 3152 
3152: 3151 3154 
3153: 1368 1755 2802 4171 
3154: 3152 3157 
3155: 1127 2657 4340 
3156: 1553 3284 3683 
3157: 3154 3158 
3158: 3157 3160 
3159: 691 957 966 3834 
3160: 3158 3162 
3161: 2612 3169 4096 
3162: 3160 3163 
3163: 3162 3164 
3164: 3163 3166 
3165: 901 2672 3059 
3166: 3164 3170 
3167: 833 2923 4606 
3168: 245 773 4535 4979 
3169: 759 1924 2147 3161 3984 
3170: 3166 3172 
3171: 393 2247 3084 
3172: 3170 3173 
3173: 3172 3174 
3174: 3173 3176 
3175: 431 3383 
3176: 3174 3178 
3177: 1148 2376 3459 4666 
3178: 3176 3180 
3179: 1421 3383 3703 
3180: 3178 3181 
3181: 3180 3184 
3182: 1762 3597 4490 
3183: 31 3134 3556 3950 4085 
3184: 3181 3186 
3185: 642 1347 1369 4121 
3186: 3184 3187 
3187: 3186 3188 
3188: 3187 3193 
3189: 299 3132 
3190: 622 2283 2388 
3191: 620 2733 4582 
3192: 557 1397 2590 4625 
3193: 3188 3194 
3194: 3193 3197 
3195: 135 4203 
3196: 312 555 1438 2121 4669 
3197: 3194 3201 
3198: 583 3149 3934 
3199: 691 1154 2038 
3200: 1341 4144 4169 4982 
3201: 3197 3203 
3202: 2781 2914 4380 
3203: 3201 3206 
3204: 355 2919 
3205: 2463 3882 
3206: 3203 3207 
3207: 3206 3209 
3208: 784 1482 1863 4177 
3209: 3207 3213 
3210: 1012 2249 4218 4240 4560 
3211: 1968 2615 2974 
3212: 1363 2041 2533 
3213: 3209 3214 
3214: 3213 3215 
3215: 3214 3217 
3216: 3592 4592 
3217: 3215 3224 
3218: 382 2250 2302 2678 4211 
3219: 254 2472 3561 4874 
3220: 264 504 1200 
3221: 560 1476 2094 3019 4793 
3222: 580 4669 
3223: 138 1436 1867 
3224: 3217 3228 
3225: 196 1297 
3226: 1015 3324 
3227: 755 2313 2683 
3228: 3224 3231 
3229: 823 1550 1958 3465 
3230: 84 1134 1909 3833 
3231: 3228 3236 
3232: 806 1873 3061 3821 4137 
3233: 504 1004 1488 3699 4250 
3234: 863 1869 1907 2826 3452 
3235: 3423 3694 4717 
3236: 3231 3237 
3237: 3236 3240 
3238: 279 2076 2703 
3239: 530 4181 
3240: 3237 3242 
3241: 3588 4159 4194 
3242: 3240 3245 
3243: 2655 3340 4335 
3244: 1762 2527 3793 4173 
3245: 3242 3246 
3246: 3245 3248 
3247: 156 947 2024 2606 
3248: 3246 3250 
3249: 1853 2067 2502 3524 4139 
3250: 3248 3251 
3251: 3250 3254 
3252: 608 1946 2978 
3253: 458 1263 3458 4009 
3254: 3251 3258 
3255: 1612 2345 2423 
3256: 1519 3977 4872 
3257: 3382 4455 
3258: 3254 3260 
3259: 316 602 4125 
3260: 3258 3261 
3261: 3260 3264 
3262: 704 1210 4039 4847 
3263: 2055 3026 
3264: 3261 3265 
3265: 3264 3266 
3266: 3265 3270 
3267: 2466 2516 2523 4580 
3268: 138 803 4909 
3269: 830 1411 2258 4315 
3270: 3266 3271 
3271: 3270 3272 
3272: 3271 3273 
3273: 3272 3275 
3274: 33 2444 3081 4172 
3275: 3273 3277 
3276: 2809 4395 
3277: 3275 3278 
3278: 3277 3280 
3279: 1286 1934 2590 
3280: 3278 3283 
3281: 862 1462 
3282: 1870 2829 3562 4488 
3283: 3280 3287 
3284: 1673 2023 3156 4234 4645 
3285: 754 1873 2350 
3286: 18 1119 2444 
3287: 3283 3288 
3288: 3287 3290 
3289: 219 462 1020 
3290: 3288 3292 
3291: 32 2283 3592 4772 
3292: 3290 3293 
3293: 3292 3295 
3294: 974 1945 2385 2767 3953 
3295: 3293 3297 
3296: 1697 2721 3824 
3297: 3295 3298 
3298: 3297 3300 
3299: 1833 2862 4038 4433 4502 
3300: 3298 3303 
3301: 2689 2946 3678 4072 4138 
3302: 4022 4920 
3303: 3300 3306 
3304: 564 1001 3135 
3305: 625 1704 1748 4992 
3306: 3303 3308 
3307: 1020 2396 2819 3972 4245 
3308: 3306 3309 
3309: 3308 3310 
3310: 3309 3311 
3311: 3310 3312 
3312: 3311 3313 
3313: 3312 3314 
3314: 3313 3315 
3315: 3314 3316 
3316: 3315 3322 
3317: 186 1777 2778 4957 
3318: 974 2467 4344 4621 
3319: 725 3729 4072 
3320: 1395 3492 
3321: 2477 4378 4910 
3322: 3316 3323 
3323: 3322 3327 
3324: 1458 2899 3226 3830 4759 
3325: 1642 3038 
3326: 1648 1740 
3327: 3323 3329 
3328: 15 453 1813 2146 3123 
3329: 3327 3331 
3330: 1513 2281 2834 4560 
3331: 3329 3336 
3332: 194 313 1147 1485 3611 
3333: 1508 1913 2413 4558 
3334: 32 1171 1813 
3335: 1873 3766 4117 4934 4963 
3336: 3331 3337 
3337: 3336 3347 
3338: 4048 4426 4484 
3339: 805 2598 
3340: 2014 3243 
3341: 2155 3000 3845 
3342: 1656 2261 2908 4256 
3343: 1107 1349 2334 
3344: 1593 1701 
3345: 1709 2515 
3346: 987 1589 2326 2612 2910 
3347: 3337 3348 
3348: 3347 3351 
3349: 727 2221 3549 4075 4214 
3350: 3132 3813 
3351: 3348 3352 
3352: 3351 3354 
3353: 2899 3054 4205 4339 
3354: 3352 3355 
3355: 3354 3359 
3356: 301 2803 2834 2912 3845 
3357: 421 1151 1260 1579 
3358: 2 988 1928 
3359: 3355 3361 
3360: 1793 3379 3787 4099 4905 
3361: 3359 3362 
3362: 3361 3363 
3363: 3362 3368 
3364: 988 4063 4580 
3365: 643 1190 2845 
3366: 24 3998 3999 
3367: 1159 2558 4110 
3368: 3363 3369 
3369: 3368 3372 
3370: 1506 2003 
3371: 990 4302 4439 
3372: 3369 3373 
3373: 3372 3374 
3374: 3373 3375 
3375: 3374 3380 
3376: 558 783 
3377: 620 2349 3395 
3378: 351 787 1140 1979 2529 
3379: 947 1333 3360 
3380: 3375 3381 
3381: 3380 3384 
3382: 493 1087 2725 3257 
3383: 2495 3175 3179 
3384: 3381 3385 
3385: 3384 3386 
3386: 3385 3387 
3387: 3386 3388 
3388: 3387 3389 
3389: 3388 3390 
3390: 3389 3393 
3391: 1190 1286 1388 1593 
3392: 2819 3043 3916 4317 
3393: 3390 3397 
3394: 2396 3526 4153 4352 
3395: 31 2147 3377 3793 
3396: 417 914 4948 
3397: 3393 3400 
3398: 2780 3054 4537 
3399: 2480 3110 
3400: 3397 3404 
3401: 784 4441 
3402: 337 3566 
3403: 1872 4254 
3404: 3400 3406 
3405: 2171 2207 
3406: 3404 3411 
3407: 1380 1605 1718 3793 4455 
3408: 246 4251 
3409: 2146 2641 3500 4502 
3410: 3069 3130 3632 3660 4076 
3411: 3406 3413 
3412: 147 365 1725 3685 4110 
3413: 3411 3414 
3414: 3413 3415 
3415: 3414 3419 
3416: 1008 1060 1579 2024 
3417: 2146 2406 4514 4970 
3418: 299 402 1238 2578 3699 
3419: 3415 3420 4224 
3420: 3419 3424 
3421: 11 3968 4665 4899 
3422: 1320 2510 2737 2945 
3423: 1154 3235 4993 
3424: 3420 3425 
3425: 3424 3426 
3426: 3425 3428 
3427: 911 1543 3905 3999 4032 
3428: 3426 3433 
3429: 273 414 887 1945 
3430: 1258 1577 3676 
3431: 365 854 
3432: 3628 3708 4494 4914 
3433: 3428 3434 
3434: 3433 3435 
3435: 3434 3436 
3436: 3435 3437 
3437: 3436 3438 
3438: 3437 3439 
3439: 3438 3441 
3440: 1283 1568 2746 4403 4621 
3441: 3439 3442 
3442: 3441 3444 
3443: 51 2644 3460 3506 4208 
3444: 3442 3445 3537 
3445: 3444 3453 
3446: 2907 3521 3925 4846 
3447: 139 2091 
3448: 1457 2766 3040 3638 
3449: 150 1798 2146 2989 
3450: 841 1254 1486 
3451: 2363 3723 4240 4837 
3452: 1234 2067 3234 3846 
3453: 3445 3454 
3454: 3453 3456 
3455: 844 2915 2933 3520 
3456: 3454 3457 
3457: 3456 3461 
3458: 2206 2421 3253 4972 
3459: 1025 2745 3095 3177 4273 
3460: 1446 2181 3443 
3461: 3457 3462 
3462: 3461 3463 
3463: 3462 3469 
3464: 1399 1627 4346 
3465: 337 1931 2557 3229 4158 
3466: 1556 1695 2286 2589 3072 
3467: 1037 1388 2003 3124 4050 
3468: 1162 2491 4059 
3469: 3463 3470 
3470: 3469 3471 
3471: 3470 3472 
3472: 3471 3474 
3473: 24 192 2781 4799 
3474: 3472 3477 
3475: 2577 4573 
3476: 785 1320 1398 
3477: 3474 3479 
3478: 72 1503 1509 3048 
3479: 3477 3480 
3480: 3479 3482 
3481: 772 2055 2144 4364 
3482: 3480 3485 
3483: 565 713 2953 4954 
3484: 1404 3486 3846 
3485: 3482 3487 
3486: 402 1226 2727 3484 4745 
3487: 3485 3488 
3488: 3487 3489 
3489: 3488 3490 
3490: 3489 3493 
3491: 1809 1894 
3492: 3320 4115 
3493: 3490 3494 
3494: 3493 3497 
3495: 222 2153 3668 4059 
3496: 824 1826 1952 4752 
3497: 3494 3502 
3498: 1093 2263 
3499: 210 2430 2702 3061 4909 
3500: 963 3409 4445 
3501: 1179 2786 4414 4929 
3502: 3497 3503 
3503: 3502 3504 
3504: 3503 3505 
3505: 3504 3512 
3506: 2393 3443 3916 
3507: 2145 3096 4565 
3508: 789 1259 4842 
3509: 368 1097 1283 
3510: 2013 2964 4369 4373 4454 
3511: 50 1412 2385 4733 
3512: 3505 3513 
3513: 3512 3514 
3514: 3513 3518 
3515: 914 1333 1855 3735 
3516: 1594 1911 2593 2698 
3517: 1141 3935 4773 
3518: 3514 3522 
3519: 471 858 4203 4205 
3520: 2181 2562 3455 
3521: 12 884 3446 
3522: 3518 3523 
3523: 3522 3525 
3524: 285 2460 3249 4188 
3525: 3523 3528 
3526: 1191 2238 3394 
3527: 834 1176 4619 
3528: 3525 3529 
3529: 3528 3530 
3530: 3529 3531 
3531: 3530 3538 
3532: 203 691 
3533: 945 1410 2105 3091 4095 
3534: 404 2420 4928 
3535: 582 1016 1429 1874 
3536: 1104 2479 4224 
3537: 802 3444 3932 4341 
3538: 3531 3539 
3539: 3538 3541 
3540: 507 1824 3066 4001 
3541: 3539 3542 
3542: 3541 3543 
3543: 3542 3544 
3544: 3543 3545 
3545: 3544 3546 
3546: 3545 3550 
3547: 1335 1574 4340 4535 4860 
3548: 2708 2822 2999 
3549: 3349 4250 
3550: 3546 3553 
3551: 3623 3894 4477 
3552: 861 1755 1996 4648 
3553: 3550 3554 
3554: 3553 3555 
3555: 3554 3559 
3556: 61 1006 2643 3183 
3557: 283 393 1698 1863 4399 
3558: 384 1417 2556 
3559: 3555 3565 
3560: 136 2697 3824 
3561: 759 1504 1805 3219 3755 
3562: 2334 2402 3069 3282 
3563: 185 977 2363 4573 
3564: 1365 4216 4459 
3565: 3559 3567 
3566: 2276 3402 
3567: 3565 3568 
3568: 3567 3569 
3569: 3568 3570 
3570: 3569 3571 
3571: 3570 3575 
3572: 1855 4039 4130 4131 
3573: 156 1537 2780 4796 
3574: 800 1774 2510 
3575: 3571 3578 
3576: 508 1179 1333 2459 
3577: 179 4873 
3578: 3575 3579 
3579: 3578 3582 
3580: 56 1435 4978 
3581: 316 712 3072 4207 
3582: 3579 3586 
3583: 2092 4131 
3584: 1539 1902 4333 
3585: 1363 1364 3086 3862 
3586: 3582 3589 
3587: 2434 3702 
3588: 544 2300 2351 3241 
3589: 3586 3590 
3590: 3589 3594 
3591: 98 1611 2865 4551 4776 
3592: 420 3216 3291 
3593: 1868 2546 4563 
3594: 3590 3595 
3595: 3594 3599 
3596: 1217 1534 2687 2935 4143 
3597: 2126 2973 3182 4772 
3598: 134 1317 1711 2201 2839 
3599: 3595 3600 
3600: 3599 3602 
3601: 787 1553 1745 2557 3707 
3602: 3600 3604 
3603: 864 1627 1673 4574 
3604: 3602 3605 
3605: 3604 3607 
3606: 2602 3680 4488 
3607: 3605 3608 
3608: 3607 3609 
3609: 3608 3613 
3610: 1636 2367 4232 
3611: 824 1364 2538 2679 3332 
3612: 2447 2688 2992 4871 
3613: 3609 3616 
3614: 399 610 3148 
3615: 483 1556 2276 4085 
3616: 3613 3617 
3617: 3616 3620 
3618: 56 1506 2501 
3619: 2519 3961 4091 
3620: 3617 3621 
3621: 3620 3624 
3622: 553 1987 2785 4694 
3623: 2153 3551 4305 
3624: 3621 3627 
3625: 1462 1643 
3626: 2487 
3627: 3624 3629 
3628: 214 1496 3432 3968 
3629: 3627 3630 
3630: 3629 3631 
3631: 3630 3636 
3632: 125 766 3410 4883 
3633: 4477 4661 
3634: 58 1269 2543 3723 4269 
3635: 1946 4586 4873 
3636: 3631 3637 
3637: 3636 3639 
3638: 2127 2203 2315 3448 3993 
3639: 3637 3643 
3640: 1871 1971 4967 
3641: 925 1409 1820 4138 
3642: 146 4235 
3643: 3639 3644 
3644: 3643 3645 
3645: 3644 3648 
3646: 564 2164 
3647: 1075 3650 
3648: 3645 3649 
3649: 3648 3652 
3650: 358 2054 3647 
3651: 270 744 931 2092 3981 
3652: 3649 3653 
3653: 3652 3655 
3654: 1286 1446 2470 2494 
3655: 3653 3656 
3656: 3655 3657 
3657: 3656 3659 
3658: 845 864 
3659: 3657 3663 
3660: 43 1396 1849 3410 4236 
3661: 2164 4583 
3662: 1130 3033 3861 3941 
3663: 3659 3666 
3664: 61 2061 2977 
3665: 3762 4223 4741 
3666: 3663 3667 
3667: 3666 3670 
3668: 2515 3495 
3669: 2869 2942 3693 
3670: 3667 3672 
3671: 1948 2970 3906 
3672: 3670 3674 
3673: 1420 1457 1692 1707 
3674: 3672 3679 
3675: 818 1805 2399 
3676: 1664 3430 3712 
3677: 532 977 1028 4467 
3678: 2502 3301 3748 
3679: 3674 3684 
3680: 2016 3606 4821 
3681: 1428 3118 
3682: 781 974 4807 
3683: 3072 3156 4637 
3684: 3679 3686 
3685: 59 456 3412 
3686: 3684 3688 
3687: 693 1277 1288 2785 
3688: 3686 3689 
3689: 3688 3690 
3690: 3689 3691 
3691: 3690 3692 
3692: 3691 3695 
3693: 3669 3934 4831 
3694: 210 672 958 3235 3830 
3695: 3692 3696 
3696: 3695 3697 
3697: 3696 3698 
3698: 3697 3704 
3699: 1638 3233 3418 
3700: 1664 3089 3847 
3701: 1054 1687 1899 1918 
3702: 525 1117 2107 2916 3587 
3703: 3179 4183 4274 
3704: 3698 3705 
3705: 3704 3706 
3706: 3705 3709 
3707: 589 893 3601 
3708: 2068 2538 2993 3432 
3709: 3706 3710 
3710: 3709 3711 
3711: 3710 3713 
3712: 1545 3676 
3713: 3711 3714 
3714: 3713 3715 
3715: 3714 3717 
3716: 2733 4660 
3717: 3715 3718 
3718: 3717 3720 
3719: 31 543 2501 
3720: 3718 3721 
3721: 3720 3722 
3722: 3721 3724 
3723: 358 3084 3451 3634 4234 
3724: 3722 3725 
3725: 3724 3727 
3726: 517 1620 2483 
3727: 3725 3728 
3728: 3727 3730 
3729: 3319 4532 
3730: 3728 3731 
3731: 3730 3732 
3732: 3731 3734 
3733: 179 500 1714 2228 4696 
3734: 3732 3736 
3735: 773 1655 1929 3515 
3736: 3734 3737 
3737: 3736 3738 
3738: 3737 3742 
3739: 2144 2413 2630 
3740: 2121 2969 3910 
3741: 1726 2385 2955 
3742: 3738 3743 
3743: 3742 3745 
3744: 377 739 1646 
3745: 3743 3746 
3746: 3745 3751 
3747: 1543 3813 4150 4294 
3748: 785 2746 2770 3678 4052 
3749: 126 2121 4455 
3750: 1942 2142 2885 4709 
3751: 3746 3752 
3752: 3751 3753 
3753: 3752 3754 
3754: 3753 3756 
3755: 354 2462 3561 4606 
3756: 3754 3759 
3757: 1231 2652 
3758: 957 1949 3817 4261 
3759: 3756 3760 
3760: 3759 3762 
3761: 1265 3120 4326 4582 4869 
3762: 3665 3760 3764 
3763: 1862 2203 3149 
3764: 3762 3765 
3765: 3764 3767 
3766: 1411 2567 3335 4465 4514 
3767: 3765 3769 
3768: 518 1794 2937 
3769: 3767 3770 
3770: 3769 3773 
3771: 1335 1582 
3772: 797 1474 2931 
3773: 3770 3775 
3774: 360 1725 2969 
3775: 3773 3776 
3776: 3775 3779 
3777: 372 597 2973 3121 4328 
3778: 663 1573 3012 3990 
3779: 3776 3781 
3780: 1688 2163 2967 4118 
3781: 3779 3782 
3782: 3781 3784 
3783: 572 766 2414 
3784: 3782 3785 
3785: 3784 3789 
3786: 1217 3851 
3787: 107 1410 1548 3360 4942 
3788: 914 2184 4115 4465 
3789: 3785 3790 
3790: 3789 3794 
3791: 1116 1407 1734 2351 4468 
3792: 1899 2698 3890 
3793: 1700 3111 3244 3395 3407 
3794: 3790 3795 
3795: 3794 3797 
3796: 867 4665 
3797: 3795 3798 
3798: 3797 3801 
3799: 171 2255 2346 2835 4271 
3800: 17 305 2768 2892 
3801: 3798 3802 
3802: 3801 3803 
3803: 3802 3804 
3804: 3803 3809 
3805: 1591 2000 4546 
3806: 2240 3103 3831 4075 4441 
3807: 39 75 1347 4104 4441 
3808: 2920 3967 4064 
3809: 3804 3810 
3810: 3809 3811 
3811: 3810 3812 
3812: 3811 3815 
3813: 3350 3747 3863 
3814: 1961 2258 2386 3115 
3815: 1706 3812 3816 
3816: 3815 3818 
3817: 1102 3758 
3818: 3816 3819 
3819: 3818 3822 
3820: 78 1657 1866 2622 3119 
3821: 3232 4569 
3822: 3819 3823 
3823: 3822 3825 
3824: 1703 3094 3296 3560 
3825: 3823 3826 
3826: 3825 3827 
3827: 3826 3828 
3828: 3827 3832 
3829: 1643 1851 4946 
3830: 98 2245 3324 3694 4513 
3831: 2413 3806 4377 
3832: 3828 3835 
3833: 28 2844 3230 
3834: 136 213 3159 
3835: 3832 3837 
3836: 441 804 
3837: 3835 3841 
3838: 688 3123 3991 4588 4766 
3839: 68 474 941 2751 3135 
3840: 75 592 1850 2467 4456 
3841: 3837 3842 
3842: 3841 3843 
3843: 3842 3848 
3844: 52 271 734 797 1497 
3845: 2559 3341 3356 4103 
3846: 3452 3484 
3847: 129 3700 4522 
3848: 3843 3849 
3849: 3848 3852 
3850: 1508 2179 3928 
3851: 1239 1283 2480 3015 3786 
3852: 3849 3853 
3853: 3852 3854 
3854: 3853 3857 
3855: 1648 2022 2533 
3856: 16 314 621 4796 
3857: 3854 3858 
3858: 3857 3859 
3859: 3858 3860 
3860: 3859 3865 
3861: 3105 3662 4422 
3862: 1966 2640 3585 3906 4893 
3863: 785 1799 2334 3813 3884 
3864: 1690 2728 
3865: 3860 3867 
3866: 1226 2605 
3867: 3865 3869 
3868: 511 617 4024 4205 
3869: 3867 3870 
3870: 3869 3871 
3871: 3870 3873 
3872: 10 1287 2231 2392 4032 
3873: 3871 3874 
3874: 3873 3875 
3875: 3874 3879 
3876: 533 889 1762 2650 2909 
3877: 2838 4562 
3878: 2447 3972 4773 4993 
3879: 3875 3880 
3880: 3879 3885 
3881: 960 1931 2538 
3882: 1376 3205 
3883: 804 997 1010 3109 3910 
3884: 966 1235 1372 1948 3863 
3885: 3880 3886 
3886: 3885 3887 
3887: 3886 3888 
3888: 3887 3889 
3889: 1657 3888 3891 
3890: 1739 2109 2441 3792 4339 
3891: 3889 3892 
3892: 3891 3895 
3893: 224 4801 
3894: 774 3551 4564 
3895: 3892 3898 
3896: 510 1406 4183 
3897: 98 994 2278 3009 3118 
3898: 3895 3900 
3899: 691 4395 4982 
3900: 3898 3901 
3901: 3900 3902 
3902: 3901 3907 
3903: 697 1909 4432 
3904: 11 1867 1962 2192 
3905: 655 2965 3427 
3906: 1853 3671 3862 
3907: 3902 3908 
3908: 3907 3911 
3909: 1111 2168 
3910: 1962 2532 3740 3883 4566 
3911: 3908 3912 
3912: 3911 3913 
3913: 3912 3915 
3914: 1354 4075 
3915: 3913 3918 
3916: 853 3392 3506 
3917: 705 931 4230 4979 
3918: 3915 3919 
3919: 3918 3922 
3920: 1880 2990 
3921: 1151 2820 4224 4393 
3922: 3919 3923 
3923: 3922 3926 
3924: 586 968 977 2300 4598 
3925: 1271 2022 3446 4303 
3926: 3923 3927 
3927: 3926 3929 
3928: 1161 2955 3850 
3929: 3927 3931 
3930: 182 2660 4672 4995 
3931: 3929 3936 
3932: 125 2287 3537 4285 4490 
3933: 721 732 
3934: 1141 3198 3693 
3935: 127 1639 3517 4346 4661 
3936: 3931 3939 
3937: 2328 2357 2743 4606 
3938: 2608 4603 
3939: 3936 3943 
3940: 543 1717 2854 4949 
3941: 1640 1840 2877 3662 4942 
3942: 230 453 1148 1343 
3943: 3939 3944 
3944: 3943 3946 
3945: 1556 1777 2838 2847 4303 
3946: 3944 3947 
3947: 3946 3949 
3948: 1823 2681 
3949: 3947 3951 
3950: 1400 2295 3050 3183 
3951: 3949 3954 
3952: 715 2537 
3953: 543 2984 3294 
3954: 3951 3956 
3955: 308 2645 
3956: 3954 3957 
3957: 3956 3960 
3958: 374 1039 1649 2911 
3959: 1612 2167 2595 
3960: 3957 3964 
3961: 379 450 3619 
3962: 948 2725 4214 
3963: 1323 1385 2988 
3964: 3960 3965 
3965: 3964 3969 
3966: 1368 1549 1927 4239 4440 
3967: 3808 3978 4171 4928 
3968: 2665 3421 3628 
3969: 3965 3970 
3970: 3969 3971 
3971: 3970 3973 
3972: 3307 3878 
3973: 3971 3974 
3974: 3973 3975 
3975: 3974 3980 
3976: 987 2448 
3977: 104 1628 2066 3256 
3978: 568 2470 3967 4177 
3979: 908 1773 2721 
3980: 3975 3982 
3981: 437 1849 3048 3651 4291 
3982: 3980 3983 
3983: 3982 3986 
3984: 2917 3169 
3985: 156 4946 
3986: 3983 3987 
3987: 3986 3989 
3988: 1727 4256 
3989: 3987 3992 
3990: 354 2468 3142 3778 4104 
3991: 1680 2311 3838 4489 
3992: 3989 3994 
3993: 1476 2153 2414 3638 
3994: 3992 3996 
3995: 782 1405 2663 
3996: 3994 3997 
3997: 3996 4000 
3998: 2640 3366 
3999: 632 1508 3366 3427 
4000: 3997 4003 
4001: 2521 3063 3540 4847 
4002: 482 990 4612 
4003: 4000 4004 
4004: 4003 4005 
4005: 4004 4007 
4006: 60 379 3105 
4007: 4005 4008 
4008: 4007 4010 
4009: 213 887 1288 3253 4422 
4010: 4008 4011 
4011: 4010 4012 
4012: 4011 4014 
4013: 1002 1496 1908 1958 2833 
4014: 4012 4015 
4015: 4014 4016 
4016: 4015 4017 
4017: 4016 4019 
4018: 2221 2646 2662 
4019: 4017 4020 
4020: 4019 4023 
4021: 98 329 1362 2576 
4022: 2322 2508 3302 
4023: 4020 4025 
4024: 835 1672 2443 2774 3868 
4025: 4023 4026 
4026: 4025 4027 
4027: 4026 4029 
4028: 4093 4788 4952 
4029: 4027 4030 
4030: 4029 4031 
4031: 4030 4034 
4032: 2876 3427 3872 
4033: 673 2946 
4034: 4031 4035 
4035: 4034 4040 
4036: 283 1175 1420 4678 4903 
4037: 2650 4105 
4038: 131 1399 2420 3299 4438 
4039: 386 2657 3262 3572 4136 
4040: 4035 4042 
4041: 119 404 581 
4042: 4040 4043 
4043: 4042 4045 
4044: 329 393 830 1051 4340 
4045: 4043 4046 
4046: 4045 4047 
4047: 4046 4049 
4048: 2493 3338 4285 
4049: 4047 4051 
4050: 337 987 1745 3467 
4051: 4049 4053 
4052: 1405 3748 4451 4634 
4053: 4051 4054 
4054: 4053 4056 
4055: 116 200 1089 4157 
4056: 4054 4057 
4057: 4056 4060 
4058: 766 2318 
4059: 1450 3468 3495 
4060: 4057 4062 
4061: 608 1870 2236 
4062: 4060 4066 
4063: 286 1231 3364 
4064: 3808 4207 
4065: 416 1023 2083 
4066: 4062 4068 
4067: 4 1642 2557 3080 
4068: 4066 4069 
4069: 4068 4070 
4070: 4069 4071 
4071: 4070 4078 
4072: 3 2907 3301 3319 
4073: 486 1505 1709 
4074: 62 313 2339 4544 
4075: 1172 1832 3349 3806 3914 
4076: 2363 3410 4569 
4077: 406 1686 2766 
4078: 4071 4079 
4079: 4078 4080 
4080: 4079 4081 
4081: 4080 4082 
4082: 4081 4084 
4083: 1731 1803 2556 
4084: 4082 4086 
4085: 232 3183 3615 
4086: 4084 4087 
4087: 4086 4088 
4088: 4087 4089 
4089: 4088 4090 
4090: 4089 4094 
4091: 277 778 845 3619 4241 
4092: 1504 1792 3127 4634 
4093: 2058 4028 
4094: 4090 4098 
4095: 1758 1913 2916 3533 
4096: 236 428 1264 3161 4569 
4097: 436 1820 2168 4607 
4098: 4094 4100 
4099: 276 2800 3360 
4100: 4098 4101 
4101: 4100 4102 
4102: 4101 4107 
4103: 78 945 3845 
4104: 2708 2946 3807 3990 4949 
4105: 1804 2553 4037 
4106: 102 3047 4479 
4107: 4102 4109 
4108: 2285 4514 4869 
4109: 4107 4111 
4110: 2512 3367 3412 
4111: 4109 4113 
4112: 1035 4136 
4113: 4111 4114 
4114: 4113 4116 4246 
4115: 3492 3788 4694 
4116: 4114 4119 
4117: 421 2325 3335 4335 
4118: 567 3780 
4119: 4116 4120 
4120: 4119 4123 
4121: 339 3185 
4122: 804 1654 2383 4844 4970 
4123: 4120 4124 
4124: 4123 4126 
4125: 493 1440 3259 
4126: 4124 4127 
4127: 4126 4129 
4128: 910 2826 4431 
4129: 4127 4132 
4130: 568 2497 3572 4372 
4131: 1201 2529 3572 3583 
4132: 4129 4133 
4133: 4132 4134 
4134: 4133 4142 
4135: 513 626 2764 2872 3018 
4136: 171 204 2721 4039 4112 
4137: 131 1363 3232 
4138: 835 1319 3301 3641 4562 
4139: 119 810 3249 
4140: 129 1104 2957 
4141: 1716 1975 2179 4224 
4142: 4134 4145 
4143: 2622 2864 3596 
4144: 2684 3200 
4145: 4142 4146 
4146: 4145 4149 
4147: 3056 4445 4727 4970 
4148: 2339 2595 
4149: 4146 4151 
4150: 929 3747 4871 4916 
4151: 4149 4155 
4152: 1731 1925 2124 
4153: 279 2211 2967 3394 4326 
4154: 2559 4861 
4155: 4151 4156 
4156: 4155 4161 
4157: 156 2300 2453 3121 4055 
4158: 2516 2618 2724 3465 4895 
4159: 520 2191 3241 4432 
4160: 768 2322 4465 
4161: 4156 4162 
4162: 4161 4163 
4163: 4162 4164 
4164: 4163 4166 
4165: 1323 1504 4391 
4166: 4164 4168 
4167: 820 1725 2666 3122 4953 
4168: 4166 4170 
4169: 1804 3200 
4170: 4168 4174 4190 
4171: 1806 2171 3153 3967 4564 
4172: 517 1322 1682 3274 
4173: 482 1407 2764 3244 
4174: 4170 4175 
4175: 4174 4176 
4176: 4175 4178 
4177: 2864 3208 3978 4381 
4178: 4176 4179 
4179: 4178 4180 
4180: 4179 4182 
4181: 2801 3239 
4182: 4180 4185 
4183: 1188 3703 3896 4960 
4184: 162 4395 4964 
4185: 4182 4186 
4186: 4185 4192 
4187: 592 683 
4188: 986 3524 
4189: 372 1372 1958 4381 
4190: 4170 4521 4794 
4191: 83 1060 
4192: 4186 4193 
4193: 4192 4195 
4194: 50 949 3241 
4195: 4193 4197 
4196: 142 1968 4999 
4197: 4195 4201 
4198: 289 1655 2935 3120 
4199: 1092 2448 4255 
4200: 57 353 637 713 
4201: 4197 4202 
4202: 4201 4206 
4203: 1509 3195 3519 4331 
4204: 294 900 2764 
4205: 486 3353 3519 3868 
4206: 4202 4209 
4207: 957 2460 3581 4064 
4208: 499 558 1147 1401 3443 
4209: 4206 4210 
4210: 4209 4215 
4211: 513 1948 3218 4592 
4212: 416 1548 
4213: 210 1908 1969 3065 4766 
4214: 3000 3349 3962 
4215: 4210 4217 
4216: 734 1110 2231 3564 
4217: 4215 4222 
4218: 1523 3210 
4219: 238 1781 2861 
4220: 83 1188 3000 4269 
4221: 598 2854 4613 
4222: 4217 4228 
4223: 1961 2768 3665 
4224: 1054 3419 3536 3921 4141 
4225: 1866 2092 2974 4877 
4226: 690 1139 1573 1708 4974 
4227: 1005 1476 2580 2643 4546 
4228: 4222 4233 
4229: 20 1605 2221 2820 4261 
4230: 1175 1512 3917 
4231: 2477 2622 2649 
4232: 206 234 3610 4477 
4233: 4228 4238 
4234: 41 2559 3284 3723 
4235: 899 3642 
4236: 1223 1549 2145 3660 
4237: 915 1370 4377 
4238: 4233 4243 
4239: 700 1051 1318 3966 4501 
4240: 22 1498 1765 3210 3451 
4241: 962 2598 4091 
4242: 215 2350 
4243: 4238 4244 
4244: 4243 4249 
4245: 1085 1401 3033 3307 4984 
4246: 1239 2192 3086 4114 
4247: 4567 4617 4752 
4248: 152 1968 4450 
4249: 4244 4252 
4250: 1134 1993 3233 3549 
4251: 236 1912 3041 3408 
4252: 4249 4257 
4253: 473 1624 1755 2455 
4254: 262 2957 3100 3403 4472 
4255: 483 1405 1523 2986 4199 
4256: 2771 3342 3988 
4257: 4252 4259 
4258: 1750 1814 4386 
4259: 4257 4260 
4260: 4259 4262 
4261: 136 2287 3758 4229 
4262: 4260 4263 
4263: 4262 4265 
4264: 1445 2563 4671 4793 
4265: 4263 4266 
4266: 2335 4265 4267 
4267: 4266 4268 
4268: 4267 4270 
4269: 931 945 2933 3634 4220 
4270: 4268 4272 
4271: 178 1026 2197 3799 4467 
4272: 4270 4275 
4273: 20 140 2087 3459 4458 
4274: 3096 3703 4727 4761 
4275: 4272 4276 
4276: 4275 4277 
4277: 4276 4278 
4278: 4277 4279 
4279: 4278 4281 
4280: 1655 1803 2977 
4281: 4279 4282 
4282: 4281 4283 
4283: 4282 4284 
4284: 4283 4286 
4285: 1098 1399 3932 4048 4686 
4286: 4284 4288 
4287: 436 1932 2862 
4288: 4286 4289 
4289: 4288 4290 
4290: 4289 4292 
4291: 196 3981 
4292: 4290 4293 
4293: 4292 4295 
4294: 1266 3747 
4295: 4293 4296 
4296: 4295 4298 
4297: 1388 1740 
4298: 4296 4299 
4299: 4298 4300 
4300: 4299 4301 
4301: 4300 4306 
4302: 1426 2514 2549 3371 
4303: 2108 3925 3945 
4304: 421 4562 4757 
4305: 806 2261 2519 3623 4439 
4306: 4301 4307 
4307: 4306 4310 
4308: 25 582 1119 
4309: 1216 1859 4979 
4310: 4307 4311 
4311: 4310 4312 
4312: 4311 4313 
4313: 4312 4314 
4314: 4313 4316 
4315: 2087 3269 4508 4611 
4316: 4314 4319 
4317: 2283 2713 2979 3392 
4318: 146 354 2402 2427 2994 
4319: 4316 4321 
4320: 852 1482 2249 2962 4534 
4321: 4319 4322 
4322: 4321 4323 
4323: 4322 4325 
4324: 1268 1725 2383 
4325: 4323 4330 
4326: 2135 2974 3761 4153 4522 
4327: 853 2471 2682 2789 4329 
4328: 1248 2877 3777 
4329: 273 4327 4772 
4330: 4325 4332 
4331: 717 867 933 4203 
4332: 4330 4334 
4333: 7 525 1179 1623 3584 
4334: 4332 4336 
4335: 2058 2094 3243 4117 4439 
4336: 4334 4338 
4337: 4362 4486 
4338: 4336 4345 
4339: 452 710 3353 3890 
4340: 1846 3155 3547 4044 
4341: 3537 4547 
4342: 567 1260 1319 2778 2988 
4343: 234 1071 
4344: 823 3318 
4345: 4338 4347 
4346: 316 1868 3464 3935 
4347: 4345 4348 
4348: 4347 4349 
4349: 4348 4350 
4350: 4349 4355 
4351: 200 1583 4741 
4352: 2799 3394 4367 4645 4886 
4353: 1349 1672 2500 4436 
4354: 1284 2584 2618 
4355: 4350 4356 
4356: 4355 4359 
4357: 2256 2441 
4358: 219 1577 2781 
4359: 4356 4363 
4360: 294 850 1478 1971 2068 
4361: 85 4907 
4362: 2619 4337 4414 4679 
4363: 4359 4366 
4364: 3097 3481 
4365: 1 48 2620 
4366: 4363 4368 
4367: 1542 2148 2505 4352 
4368: 4366 4370 
4369: 146 252 1485 3510 4904 
4370: 4368 4374 
4371: 846 1929 2639 2847 
4372: 1027 4130 
4373: 350 941 2774 3510 4909 
4374: 4370 4375 
4375: 4374 4382 
4376: 805 1894 2891 4436 4841 
4377: 1658 3831 4237 4960 
4378: 0 1334 3321 
4379: 580 884 1378 2087 
4380: 1833 3202 4886 
4381: 4177 4189 
4382: 4375 4385 
4383: 1543 2100 2481 4879 
4384: 245 1813 1854 
4385: 4382 4387 
4386: 108 246 1335 4258 
4387: 4385 4388 
4388: 4387 4389 
4389: 4388 4390 
4390: 4389 4394 
4391: 4165 4513 4986 
4392: 94 751 2216 
4393: 887 2453 3921 
4394: 4390 4397 
4395: 2114 3276 3899 4184 
4396: 1492 4939 
4397: 4394 4398 
4398: 4397 4401 
4399: 2603 2619 3557 
4400: 1021 1305 
4401: 4398 4402 
4402: 4401 4404 
4403: 2109 3440 
4404: 4402 4405 
4405: 4404 4406 
4406: 4405 4407 
4407: 3022 4406 4408 
4408: 4407 4409 
4409: 4408 4410 
4410: 4409 4411 
4411: 4410 4413 
4412: 450 966 2410 4422 4611 
4413: 4411 4415 
4414: 668 1211 3501 4362 4650 
4415: 4413 4416 
4416: 4415 4418 
4417: 4441 4915 
4418: 4416 4419 
4419: 4418 4423 
4420: 2093 2196 2678 
4421: 597 2770 2885 
4422: 2710 3861 4009 4412 
4423: 4419 4424 
4424: 4423 4427 
4425: 1788 2142 2154 4874 
4426: 685 2308 3338 
4427: 4424 4428 
4428: 4427 4429 
4429: 4428 4430 
4430: 4429 4434 
4431: 425 4128 4472 4939 
4432: 2213 2387 3107 3903 4159 
4433: 1582 3299 
4434: 4430 4435 
4435: 4434 4437 
4436: 1714 4353 4376 
4437: 4435 4442 
4438: 910 1091 1632 2962 4038 
4439: 2361 3371 4305 4335 
4440: 2892 3966 
4441: 3401 3806 3807 4417 
4442: 4437 4444 
4443: 2041 2529 
4444: 4442 4446 
4445: 1075 3500 4147 4710 
4446: 4444 4447 
4447: 4446 4448 
4448: 4447 4452 
4449: 354 1235 1925 2833 
4450: 674 4248 
4451: 1835 2563 4052 4632 
4452: 4448 4453 
4453: 4452 4457 
4454: 402 1186 2657 3510 4847 
4455: 3257 3407 3749 
4456: 1318 1503 3840 4763 
4457: 4453 4460 
4458: 2576 4273 4485 4903 
4459: 2966 3564 
4460: 4457 4461 
4461: 4460 4462 
4462: 4461 4463 
4463: 4462 4464 
4464: 4463 4466 
4465: 2965 3766 3788 4160 
4466: 4464 4471 
4467: 537 3677 4271 4773 
4468: 961 1480 2292 3791 
4469: 1649 4509 
4470: 353 1385 3063 
4471: 4466 4474 
4472: 921 4254 4431 4523 
4473: 2845 3124 
4474: 4471 4475 
4475: 4474 4476 
4476: 4475 4478 
4477: 3551 3633 4232 
4478: 4476 4480 
4479: 1892 4106 
4480: 4478 4481 
4481: 4480 4482 
4482: 4481 4483 
4483: 4482 4487 
4484: 2709 3338 
4485: 697 1537 4458 
4486: 1880 3095 4337 
4487: 4483 4492 
4488: 2029 3282 3606 
4489: 948 1083 1749 3018 3991 
4490: 3182 3932 
4491: 437 1396 1509 3097 
4492: 4487 4495 
4493: 760 2158 
4494: 232 3432 4971 
4495: 4492 4496 
4496: 4495 4497 
4497: 4496 4498 
4498: 4497 4499 
4499: 4498 4500 
4500: 4499 4503 
4501: 1892 2421 3061 4239 
4502: 32 2144 3299 3409 4785 
4503: 4500 4504 
4504: 4503 4505 
4505: 4504 4507 
4506: 15 504 2639 4625 4948 
4507: 4505 4510 
4508: 2335 3141 4315 
4509: 565 884 1922 2084 4469 
4510: 4507 4511 
4511: 4510 4512 
4512: 4511 4518 
4513: 1116 1269 3830 4391 
4514: 915 2475 3417 3766 4108 
4515: 1438 2581 2935 
4516: 167 637 1563 2504 
4517: 43 4660 
4518: 4512 4519 
4519: 4518 4520 
4520: 4519 4524 
4521: 1630 2595 4190 
4522: 751 3078 3847 4326 
4523: 2703 3019 4472 
4524: 4520 4525 
4525: 4524 4527 
4526: 3121 4634 
4527: 4525 4529 
4528: 428 2249 
4529: 4527 4530 
4530: 4529 4531 
4531: 4530 4533 
4532: 1770 3729 
4533: 4531 4536 
4534: 820 2426 4320 
4535: 821 3168 3547 
4536: 4533 4538 
4537: 164 1090 1666 2459 3398 
4538: 4536 4539 
4539: 4538 4540 
4540: 4539 4541 
4541: 4540 4542 
4542: 4541 4543 
4543: 4542 4545 
4544: 4074 4754 
4545: 4543 4548 
4546: 3805 4227 
4547: 1287 4341 
4548: 4545 4549 
4549: 4548 4550 
4550: 4549 4552 
4551: 1983 3591 4634 
4552: 4550 4553 
4553: 4552 4554 
4554: 4553 4556 
4555: 662 2453 4628 
4556: 4554 4557 
4557: 4556 4559 
4558: 1515 2856 3333 
4559: 4557 4568 
4560: 285 2888 3210 3330 
4561: 204 2281 2328 2714 
4562: 778 1060 3877 4138 4304 
4563: 178 1826 2053 3593 
4564: 1912 2072 2156 3894 4171 
4565: 1141 2006 3507 
4566: 1173 3910 
4567: 349 2168 2220 2477 4247 
4568: 4559 4570 
4569: 262 2955 3821 4076 4096 
4570: 4568 4571 
4571: 4570 4575 
4572: 1260 1600 
4573: 1679 3475 3563 4764 4899 
4574: 876 912 1020 3603 
4575: 4571 4576 
4576: 4575 4577 
4577: 4576 4578 
4578: 4577 4579 
4579: 4578 4581 
4580: 2218 2667 2912 3267 3364 
4581: 4579 4584 
4582: 1022 1986 2076 3191 3761 
4583: 2596 3661 
4584: 4581 4585 
4585: 4584 4587 
4586: 17 405 1631 3039 3635 
4587: 4585 4589 
4588: 768 3838 4702 
4589: 4587 4590 
4590: 4589 4591 
4591: 4590 4593 
4592: 752 1921 3216 4211 
4593: 4591 4594 
4594: 4593 4595 
4595: 4594 4596 
4596: 4595 4597 
4597: 4596 4599 
4598: 398 1411 3054 3924 
4599: 4597 4600 
4600: 4599 4601 
4601: 4600 4602 
4602: 4601 4604 
4603: 825 1349 3938 
4604: 4602 4605 
4605: 4604 4608 
4606: 2344 3167 3755 3937 4772 
4607: 78 220 2025 4097 4952 
4608: 4605 4609 
4609: 4608 4610 
4610: 4609 4614 
4611: 1026 4315 4412 
4612: 649 4002 
4613: 664 1434 1565 1991 4221 
4614: 4610 4615 
4615: 4614 4620 
4616: 1322 1343 1688 
4617: 1708 4247 
4618: 1698 1902 4909 
4619: 38 778 2970 3527 
4620: 4615 4622 
4621: 2056 2183 3318 3440 4937 
4622: 4620 4624 
4623: 464 1018 
4624: 4622 4627 
4625: 289 545 3039 3192 4506 
4626: 213 2396 4879 
4627: 4624 4629 
4628: 2602 2909 4555 
4629: 4627 4630 
4630: 4629 4631 
4631: 4630 4633 
4632: 560 4451 4943 
4633: 4631 4635 
4634: 1783 4052 4092 4526 4551 
4635: 4633 4636 
4636: 4635 4638 
4637: 1015 2423 3683 
4638: 4636 4639 
4639: 4638 4640 
4640: 4639 4641 
4641: 4640 4642 
4642: 4641 4644 
4643: 194 2921 
4644: 4642 4646 
4645: 675 1445 2777 3284 4352 
4646: 4644 4647 
4647: 4646 4648 
4648: 3552 4647 4649 
4649: 4648 4651 
4650: 1826 2947 4414 
4651: 4649 4652 
4652: 4651 4653 
4653: 4652 4654 
4654: 4653 4655 
4655: 4654 4657 
4656: 2751 2936 
4657: 4655 4658 
4658: 4657 4659 
4659: 4658 4662 
4660: 94 1071 2964 3716 4517 
4661: 226 1781 3633 3935 
4662: 4659 4663 
4663: 4662 4664 
4664: 4663 4668 
4665: 178 2404 2661 3421 3796 
4666: 16 1266 2343 3177 
4667: 2375 2503 
4668: 4664 4670 
4669: 768 1268 1572 3196 3222 
4670: 4668 4673 
4671: 3073 4264 
4672: 912 2563 3930 
4673: 4670 4674 
4674: 4673 4675 
4675: 4674 4677 
4676: 882 897 1081 2255 
4677: 4675 4680 
4678: 410 4036 4755 
4679: 335 1496 1499 2505 4362 
4680: 4677 4681 
4681: 4680 4682 
4682: 4681 4683 
4683: 4682 4684 
4684: 4683 4685 
4685: 4684 4690 
4686: 1048 2135 2366 4285 
4687: 685 2491 3082 
4688: 452 1098 
4689: 739 869 2406 3141 
4690: 4685 4692 
4691: 424 1572 4848 
4692: 4690 4693 
4693: 4692 4695 
4694: 497 624 3622 4115 
4695: 4693 4697 
4696: 1634 3103 3733 
4697: 4695 4698 
4698: 4697 4699 
4699: 4698 4700 
4700: 4699 4701 
4701: 4700 4704 
4702: 240 281 2156 4588 
4703: 2 1022 2576 
4704: 4701 4706 
4705: 1298 1762 
4706: 4704 4707 
4707: 4706 4708 
4708: 4707 4711 
4709: 2588 2602 3750 
4710: 4445 4891 
4711: 4708 4713 
4712: 1550 1717 2824 
4713: 4711 4715 
4714: 1428 2714 
4715: 4713 4716 
4716: 4715 4718 
4717: 155 739 1971 2605 3235 
4718: 4716 4720 
4719: 555 2136 4963 
4720: 4718 4721 
4721: 4720 4722 
4722: 4721 4723 
4723: 4722 4724 
4724: 4723 4726 
4725: 174 988 1629 2471 
4726: 4724 4728 
4727: 458 683 1966 4147 4274 
4728: 4726 4731 
4729: 830 1657 1711 
4730: 1485 1739 
4731: 4728 4732 
4732: 4731 4734 
4733: 1440 2231 3511 
4734: 4732 4735 
4735: 4734 4736 
4736: 4735 4737 
4737: 4736 4739 
4738: 2264 2861 
4739: 4737 4740 
4740: 4739 4742 
4741: 669 3665 4351 
4742: 4740 4746 
4743: 734 2006 2816 
4744: 373 925 2681 
4745: 305 2443 2778 3094 3486 
4746: 4742 4747 
4747: 4746 4748 
4748: 4747 4749 
4749: 4748 4750 
4750: 4749 4751 
4751: 4750 4753 
4752: 1445 1798 3496 4247 
4753: 4751 4756 
4754: 102 712 1594 1934 4544 
4755: 384 2311 4678 
4756: 4753 4757 
4757: 4304 4756 4758 
4758: 4757 4760 
4759: 750 962 2194 2663 3324 
4760: 4758 4762 
4761: 4274 4958 
4762: 4760 4765 
4763: 1964 4456 
4764: 1200 1537 2475 3066 4573 
4765: 4762 4767 
4766: 10 185 2531 3838 4213 
4767: 4765 4768 
4768: 4767 4771 
4769: 1368 2026 2086 
4770: 2527 3050 
4771: 4768 4774 
4772: 2751 3291 3597 4329 4606 
4773: 2823 3517 3878 4467 
4774: 4771 4775 
4775: 1398 4774 4777 
4776: 1139 1885 3591 
4777: 4775 4779 
4778: 355 647 1734 
4779: 4777 4780 
4780: 4779 4782 
4781: 1171 3089 
4782: 4780 4783 
4783: 4782 4784 
4784: 4783 4787 
4785: 201 1583 2194 2201 4502 
4786: 653 4916 
4787: 4784 4789 
4788: 247 299 1986 4028 
4789: 272 4787 4791 
4790: 947 1371 2794 
4791: 4789 4792 
4792: 4791 4795 
4793: 686 3221 4264 
4794: 877 1085 4190 
4795: 4792 4797 
4796: 175 2417 3573 3856 
4797: 1589 4795 4798 
4798: 4797 4802 
4799: 700 3473 
4800: 389 3022 4904 
4801: 1694 2308 2979 3893 
4802: 4798 4803 
4803: 4802 4804 
4804: 4803 4805 
4805: 4804 4806 
4806: 4805 4808 
4807: 2789 3682 
4808: 4806 4809 
4809: 4808 4810 
4810: 4809 4811 
4811: 4810 4814 
4812: 382 452 1894 
4813: 852 3045 
4814: 4811 4816 
4815: 54 1056 
4816: 4814 4817 
4817: 4816 4818 
4818: 4817 4819 
4819: 4818 4820 
4820: 4819 4822 
4821: 425 939 2611 3680 
4822: 4820 4823 
4823: 4822 4824 
4824: 4823 4825 
4825: 4824 4827 
4826: 1979 2127 
4827: 4825 4828 
4828: 4827 4830 
4829: 980 1987 2412 
4830: 4828 4832 
4831: 397 2102 3693 
4832: 4830 4834 
4833: 1297 1927 
4834: 4832 4835 
4835: 4834 4836 
4836: 4835 4838 
4837: 1082 2676 3451 
4838: 4836 4839 
4839: 4838 4840 
4840: 4839 4845 
4841: 1130 1648 1793 2001 4376 
4842: 50 294 3508 
4843: 313 625 1515 3069 
4844: 101 1023 1714 3090 4122 
4845: 4840 4849 
4846: 2233 2909 3124 3446 
4847: 224 2724 3262 4001 4454 
4848: 4691 4904 
4849: 4845 4850 
4850: 4849 4852 
4851: 1070 1173 2495 
4852: 4850 4854 
4853: 1379 2276 
4854: 4852 4855 
4855: 4854 4857 
4856: 717 1632 1786 1921 
4857: 4855 4859 
4858: 754 2514 
4859: 4857 4862 
4860: 10 494 3547 
4861: 360 3100 4154 
4862: 4859 4863 
4863: 4862 4864 
4864: 4863 4865 
4865: 4864 4867 
4866: 632 776 2966 
4867: 4865 4868 
4868: 4867 4870 
4869: 619 1435 3761 4108 
4870: 4868 4875 
4871: 228 1947 3612 4150 
4872: 1097 3082 3256 
4873: 882 3577 3635 
4874: 164 1513 1774 3219 4425 
4875: 4870 4876 
4876: 4875 4878 
4877: 1102 1623 2490 4225 
4878: 4876 4880 
4879: 1053 1256 2769 4383 4626 
4880: 4878 4881 
4881: 4880 4882 
4882: 4881 4884 
4883: 486 2543 3632 
4884: 4882 4885 
4885: 4884 4887 
4886: 1417 4352 4380 
4887: 4885 4888 
4888: 4887 4889 
4889: 4888 4890 
4890: 4889 4892 
4891: 3084 4710 
4892: 4890 4894 
4893: 1090 3862 
4894: 4892 4896 
4895: 283 1515 4158 4963 
4896: 4894 4897 
4897: 4896 4898 
4898: 4897 4902 
4899: 104 465 3047 3421 4573 
4900: 672 2184 
4901: 1749 2083 2497 
4902: 4898 4906 
4903: 2646 4036 4458 
4904: 4369 4800 4848 
4905: 1978 3360 
4906: 4902 4908 
4907: 440 4361 
4908: 4906 4911 
4909: 1396 3268 3499 4373 4618 
4910: 1788 3111 3321 
4911: 4908 4912 
4912: 4911 4913 
4913: 4912 4917 
4914: 494 2024 3118 3432 
4915: 1918 4417 
4916: 272 3091 4150 4786 
4917: 4913 4918 
4918: 4917 4919 
4919: 4918 4921 
4920: 1635 3302 
4921: 4919 4922 
4922: 4921 4923 
4923: 4922 4926 
4924: 915 1012 2074 
4925: 247 3025 
4926: 4923 4927 
4927: 4926 4930 
4928: 2505 3534 3967 
4929: 1337 3501 
4930: 4927 4931 
4931: 4930 4932 
4932: 4931 4933 
4933: 4932 4935 
4934: 2466 2513 2737 3335 
4935: 4933 4938 
4936: 1268 1785 3054 
4937: 192 673 1823 4621 
4938: 4935 4940 
4939: 139 1931 2957 4396 4431 
4940: 4938 4944 
4941: 1303 1712 
4942: 81 3787 3941 
4943: 537 1239 3115 4632 
4944: 4940 4945 
4945: 4944 4950 
4946: 2366 3829 3985 
4947: 329 1268 1629 
4948: 1664 3396 4506 
4949: 2773 2844 3940 4104 
4950: 4945 4951 
4951: 4950 4953 
4952: 136 1740 2778 4028 4607 
4953: 4167 4951 4955 
4954: 1161 1563 2246 2569 3483 
4955: 4953 4956 
4956: 4955 4959 
4957: 2933 3317 
4958: 730 1513 1902 2282 4761 
4959: 4956 4961 
4960: 4183 4377 
4961: 4959 4962 
4962: 4961 4965 
4963: 116 3335 4719 4895 
4964: 2462 4184 
4965: 4962 4966 
4966: 4965 4968 
4967: 2562 3640 
4968: 4966 4969 
4969: 4968 4975 
4970: 1652 2737 3417 4122 4147 
4971: 2713 2989 4494 
4972: 425 3458 
4973: 621 1546 2875 
4974: 363 1706 2171 4226 
4975: 4969 4977 
4976: 535 892 
4977: 4975 4980 
4978: 951 2989 3580 
4979: 663 1488 3168 3917 4309 
4980: 4977 4981 
4981: 4980 4983 
4982: 2406 2920 3200 3899 
4983: 4981 4985 
4984: 1658 1774 2594 2770 4245 
4985: 4983 4986 
4986: 4391 4985 4987 
4987: 4986 4988 
4988: 4987 4989 
4989: 4988 4990 
4990: 4989 4991 
4991: 4990 4994 
4992: 790 914 1942 2444 3305 
4993: 2484 3423 3878 
4994: 4991 4996 
4995: 174 488 683 1502 3930 
4996: 4994 4997 
4997: 4996 4998 
4998: 4997 
4999: 2078 4196 
44