0: 1827 3979 
1: 2 
2: 1 3 
3: 2 6 
4: 1213 2957 4792 4890 
5: 2939 3429 
6: 3 8 
7: 1086 4049 4918 
8: 6 9 
9: 8 10 
10: 9 11 
11: 10 12 
12: 11 13 
13: 12 16 
14: 1388 2442 2671 4786 
15: 1422 4131 
16: 13 17 
17: 16 18 
18: 17 19 
19: 18 22 
20: 131 2036 
21: 2382 3013 4056 4871 
22: 19 23 
23: 22 26 
24: 620 2561 2929 4163 4379 
25: 3777 4335 
26: 23 27 
27: 26 28 
28: 27 29 
29: 28 37 
30: 493 1539 4851 
31: 786 1370 
32: 559 1194 2458 3607 4871 
33: 411 2930 3299 4685 
34: 434 4703 4850 
35: 215 1094 
36: 1834 4440 
37: 29 38 
38: 37 39 
39: 38 41 
40: 1565 2640 2784 2982 3829 
41: 39 42 
42: 41 45 
43: 740 1541 1923 4275 
44: 1154 3555 
45: 42 46 
46: 45 48 
47: 1978 2466 2946 3957 
48: 46 50 
49: 3804 4807 
50: 48 54 
51: 1130 1320 
52: 738 2251 3763 
53: 428 609 1524 1854 3823 
54: 50 58 
55: 2110 2451 3690 3782 
56: 174 231 1924 
57: 1850 4788 
58: 54 59 
59: 58 60 
60: 59 61 
61: 60 62 
62: 61 63 
63: 62 65 
64: 1162 2085 4023 4665 
65: 63 67 
66: 616 2113 3205 
67: 65 68 
68: 67 69 
69: 68 70 
70: 69 71 
71: 70 72 
72: 71 74 
73: 260 490 2184 
74: 72 76 
75: 337 461 1520 3396 
76: 74 77 
77: 76 79 
78: 536 916 2213 
79: 77 85 
80: 1486 1845 4520 4958 
81: 2026 2165 3312 3413 3640 
82: 496 797 1244 2409 3505 
83: 2304 2731 3064 4758 
84: 2086 2144 4151 4172 
85: 79 87 
86: 272 3937 
87: 85 89 
88: 3099 4269 
89: 87 90 
90: 89 91 
91: 90 93 
92: 370 2244 2723 3738 4586 
93: 91 94 
94: 93 97 
95: 1268 1365 
96: 376 2255 3362 
97: 94 98 
98: 97 99 
99: 98 101 
100: 1666 3631 
101: 99 103 
102: 1923 2551 3173 4767 
103: 101 105 
104: 3295 3900 
105: 103 106 
106: 105 112 
107: 2376 3711 4358 
108: 637 2452 4019 4315 4997 
109: 1094 1331 4035 4896 
110: 2471 3181 
111: 355 3117 3388 
112: 106 117 
113: 1196 2775 4350 4382 
114: 2289 2492 3584 4621 
115: 1969 2041 2400 4885 
116: 1882 3163 3693 4553 
117: 112 118 
118: 117 122 
119: 500 4234 
120: 1359 1726 3903 4577 
121: 1412 1808 2931 
122: 118 124 
123: 393 644 3923 4166 
124: 122 125 
125: 124 126 
126: 125 128 
127: 1605 1874 3310 
128: 126 129 
129: 128 132 
130: 881 3983 4107 
131: 20 1898 3937 
132: 129 133 
133: 132 134 
134: 133 136 
135: 732 1047 1403 4665 
136: 134 143 
137: 1449 2140 
138: 642 3437 4001 
139: 874 3456 3628 4056 4396 
140: 2892 4218 
141: 484 1216 1948 2587 3968 
142: 155 4092 4630 
143: 136 145 
144: 1836 3317 4613 
145: 143 146 
146: 145 150 
147: 2289 3212 3420 3904 4127 
148: 282 3028 3729 
149: 487 690 
150: 146 151 
151: 150 152 
152: 151 153 
153: 152 156 
154: 284 1764 3786 
155: 142 316 3655 
156: 153 157 
157: 156 159 
158: 2124 2401 2961 4670 
159: 157 160 
160: 159 162 
161: 943 1130 2850 3467 3755 
162: 160 166 
163: 1639 1920 2480 2992 3925 
164: 1676 3419 
165: 299 1205 1971 4493 
166: 162 167 
167: 166 168 
168: 167 170 
169: 1016 2301 2769 3503 
170: 168 173 
171: 1608 3412 3506 3643 
172: 741 1969 
173: 170 175 
174: 56 331 766 2212 4970 
175: 173 176 
176: 175 178 
177: 1488 2123 4871 
178: 176 179 
179: 178 180 
180: 179 181 
181: 180 183 
182: 3134 4725 
183: 181 184 
184: 183 185 
185: 184 186 2521 
186: 185 193 
187: 933 1682 1751 3041 
188: 916 2715 3842 
189: 3752 4501 4664 
190: 269 4170 
191: 510 2749 3693 
192: 1558 2251 2301 4945 
193: 186 195 
194: 770 2610 4232 
195: 193 198 
196: 2688 3522 3794 
197: 1336 2820 2989 3537 3548 
198: 195 200 
199: 1269 1604 3919 4488 4566 
200: 198 201 
201: 200 202 2059 
202: 201 206 
203: 2642 3265 4945 
204: 2612 3041 3777 
205: 1667 2300 3194 3825 
206: 202 212 
207: 1667 2926 4088 
208: 525 4154 
209: 1257 3944 4003 
210: 408 600 4376 
211: 1296 1517 1706 3368 
212: 206 213 
213: 212 219 
214: 1866 2331 2333 4271 
215: 35 3057 
216: 1567 2335 2928 4299 
217: 3812 4091 
218: 2521 2837 4474 
219: 213 220 
220: 219 222 
221: 2710 3324 3595 4286 4784 
222: 220 224 
223: 2715 3014 3906 4935 
224: 222 226 
225: 1160 4378 
226: 224 232 
227: 835 1433 3630 
228: 2379 2674 
229: 1985 2759 3372 
230: 836 2157 
231: 56 4280 4512 
232: 226 233 
233: 232 236 
234: 766 2333 2467 3958 4809 
235: 2120 2730 4736 
236: 233 237 
237: 236 238 
238: 237 240 
239: 962 1029 1108 3715 4226 
240: 238 242 
241: 299 315 2091 2802 3564 
242: 240 243 
243: 242 244 
244: 243 245 
245: 244 251 
246: 1765 3487 3621 3640 3989 
247: 681 800 1124 2877 4304 
248: 1876 3250 3425 
249: 1689 2486 2802 3884 4182 
250: 2025 4183 
251: 245 252 
252: 251 256 
253: 1840 2410 2624 2689 
254: 3546 3682 4711 
255: 423 1263 2328 2610 
256: 252 258 
257: 1932 2282 4494 
258: 256 261 
259: 1235 1849 4095 4690 4988 
260: 73 301 1803 
261: 258 262 
262: 261 263 
263: 262 264 
264: 263 265 
265: 264 266 
266: 265 267 
267: 266 274 
268: 2808 4535 4655 
269: 190 786 2002 
270: 510 1307 1874 3767 
271: 520 2335 3019 4423 4785 
272: 86 2401 3030 
273: 391 3252 3669 
274: 267 277 
275: 1136 2340 2455 3594 3758 
276: 507 1471 3829 
277: 274 278 
278: 277 279 
279: 278 281 
280: 287 352 2769 
281: 279 283 
282: 148 305 1737 2940 
283: 281 289 
284: 154 310 609 1590 3416 
285: 3576 3864 3878 
286: 2810 4245 
287: 280 2473 2989 
288: 474 3790 
289: 283 290 
290: 289 291 
291: 290 295 
292: 857 2499 2734 3020 3044 
293: 1673 1731 2026 4984 
294: 736 943 1453 2729 4214 
295: 291 303 
296: 369 644 3443 4890 
297: 2130 3034 4862 
298: 2269 2908 3756 4738 
299: 165 241 1691 1840 3430 
300: 998 2634 3549 4396 
301: 260 2516 2725 
302: 1259 2007 3601 
303: 295 304 
304: 303 308 
305: 282 4630 
306: 1590 3902 
307: 1521 1885 2288 3571 
308: 304 311 
309: 2275 2738 3053 3571 3969 
310: 284 493 1120 3295 
311: 308 314 
312: 650 3700 
313: 1620 2078 2887 
314: 311 317 
315: 241 4314 
316: 155 1086 1926 
317: 314 318 
318: 317 319 
319: 318 320 
320: 319 323 
321: 352 1503 1535 2255 3357 
322: 761 2400 2930 3321 4930 
323: 320 324 
324: 323 325 
325: 324 326 
326: 325 328 
327: 520 3353 
328: 326 329 
329: 328 332 
330: 1356 1633 3106 3543 4484 
331: 174 801 
332: 329 333 
333: 332 335 
334: 705 1386 1502 3567 4009 
335: 333 336 
336: 335 339 
337: 75 1951 2545 3683 
338: 2360 3986 4641 
339: 336 341 
340: 505 1329 4181 
341: 339 342 
342: 341 344 
343: 2386 2739 
344: 342 345 
345: 344 346 
346: 345 347 
347: 346 348 
348: 347 349 
349: 348 350 
350: 349 351 
351: 350 354 
352: 280 321 2879 3833 4316 
353: 3719 4339 4493 
354: 351 357 
355: 111 3413 3789 
356: 1050 1873 1943 1987 3595 
357: 354 358 
358: 357 359 
359: 358 360 
360: 359 366 
361: 2709 2721 2804 4941 
362: 363 999 1738 
363: 362 2568 3049 3710 3789 
364: 738 1237 3333 3348 
365: 2475 2696 3992 
366: 360 368 
367: 1344 1894 2999 3569 3643 
368: 366 372 
369: 296 2556 3919 4720 
370: 92 1154 1821 2408 
371: 2259 3737 4974 
372: 368 373 
373: 372 374 
374: 373 375 
375: 374 379 
376: 96 533 4284 
377: 562 575 2634 4238 
378: 947 1778 2442 2938 3323 
379: 375 381 
380: 2085 3772 3986 
381: 379 382 
382: 381 383 
383: 382 384 
384: 383 385 
385: 384 386 
386: 385 387 
387: 386 388 
388: 387 390 
389: 871 3943 
390: 388 395 
391: 273 3920 
392: 520 1750 
393: 123 1781 4904 
394: 2795 2851 2963 4718 
395: 390 397 
396: 2335 2514 2797 3075 
397: 395 398 
398: 397 400 
399: 2913 3166 3345 
400: 398 401 
401: 400 402 
402: 401 403 
403: 402 404 
404: 403 406 
405: 1656 3972 
406: 404 407 
407: 406 410 
408: 210 3983 4446 
409: 528 1727 2286 3248 3254 
410: 407 412 
411: 33 993 2691 3874 
412: 410 414 
413: 433 2516 2962 3900 4833 
414: 412 415 
415: 414 416 
416: 415 417 
417: 416 419 
418: 1312 1473 2345 3141 4379 
419: 417 420 
420: 419 421 
421: 420 425 
422: 2530 4401 
423: 255 1084 2008 3169 
424: 1983 3287 
425: 421 426 
426: 425 427 
427: 426 429 
428: 53 550 3587 4577 
429: 427 432 
430: 1448 2104 3623 3639 4494 
431: 1080 2441 2550 3741 4989 
432: 429 435 
433: 413 4535 
434: 34 3641 4104 
435: 432 436 
436: 435 437 
437: 436 438 
438: 437 439 
439: 438 440 
440: 439 441 
441: 440 442 
442: 441 443 
443: 442 447 
444: 823 1247 2601 
445: 1596 1924 4808 
446: 807 1488 
447: 443 449 
448: 2136 4309 4968 
449: 447 450 
450: 449 451 
451: 450 452 
452: 451 455 
453: 1245 1406 1541 3331 3693 
454: 2849 3425 3482 
455: 452 456 
456: 455 457 
457: 456 458 
458: 457 459 
459: 458 462 
460: 887 1058 2287 
461: 75 963 4941 
462: 459 463 
463: 462 464 
464: 463 465 
465: 464 467 
466: 1179 1344 2553 
467: 465 468 
468: 467 470 
469: 1102 1298 1758 1806 3563 
470: 468 471 
471: 470 472 
472: 471 475 
473: 3247 4946 
474: 288 758 2840 3020 4201 
475: 472 476 
476: 475 477 
477: 476 478 
478: 477 479 
479: 478 480 
480: 479 482 
481: 559 3397 
482: 480 483 
483: 482 485 
484: 141 3539 3920 4949 
485: 483 486 
486: 485 488 
487: 149 1731 2111 2353 
488: 486 489 
489: 488 492 
490: 73 1828 2665 4071 
491: 1147 2175 2502 4275 
492: 489 494 
493: 30 310 
494: 492 495 
495: 494 497 
496: 82 933 1792 4364 
497: 495 499 
498: 1206 1297 1332 2901 
499: 497 504 
500: 119 1202 
501: 1197 1559 2044 3333 
502: 2743 3426 4213 
503: 2160 2412 3456 4720 4912 
504: 499 509 
505: 340 618 1925 
506: 2184 2964 3118 3475 
507: 276 642 783 786 
508: 1701 2148 4982 
509: 504 512 
510: 191 270 1341 2610 4376 
511: 1155 1597 1779 
512: 509 513 
513: 512 516 
514: 817 1267 3035 3157 3576 
515: 1921 2671 2771 4562 4715 
516: 513 517 
517: 516 519 
518: 2345 2360 2445 2855 4502 
519: 517 521 
520: 271 327 392 1861 
521: 519 523 
522: 598 2946 3043 3247 
523: 521 524 
524: 523 526 
525: 208 1756 2466 4958 
526: 524 529 
527: 2382 4355 4852 
528: 409 577 3818 4291 4918 
529: 526 530 
530: 529 531 
531: 530 532 
532: 531 537 
533: 376 1424 
534: 1699 2707 
535: 630 2978 
536: 78 1270 
537: 532 538 
538: 537 539 
539: 538 544 
540: 2101 2959 3188 
541: 1608 1877 3035 3482 
542: 1917 2475 2988 
543: 1046 3312 
544: 539 546 
545: 1194 1508 1786 2715 3193 
546: 544 547 
547: 546 553 
548: 1992 4322 4633 
549: 676 1257 3818 
550: 428 762 857 4461 
551: 930 1371 2704 3833 4423 
552: 970 1694 2185 2945 3647 
553: 547 555 
554: 3603 4986 
555: 553 556 
556: 555 557 
557: 556 558 
558: 557 560 
559: 32 481 2975 4207 4640 
560: 558 565 
561: 3160 3939 4022 
562: 377 901 2164 
563: 1611 3194 
564: 1827 2956 3518 4022 
565: 560 566 
566: 565 569 
567: 1176 3251 3330 
568: 1081 2119 4920 
569: 566 570 
570: 569 576 
571: 1930 3548 
572: 874 2400 
573: 781 881 1500 1993 2807 
574: 1147 3657 4826 
575: 377 1814 1891 2415 4686 
576: 570 579 
577: 528 1106 2088 3814 4722 
578: 2870 3003 
579: 576 580 
580: 579 581 
581: 580 582 
582: 581 583 
583: 582 586 
584: 1213 3755 
585: 1652 2105 2287 3084 4895 
586: 583 587 
587: 586 590 
588: 1287 2750 2908 2998 3565 
589: 1033 1876 
590: 587 591 
591: 590 592 
592: 591 593 
593: 592 595 
594: 1626 1747 3757 
595: 593 597 
596: 1527 4314 4697 
597: 595 601 
598: 522 1610 3302 
599: 2039 3710 3812 
600: 210 1024 3793 
601: 597 603 
602: 1386 4066 4250 
603: 601 606 
604: 2156 2435 2640 4679 4727 
605: 2143 4604 4863 
606: 603 607 
607: 606 608 
608: 607 612 
609: 53 284 3059 4923 
610: 1131 2961 4470 4533 4556 
611: 2096 2308 2813 
612: 608 619 
613: 835 2532 3028 3606 
614: 826 2900 4189 4732 
615: 2477 3336 
616: 66 1345 4276 
617: 2872 4310 4986 
618: 505 817 1219 1634 3042 
619: 612 622 
620: 24 655 2412 3729 
621: 1650 2948 
622: 619 628 
623: 719 2134 2854 3731 4566 
624: 1016 1100 1644 3369 3715 
625: 2299 2723 4195 4868 
626: 1524 4022 
627: 2631 3077 4501 
628: 622 633 
629: 1633 4305 4900 
630: 535 3811 
631: 1291 1333 3563 4482 
632: 1722 4207 
633: 628 636 
634: 1756 2694 3642 
635: 656 2231 3464 3605 4577 
636: 633 638 
637: 108 3869 
638: 636 639 
639: 638 640 
640: 639 641 
641: 640 646 
642: 138 507 
643: 3591 4209 
644: 123 296 1505 3914 
645: 989 3139 4703 
646: 641 649 
647: 2397 4870 
648: 874 922 3175 3895 3899 
649: 646 651 
650: 312 3547 
651: 649 653 
652: 656 766 3945 4546 
653: 651 654 
654: 653 657 
655: 620 736 1802 2671 3176 
656: 635 652 4110 
657: 654 659 
658: 1007 2116 3148 3609 
659: 657 660 
660: 659 661 
661: 660 662 
662: 661 665 
663: 3052 3734 
664: 3918 4433 4957 
665: 662 666 
666: 665 669 
667: 2553 4250 4618 
668: 1772 1962 2115 2208 
669: 666 671 
670: 963 3266 3882 
671: 669 672 
672: 671 673 
673: 672 675 
674: 4367 4479 
675: 673 677 
676: 549 2749 
677: 675 678 
678: 677 679 
679: 678 682 
680: 1781 2673 4489 
681: 247 2192 4111 4622 
682: 679 683 
683: 682 684 
684: 683 685 
685: 684 686 
686: 685 687 
687: 686 689 
688: 738 2141 4798 
689: 687 691 
690: 149 1983 2998 3509 4466 
691: 689 692 
692: 691 693 
693: 692 694 
694: 693 695 
695: 694 696 
696: 695 697 
697: 696 701 
698: 1962 2429 2770 3148 4901 
699: 1539 2622 2754 2759 4113 
700: 757 3054 
701: 697 702 
702: 701 703 
703: 702 704 
704: 703 706 
705: 334 4282 4855 
706: 704 707 
707: 706 708 
708: 707 709 
709: 708 711 
710: 894 977 2855 
711: 709 716 
712: 1502 1508 1653 1849 
713: 1219 1375 2516 3162 
714: 760 3723 4376 
715: 2692 2923 3377 4100 
716: 711 721 
717: 1946 2000 4699 
718: 3374 3385 4814 
719: 623 844 2019 3754 
720: 2821 4738 
721: 716 722 
722: 721 723 
723: 722 724 
724: 723 725 
725: 724 726 
726: 725 731 
727: 2871 3389 4057 
728: 1787 3614 3777 4086 4932 
729: 1332 3151 4277 
730: 1459 3164 
731: 726 733 
732: 135 3716 4052 4836 
733: 731 735 
734: 3107 4185 
735: 733 739 
736: 294 655 808 1150 3775 
737: 1899 4284 
738: 52 364 688 2064 
739: 735 743 
740: 43 757 1580 1970 2505 
741: 172 2218 3958 
742: 1189 2428 3787 
743: 739 744 
744: 743 745 
745: 744 747 
746: 1354 1460 4586 4757 
747: 745 748 
748: 747 749 
749: 748 751 
750: 1377 2950 3716 4567 
751: 749 752 
752: 751 754 
753: 2504 2759 
754: 752 755 
755: 754 756 
756: 755 759 
757: 700 740 2563 4039 4203 
758: 474 1268 1868 4357 4586 
759: 756 765 
760: 714 1382 4320 
761: 322 1493 3761 4466 
762: 550 1215 1751 2278 
763: 836 1016 2447 4264 
764: 3887 4052 
765: 759 769 
766: 174 234 652 1424 4713 
767: 1191 2716 4286 
768: 2550 3416 4320 
769: 765 771 
770: 194 930 1106 1686 1889 
771: 769 772 
772: 771 773 
773: 772 774 
774: 773 775 
775: 774 776 
776: 775 777 
777: 776 778 
778: 777 779 
779: 778 782 
780: 3044 4141 4427 4760 
781: 573 3197 3627 
782: 779 788 
783: 507 2848 4593 4946 
784: 1109 2408 2766 3645 3775 
785: 1105 1822 3471 3752 4234 
786: 31 269 507 2164 3952 
787: 1615 4328 4663 
788: 782 791 
789: 1604 4357 
790: 1785 2073 2987 3260 4021 
791: 788 792 
792: 791 794 
793: 1821 2304 2722 3640 
794: 792 795 
795: 794 796 
796: 795 799 
797: 82 857 2546 
798: 2607 4185 4349 
799: 796 805 
800: 247 1922 2518 3719 4486 
801: 331 2132 
802: 937 988 2998 3430 
803: 1535 2008 2618 2942 3075 
804: 2349 3890 3903 
805: 799 806 
806: 805 810 
807: 446 1137 4747 
808: 736 2037 2859 2908 4431 
809: 1289 1687 
810: 806 811 
811: 810 813 
812: 1605 2214 3645 
813: 811 814 
814: 813 815 
815: 814 816 
816: 815 820 
817: 514 618 845 2570 4378 
818: 1676 2850 3166 3614 4407 
819: 906 993 1336 2797 
820: 816 821 
821: 820 824 
822: 1974 2342 3236 3903 
823: 444 1233 4436 
824: 821 827 
825: 1124 3824 3888 4482 
826: 614 1591 1872 4767 
827: 824 828 
828: 827 829 
829: 828 830 
830: 829 831 
831: 830 833 
832: 1161 1448 1644 3105 
833: 831 834 
834: 833 838 
835: 227 613 2024 4279 
836: 230 763 3999 4599 
837: 1647 4553 
838: 834 840 
839: 1028 1136 1231 
840: 838 841 
841: 840 842 
842: 841 846 
843: 1923 2103 3818 
844: 719 1445 2490 4263 
845: 817 2588 4775 
846: 842 848 
847: 1774 2688 4973 
848: 846 850 
849: 2011 3302 4173 
850: 848 852 
851: 1172 
852: 850 853 
853: 852 854 
854: 853 855 
855: 854 856 
856: 855 858 
857: 292 550 797 3922 
858: 856 863 
859: 1719 2061 4996 
860: 2160 3083 4984 
861: 950 1650 2655 2871 
862: 2673 3110 
863: 858 864 
864: 863 865 
865: 864 866 
866: 865 867 
867: 866 869 
868: 2116 2624 2627 2957 3343 
869: 867 870 
870: 869 872 
871: 389 4145 4584 
872: 870 875 
873: 2810 3652 
874: 139 572 648 1988 4440 
875: 872 876 
876: 875 878 
877: 3432 3699 4299 
878: 876 879 
879: 878 880 
880: 879 882 
881: 130 573 3808 
882: 880 883 
883: 882 884 
884: 883 885 
885: 884 886 
886: 885 888 
887: 460 2967 3052 3318 4281 
888: 886 889 
889: 888 891 
890: 3066 4053 
891: 889 892 
892: 891 896 
893: 1281 1627 3722 
894: 710 3335 4802 
895: 1503 1828 2962 
896: 892 897 
897: 896 898 
898: 897 899 
899: 898 900 
900: 899 902 
901: 562 2106 2973 
902: 900 904 
903: 2775 3323 4243 
904: 902 905 
905: 904 909 
906: 819 4276 4489 4739 
907: 2410 2621 2973 4584 4923 
908: 1164 2082 3077 3486 
909: 905 910 
910: 909 911 
911: 910 913 
912: 1409 3818 3923 4151 
913: 911 918 
914: 3191 3429 3520 4054 4474 
915: 1008 3310 
916: 78 188 2638 3643 3936 
917: 1530 4294 4662 
918: 913 920 
919: 1539 2071 
920: 918 923 
921: 2011 2029 2037 
922: 648 1324 1463 3294 4508 
923: 920 924 
924: 923 928 
925: 2169 2728 
926: 2444 2612 3183 
927: 2031 2932 3450 4389 
928: 924 931 
929: 2692 2880 
930: 551 770 2104 2432 
931: 928 932 
932: 931 935 
933: 187 496 1914 
934: 1932 3888 
935: 932 936 
936: 935 939 
937: 802 1435 2535 4035 4199 
938: 1412 4771 4908 
939: 936 941 
940: 3639 4993 
941: 939 944 
942: 1505 3330 4209 4719 
943: 161 294 2841 3579 4078 
944: 941 945 
945: 944 946 
946: 945 948 
947: 378 2696 3042 4628 
948: 946 949 
949: 948 951 
950: 861 1687 3373 3445 3584 
951: 949 952 
952: 951 953 
953: 952 954 
954: 953 957 
955: 1449 2730 4863 4992 
956: 1924 4666 
957: 954 958 
958: 957 960 
959: 990 1562 4662 
960: 958 968 
961: 1346 1725 4896 
962: 239 2278 
963: 461 670 1361 3811 4054 
964: 2823 2938 3694 4180 
965: 3253 3761 
966: 2018 2376 2758 3142 
967: 2006 2232 3267 4280 
968: 960 969 
969: 968 972 
970: 552 4092 
971: 1347 2192 4951 
972: 969 974 
973: 2189 3237 3680 
974: 972 976 1711 
975: 1459 3543 
976: 974 978 
977: 710 1725 4319 
978: 976 980 
979: 2414 3697 
980: 978 981 
981: 980 982 
982: 981 983 
983: 982 984 
984: 983 985 
985: 984 986 
986: 985 987 
987: 986 991 
988: 802 1788 2968 3623 
989: 645 1019 1578 3073 4738 
990: 959 3284 3645 
991: 987 992 
992: 991 994 
993: 411 819 2557 3321 4121 
994: 992 995 
995: 994 996 
996: 995 997 
997: 996 1000 
998: 300 1435 2445 3260 
999: 362 1164 1284 2744 3378 
1000: 997 1002 
1001: 1494 2382 3113 4044 4936 
1002: 1000 1003 
1003: 1002 1004 
1004: 1003 1009 
1005: 3343 4374 4739 
1006: 2556 2655 2998 4274 
1007: 658 1947 3782 4296 
1008: 915 4758 
1009: 1004 1010 
1010: 1009 1011 
1011: 1010 1015 
1012: 1557 1895 2189 4296 
1013: 3433 4592 4904 
1014: 1094 2647 3091 4364 4951 
1015: 1011 1017 
1016: 169 624 763 3793 
1017: 1015 1018 
1018: 1017 1022 
1019: 989 1603 1702 2286 3628 
1020: 3142 3752 4028 
1021: 1668 2578 3533 
1022: 1018 1025 
1023: 3049 3859 4231 
1024: 600 1031 3960 4738 4807 
1025: 1022 1026 
1026: 1025 1027 
1027: 1026 1030 
1028: 839 1049 1237 1256 2834 
1029: 239 2293 2374 
1030: 1027 1032 
1031: 1024 2033 2926 
1032: 1030 1034 
1033: 589 1160 1526 3736 4123 
1034: 1032 1037 
1035: 3751 4372 
1036: 1747 2109 2110 
1037: 1034 1038 
1038: 1037 1039 
1039: 1038 1040 
1040: 1039 1041 
1041: 1040 1044 
1042: 1240 1605 1869 2401 3420 
1043: 1351 2341 3152 
1044: 1041 1045 
1045: 1044 1048 4693 
1046: 543 3388 4128 4482 
1047: 135 1065 1981 3151 3823 
1048: 1045 1051 
1049: 1028 1482 2754 4708 
1050: 356 3756 4571 4822 4880 
1051: 1048 1052 
1052: 1051 1053 
1053: 1052 1055 
1054: 2143 4250 
1055: 1053 1056 
1056: 1055 1057 
1057: 1056 1059 
1058: 460 4309 4933 
1059: 1057 1060 
1060: 1059 1061 
1061: 1060 1062 
1062: 1061 1063 
1063: 1062 1066 
1064: 2613 2970 4989 
1065: 1047 1603 
1066: 1063 1067 
1067: 1066 1069 
1068: 1866 3639 4264 
1069: 1067 1070 
1070: 1069 1071 
1071: 1070 1072 
1072: 1071 1073 
1073: 1072 1074 
1074: 1073 1075 
1075: 1074 1076 
1076: 1075 1077 
1077: 1076 1078 
1078: 1077 1082 
1079: 1206 1357 2041 4182 
1080: 431 1261 3014 4589 4662 
1081: 568 2197 3777 4059 
1082: 1078 1085 
1083: 2535 3023 4901 
1084: 423 1541 2144 3159 3383 
1085: 1082 1088 
1086: 7 316 
1087: 1672 4434 
1088: 1085 1089 
1089: 1088 1090 
1090: 1089 1091 
1091: 1090 1092 
1092: 1091 1095 
1093: 2698 3099 4010 4632 
1094: 35 109 1014 
1095: 1092 1096 
1096: 1095 1097 
1097: 1096 1098 
1098: 1097 1099 
1099: 1098 1101 
1100: 624 1751 3780 4113 4529 
1101: 1099 1104 
1102: 469 1338 3335 4593 4788 
1103: 3904 4136 
1104: 1101 1107 
1105: 785 1525 4372 
1106: 577 770 1613 
1107: 1104 1110 
1108: 239 3042 3775 3834 4978 
1109: 784 1511 2457 3202 3882 
1110: 1107 1111 
1111: 1110 1112 
1112: 1111 1115 
1113: 1269 2605 2986 
1114: 1463 1639 3274 4814 
1115: 1112 1116 1477 
1116: 1115 1118 
1117: 3425 3609 3731 
1118: 1116 1119 
1119: 1118 1122 
1120: 310 1167 1757 1793 2113 
1121: 2061 2854 4763 
1122: 1119 1123 
1123: 1122 1126 
1124: 247 825 1986 3443 3464 
1125: 2325 2706 
1126: 1123 1127 
1127: 1126 1128 
1128: 1127 1132 
1129: 1392 2177 2417 3236 3287 
1130: 51 161 2467 2736 4370 
1131: 610 1445 4271 
1132: 1128 1134 
1133: 1494 2045 3520 4169 4257 
1134: 1132 1135 
1135: 1134 1138 
1136: 275 839 2353 
1137: 807 2725 4057 4110 
1138: 1135 1140 
1139: 1294 1337 2225 3899 4410 
1140: 1138 1141 
1141: 1140 1142 
1142: 1141 1143 
1143: 1142 1144 
1144: 1143 1145 
1145: 1144 1149 
1146: 2276 4621 
1147: 491 574 3580 
1148: 1700 2149 2410 3552 3801 
1149: 1145 1153 
1150: 736 1203 4825 
1151: 1246 3677 4930 
1152: 2000 2766 3091 3962 4328 
1153: 1149 1158 
1154: 44 370 2341 4298 
1155: 511 2464 2532 3362 4675 
1156: 2246 4096 4215 4909 
1157: 1838 4155 
1158: 1153 1169 
1159: 3386 3738 3949 
1160: 225 1033 2756 4037 
1161: 832 1611 4269 4358 4630 
1162: 64 2017 2324 2587 
1163: 3293 3346 4145 
1164: 908 999 3346 3829 
1165: 1773 1812 2514 3248 4054 
1166: 1642 3605 
1167: 1120 2126 2728 3296 4280 
1168: 2097 3579 
1169: 1158 1170 
1170: 1169 1174 
1171: 1272 4269 4446 4835 
1172: 851 2756 4021 
1173: 1926 3470 4132 
1174: 1170 1175 
1175: 1174 1177 
1176: 567 3362 4984 
1177: 1175 1178 
1178: 1177 1181 
1179: 466 1916 
1180: 1765 4624 
1181: 1178 1182 
1182: 1181 1183 
1183: 1182 1184 
1184: 1183 1185 
1185: 1184 1188 
1186: 2168 3979 4636 
1187: 1359 1509 
1188: 1185 1190 
1189: 742 1246 1944 2290 
1190: 1188 1192 
1191: 767 1339 
1192: 1190 1193 
1193: 1192 1198 
1194: 32 545 4053 4986 
1195: 2103 3771 4757 
1196: 113 1263 2493 4801 
1197: 501 2120 3936 4492 
1198: 1193 1201 
1199: 1589 2432 3348 3758 4212 
1200: 2898 4269 4526 
1201: 1198 1208 
1202: 500 2596 
1203: 1150 3389 3442 
1204: 1605 1872 2197 2991 
1205: 165 2326 4494 
1206: 498 1079 1439 1580 1772 
1207: 1245 2269 2443 3094 3731 
1208: 1201 1209 
1209: 1208 1212 
1210: 2044 3172 3295 
1211: 1259 1268 2568 2721 
1212: 1209 1214 
1213: 4 584 1296 3512 4314 
1214: 1212 1218 
1215: 762 4479 4714 
1216: 141 1384 4499 
1217: 1954 2167 
1218: 1214 1220 
1219: 618 713 1245 3396 
1220: 1218 1221 3132 
1221: 1220 1222 
1222: 1221 1224 
1223: 3805 4511 4687 
1224: 1222 1226 
1225: 1843 3623 
1226: 1224 1227 
1227: 1226 1228 
1228: 1227 1234 
1229: 1699 1948 2493 
1230: 1886 2369 3368 3516 4251 
1231: 839 1559 1840 
1232: 1916 1950 2768 
1233: 823 2409 3978 
1234: 1228 1238 
1235: 259 1686 3732 4336 
1236: 2579 3038 3178 4470 
1237: 364 1028 1431 3407 3841 
1238: 1234 1241 
1239: 2943 3904 
1240: 1042 1471 2087 
1241: 1238 1242 
1242: 1241 1243 
1243: 1242 1248 
1244: 82 3163 
1245: 453 1207 1219 2340 4305 
1246: 1151 1189 3739 
1247: 444 2059 2181 4201 
1248: 1243 1249 4207 
1249: 1248 1250 
1250: 1249 1251 
1251: 1250 1252 
1252: 1251 1253 
1253: 1252 1255 
1254: 2923 3706 4111 4817 
1255: 1253 1258 
1256: 1028 2165 2219 3139 3708 
1257: 209 549 1891 3068 4436 
1258: 1255 1260 
1259: 302 1211 3957 
1260: 1258 1262 
1261: 1080 2723 3007 4201 4771 
1262: 1260 1264 
1263: 255 1196 2205 3530 
1264: 1262 1271 
1265: 2722 3639 4605 
1266: 1820 1939 2300 3722 
1267: 514 2533 4163 4304 4664 
1268: 95 758 1211 2618 4547 
1269: 199 1113 2333 4196 4763 
1270: 536 1290 2725 
1271: 1264 1275 
1272: 1171 3426 
1273: 1964 4132 
1274: 3721 4930 
1275: 1271 1276 
1276: 1275 1277 
1277: 1276 1278 
1278: 1277 1279 
1279: 1278 1280 
1280: 1279 1282 
1281: 893 3845 
1282: 1280 1285 
1283: 1610 2301 2417 2720 
1284: 999 2641 3691 
1285: 1282 1288 
1286: 3789 4486 
1287: 588 3601 4078 
1288: 1285 1293 
1289: 809 1449 4863 
1290: 1270 2464 3958 4213 4568 
1291: 631 1999 3565 
1292: 3506 3925 4213 
1293: 1288 1295 
1294: 1139 2770 2967 4489 
1295: 1293 1300 
1296: 211 1213 3345 3642 4514 
1297: 498 3132 
1298: 469 2378 3238 4257 
1299: 2459 2500 
1300: 1295 1301 
1301: 1300 1302 
1302: 1301 1303 
1303: 1302 1305 
1304: 2783 3179 3263 4488 
1305: 1303 1308 
1306: 2736 4215 
1307: 270 1706 2766 3410 3430 
1308: 1305 1309 
1309: 1308 1310 
1310: 1309 1311 
1311: 1310 1313 
1312: 418 2452 3248 4628 
1313: 1311 1314 
1314: 1313 1315 
1315: 1314 1316 
1316: 1315 1319 
1317: 2255 3084 3747 
1318: 2342 3657 4556 4870 
1319: 1316 1321 
1320: 51 3128 
1321: 1319 1322 
1322: 1321 1323 
1323: 1322 1325 
1324: 922 1397 2441 4276 4556 
1325: 1323 1326 
1326: 1325 1327 
1327: 1326 1328 
1328: 1327 1334 
1329: 340 2359 2496 3770 
1330: 2102 3157 3958 4943 4944 
1331: 109 2745 
1332: 498 729 1890 2733 4424 
1333: 631 2681 2872 
1334: 1328 1340 
1335: 2837 2867 3464 
1336: 197 819 3826 4440 4831 
1337: 1139 2354 2458 4994 
1338: 1102 1793 3212 4114 4600 
1339: 1191 3537 
1340: 1334 1343 
1341: 510 1342 2205 2879 4890 
1342: 1341 2360 2371 
1343: 1340 1349 
1344: 367 466 2769 
1345: 616 3882 
1346: 961 2691 
1347: 971 2859 4304 4559 
1348: 2275 2660 3324 3333 
1349: 1343 1350 
1350: 1349 1352 
1351: 1043 2254 3597 
1352: 1350 1353 
1353: 1352 1355 
1354: 746 4281 4576 
1355: 1353 1360 
1356: 330 2938 3318 
1357: 1079 2257 4013 4786 
1358: 2448 4604 4930 
1359: 120 1187 1927 
1360: 1355 1362 
1361: 963 3183 4855 
1362: 1360 1363 
1363: 1362 1364 
1364: 1363 1366 
1365: 95 3091 3352 
1366: 1364 1368 
1367: 1812 2492 4827 
1368: 1366 1369 
1369: 1368 1372 
1370: 31 4727 
1371: 551 1863 4675 
1372: 1369 1373 
1373: 1372 1374 
1374: 1373 1376 
1375: 713 4124 4141 4864 
1376: 1374 1379 
1377: 750 2776 3180 3647 
1378: 3041 4126 4314 4388 
1379: 1376 1381 
1380: 3110 3694 3726 4218 4511 
1381: 1379 1383 
1382: 760 2918 3192 3830 
1383: 1381 1385 
1384: 1216 1613 4208 4602 
1385: 1383 1387 
1386: 334 602 1406 
1387: 1385 1389 
1388: 14 2851 4527 4600 
1389: 1387 1390 
1390: 1389 1391 
1391: 1390 1393 
1392: 1129 2068 2073 2136 4885 
1393: 1391 1394 
1394: 1393 1395 
1395: 1394 1398 
1396: 2938 3415 4559 
1397: 1324 3049 3460 
1398: 1395 1399 
1399: 1398 1400 
1400: 1399 1401 
1401: 1400 1402 
1402: 1401 1404 
1403: 135 2704 3841 
1404: 1402 1405 
1405: 1404 1407 
1406: 453 1386 1843 3163 3655 
1407: 1405 1408 
1408: 1407 1410 
1409: 912 2378 2706 2849 3609 
1410: 1408 1411 
1411: 1410 1415 
1412: 121 938 1943 
1413: 1746 2991 3902 4796 
1414: 2726 3273 4183 
1415: 1411 1416 
1416: 1415 1417 
1417: 1416 1418 
1418: 1417 1419 
1419: 1418 1421 
1420: 3584 4745 4852 
1421: 1419 1423 
1422: 15 2795 3470 
1423: 1421 1425 
1424: 533 766 4113 
1425: 1423 1426 
1426: 1425 1427 
1427: 1426 1428 
1428: 1427 1429 
1429: 1428 1430 
1430: 1429 1432 
1431: 1237 3518 4636 
1432: 1430 1436 
1433: 227 2877 
1434: 3293 3923 4274 4353 
1435: 937 998 2501 3567 
1436: 1432 1437 
1437: 1436 1438 
1438: 1437 1440 
1439: 1206 3297 3308 4028 4339 
1440: 1438 1441 
1441: 1440 1442 
1442: 1441 1443 
1443: 1442 1444 
1444: 1443 1446 
1445: 844 1131 4070 4302 4526 
1446: 1444 1447 
1447: 1446 1450 
1448: 430 832 1531 4070 
1449: 137 955 1289 2802 
1450: 1447 1451 
1451: 1450 1452 
1452: 1451 1454 
1453: 294 3579 3742 4782 
1454: 1452 1455 
1455: 1454 1462 
1456: 1486 2602 4364 
1457: 2231 3052 4349 4957 
1458: 3296 3584 3630 4723 4854 
1459: 730 975 1589 3007 
1460: 746 3175 3627 4204 4554 
1461: 2333 3482 4675 
1462: 1455 1466 
1463: 922 1114 
1464: 2418 2959 4255 
1465: 1517 2054 4064 
1466: 1462 1467 
1467: 1466 1469 
1468: 2389 3546 3721 4636 
1469: 1467 1470 
1470: 1469 1472 
1471: 276 1240 2475 3248 
1472: 1470 1478 
1473: 418 3874 4767 
1474: 4774 4820 4845 
1475: 2158 2652 2742 
1476: 3349 4019 
1477: 1115 3512 4408 
1478: 1472 1479 
1479: 1478 1480 
1480: 1479 1481 
1481: 1480 1483 
1482: 1049 2845 
1483: 1481 1485 
1484: 2655 4504 4524 4538 
1485: 1483 1487 
1486: 80 1456 2264 4049 4719 
1487: 1485 1490 
1488: 177 446 4007 
1489: 2394 4373 4990 
1490: 1487 1491 
1491: 1490 1492 
1492: 1491 1495 
1493: 761 3695 
1494: 1001 1133 3167 3602 4061 
1495: 1492 1497 
1496: 2501 4087 4163 4713 
1497: 1495 1498 
1498: 1497 1499 
1499: 1498 1506 
1500: 573 1561 2969 3397 3523 
1501: 4440 4923 
1502: 334 712 3728 4238 
1503: 321 895 3353 3923 4939 
1504: 2061 3821 
1505: 644 942 1884 
1506: 1499 1507 
1507: 1506 1512 
1508: 545 712 1780 3902 4980 
1509: 1187 4554 
1510: 2972 3893 
1511: 1109 1552 2323 2539 4427 
1512: 1507 1515 
1513: 2143 3245 3327 3748 3921 
1514: 1971 3708 4868 
1515: 1512 1516 
1516: 1515 1522 
1517: 211 1465 2287 2494 
1518: 2476 4441 
1519: 2214 4011 4679 
1520: 75 1745 4855 
1521: 307 2579 3742 4719 
1522: 1516 1523 
1523: 1522 1529 
1524: 53 626 
1525: 1105 3882 
1526: 1033 2033 2546 2651 
1527: 596 2333 4616 4757 
1528: 2019 4001 
1529: 1523 1533 
1530: 917 3162 
1531: 1448 2064 2227 4163 
1532: 1626 2179 3134 4210 
1533: 1529 1534 
1534: 1533 1536 
1535: 321 803 4697 
1536: 1534 1537 
1537: 1536 1540 
1538: 2891 3433 3992 4037 
1539: 30 699 919 2189 2642 
1540: 1537 1542 
1541: 43 453 1084 2317 
1542: 1540 1543 
1543: 1542 1544 
1544: 1543 1546 
1545: 2088 2742 
1546: 1544 1547 
1547: 1546 1549 
1548: 1701 1841 3646 
1549: 1547 1550 
1550: 1549 1551 
1551: 1550 1553 
1552: 1511 2369 2859 4973 
1553: 1551 1554 
1554: 1553 1555 
1555: 1554 1556 
1556: 1555 1566 
1557: 1012 1676 3924 
1558: 192 3705 4488 4687 
1559: 501 1231 4528 4757 
1560: 2298 3253 
1561: 1500 3539 
1562: 959 4338 
1563: 1850 2940 3814 4748 
1564: 1589 3261 4836 
1565: 40 1676 3094 3671 
1566: 1556 1569 
1567: 216 1689 3732 
1568: 2169 2775 4883 4949 
1569: 1566 1570 
1570: 1569 1571 
1571: 1570 1573 
1572: 1891 2339 
1573: 1571 1574 
1574: 1573 1576 
1575: 2988 3265 
1576: 1574 1577 
1577: 1576 1579 
1578: 989 3157 4585 
1579: 1577 1581 
1580: 740 1206 2840 4421 4514 
1581: 1579 1582 
1582: 1581 1583 
1583: 1582 1585 
1584: 2101 2937 3562 
1585: 1583 1586 
1586: 1585 1587 
1587: 1586 1588 
1588: 1587 1592 
1589: 1199 1459 1564 2963 3016 
1590: 284 306 1647 3091 
1591: 826 2871 
1592: 1588 1593 
1593: 1592 1594 
1594: 1593 1595 
1595: 1594 1598 
1596: 445 2992 
1597: 511 2433 
1598: 1595 1600 
1599: 1782 2622 2808 
1600: 1598 1601 
1601: 1600 1602 
1602: 1601 1607 
1603: 1019 1065 1617 2715 
1604: 199 789 4556 
1605: 127 812 1042 1204 2438 
1606: 2712 4115 
1607: 1602 1612 
1608: 171 541 2557 3627 4578 
1609: 2614 2624 3429 3437 
1610: 598 1283 2487 3475 4777 
1611: 563 1161 
1612: 1607 1614 
1613: 1106 1384 2803 4527 
1614: 1612 1616 
1615: 787 1670 2082 2897 
1616: 1614 1619 
1617: 1603 2211 
1618: 1719 3042 
1619: 1616 1621 
1620: 313 1672 2927 3708 
1621: 1619 1622 3419 
1622: 1621 1625 
1623: 2770 3808 
1624: 3822 4244 4620 
1625: 1622 1628 
1626: 594 1532 4295 4956 
1627: 893 2874 3042 
1628: 1625 1629 
1629: 1628 1630 
1630: 1629 1632 
1631: 2034 4374 
1632: 1630 1636 
1633: 330 629 1744 
1634: 618 2840 3159 
1635: 1834 3756 3797 4624 
1636: 1632 1637 
1637: 1636 1640 
1638: 1766 4336 
1639: 163 1114 2713 3151 4664 
1640: 1637 1643 
1641: 1772 1802 
1642: 1166 4528 
1643: 1640 1645 
1644: 624 832 
1645: 1643 1646 
1646: 1645 1648 
1647: 837 1590 2119 3739 
1648: 1646 1649 
1649: 1648 1651 
1650: 621 861 2685 4694 
1651: 1649 1655 
1652: 585 2323 2331 
1653: 712 2601 4378 4514 
1654: 2744 3407 
1655: 1651 1657 
1656: 405 4305 
1657: 1655 1658 
1658: 1657 1659 
1659: 1658 1660 
1660: 1659 1661 
1661: 1660 1663 
1662: 2251 3715 
1663: 1661 1664 
1664: 1663 1665 
1665: 1664 1669 
1666: 100 4094 4433 4919 
1667: 205 207 1670 
1668: 1021 1818 2179 3392 
1669: 1665 1671 3638 
1670: 1615 1667 3080 4140 4370 
1671: 1669 1675 
1672: 1087 1620 3192 3267 
1673: 293 2471 3432 3530 
1674: 2098 4484 4609 
1675: 1671 1678 
1676: 164 818 1557 1565 
1677: 1906 2452 3463 4203 
1678: 1675 1679 
1679: 1678 1680 
1680: 1679 1681 
1681: 1680 1683 
1682: 187 1719 3439 3854 
1683: 1681 1685 4747 
1684: 2685 3068 3880 
1685: 1683 1688 
1686: 770 1235 2999 
1687: 809 950 2443 2525 
1688: 1685 1692 
1689: 249 1567 1765 2816 4967 
1690: 2276 2743 3166 3671 4919 
1691: 299 2002 2473 2723 
1692: 1688 1693 
1693: 1692 1695 
1694: 552 4284 4378 
1695: 1693 1696 
1696: 1695 1697 
1697: 1696 1703 
1698: 4043 4561 
1699: 534 1229 3597 
1700: 1148 1845 3607 4355 
1701: 508 1548 2290 
1702: 1019 2688 4128 
1703: 1697 1705 
1704: 2282 4652 
1705: 1703 1707 
1706: 211 1307 2983 
1707: 1705 1708 
1708: 1707 1710 
1709: 2102 3106 4096 4286 
1710: 1708 1712 
1711: 974 3118 4357 
1712: 1710 1713 
1713: 1712 1714 
1714: 1713 1715 
1715: 1714 1717 
1716: 2539 3561 
1717: 1715 1720 
1718: 2318 2380 3181 4343 
1719: 859 1618 1682 4389 
1720: 1717 1721 
1721: 1720 1723 
1722: 632 1745 2789 
1723: 1721 1728 
1724: 2006 4343 
1725: 961 977 
1726: 120 1806 1859 2081 3549 
1727: 409 4777 
1728: 1723 1730 
1729: 2188 3349 4857 
1730: 1728 1733 
1731: 293 487 3401 
1732: 1988 3386 4552 4883 
1733: 1730 1734 2071 
1734: 1733 1735 
1735: 1734 1736 
1736: 1735 1739 
1737: 282 3890 4446 4956 
1738: 362 2684 3176 
1739: 1736 1741 4535 
1740: 3601 3683 3783 4668 
1741: 1739 1742 
1742: 1741 1743 
1743: 1742 1749 
1744: 1633 4586 
1745: 1520 1722 3887 
1746: 1413 3945 4640 
1747: 594 1036 3802 
1748: 2647 3645 4852 
1749: 1743 1752 
1750: 392 3530 
1751: 187 762 1100 
1752: 1749 1753 
1753: 1752 1754 
1754: 1753 1755 
1755: 1754 1759 
1756: 525 634 2241 3985 4598 
1757: 1120 2552 3019 3487 
1758: 469 4366 
1759: 1755 1760 
1760: 1759 1762 
1761: 2435 2821 2968 2972 4855 
1762: 1760 1763 
1763: 1762 1767 
1764: 154 1908 2090 2290 4786 
1765: 246 1180 1689 3672 
1766: 1638 1854 
1767: 1763 1768 
1768: 1767 1769 
1769: 1768 1770 
1770: 1769 1771 
1771: 1770 1776 
1772: 668 1206 1641 3823 4377 
1773: 1165 1875 4094 4664 
1774: 847 3287 4279 
1775: 1855 2932 3355 
1776: 1771 1783 
1777: 1812 1997 3529 4284 4504 
1778: 378 3326 3705 4302 
1779: 511 2090 2645 2750 3132 
1780: 1508 3739 
1781: 393 680 
1782: 1599 4309 
1783: 1776 1784 
1784: 1783 1789 
1785: 790 2417 3323 4320 4846 
1786: 545 3999 
1787: 728 2323 2468 
1788: 988 2971 
1789: 1784 1790 
1790: 1789 1791 
1791: 1790 1794 
1792: 496 2218 
1793: 1120 1338 2473 
1794: 1791 1795 
1795: 1794 1796 
1796: 1795 1797 
1797: 1796 1799 
1798: 2806 3446 
1799: 1797 1800 
1800: 1799 1801 
1801: 1800 1804 
1802: 655 1641 1878 1957 3392 
1803: 260 3392 3885 4047 
1804: 1801 1805 
1805: 1804 1807 
1806: 469 1726 2585 2927 4559 
1807: 1805 1809 
1808: 121 2913 4440 
1809: 1807 1813 
1810: 1855 2231 2251 2894 
1811: 2033 4231 
1812: 1165 1367 1777 4763 
1813: 1809 1815 
1814: 575 2930 3304 3362 3401 
1815: 1813 1816 
1816: 1815 1817 
1817: 1816 1823 
1818: 1668 3077 4844 
1819: 1958 2123 2995 3565 4176 
1820: 1266 3234 
1821: 370 793 2179 3736 
1822: 785 3252 3924 4716 
1823: 1817 1824 
1824: 1823 1825 
1825: 1824 1829 
1826: 2004 2438 2576 
1827: 0 564 3748 4282 4886 
1828: 490 895 
1829: 1825 1830 
1830: 1829 1831 
1831: 1830 1832 
1832: 1831 1835 
1833: 2846 2879 
1834: 36 1635 2531 4881 
1835: 1832 1837 
1836: 144 2878 3811 
1837: 1835 1839 
1838: 1157 2096 3151 
1839: 1837 1842 
1840: 253 299 1231 2652 4362 
1841: 1548 2432 2468 3057 
1842: 1839 1844 
1843: 1225 1406 2707 3344 
1844: 1842 1846 
1845: 80 1700 4552 
1846: 1844 1847 
1847: 1846 1848 
1848: 1847 1852 
1849: 259 712 3741 
1850: 57 1563 3180 3644 
1851: 3943 4431 
1852: 1848 1856 
1853: 2132 3245 4561 4620 4880 
1854: 53 1766 4885 
1855: 1775 1810 3022 3433 
1856: 1852 1857 
1857: 1856 1858 
1858: 1857 1860 
1859: 1726 2937 3642 4718 
1860: 1858 1862 
1861: 520 2887 4088 4399 4441 
1862: 1860 1865 
1863: 1371 2398 
1864: 2145 3977 
1865: 1862 1867 
1866: 214 1068 
1867: 1865 1870 
1868: 758 2173 3877 4578 4956 
1869: 1042 2733 4801 
1870: 1867 1871 
1871: 1870 1879 
1872: 826 1204 2196 3514 4826 
1873: 356 3563 4702 
1874: 127 270 3640 4129 
1875: 1773 3407 4461 
1876: 248 589 2068 3007 3028 
1877: 541 3819 4078 4379 4785 
1878: 1802 4396 4571 
1879: 1871 1880 4056 
1880: 1879 1881 
1881: 1880 1883 
1882: 116 3824 
1883: 1881 1887 
1884: 1505 3821 
1885: 307 3922 4984 
1886: 1230 3305 
1887: 1883 1892 
1888: 1986 2587 
1889: 770 2946 3854 3914 
1890: 1332 2391 2565 3330 4822 
1891: 575 1257 1572 2388 
1892: 1887 1893 
1893: 1892 1896 
1894: 367 3454 4104 
1895: 1012 4568 4632 
1896: 1893 1897 
1897: 1896 1900 
1898: 131 3763 3825 
1899: 737 3096 4622 
1900: 1897 1901 
1901: 1900 1902 
1902: 1901 1903 
1903: 1902 1904 
1904: 1903 1907 
1905: 2184 4423 4589 
1906: 1677 2115 3083 
1907: 1904 1909 
1908: 1764 2588 2950 
1909: 1907 1910 
1910: 1909 1911 
1911: 1910 1912 
1912: 1911 1915 
1913: 2168 3925 
1914: 933 3006 3160 
1915: 1912 1918 
1916: 1179 1232 2034 3429 4538 
1917: 542 2126 2665 2940 3849 
1918: 1915 1919 
1919: 1918 1929 
1920: 163 4698 
1921: 515 3538 
1922: 800 4129 4622 
1923: 43 102 843 3640 4444 
1924: 56 445 956 
1925: 505 2082 2208 
1926: 316 1173 4201 4374 
1927: 1359 2978 3036 
1928: 2568 4047 4059 
1929: 1919 1931 
1930: 571 4820 4925 
1931: 1929 1933 
1932: 257 934 
1933: 1931 1937 
1934: 3969 4035 
1935: 2188 2823 3099 3136 4774 
1936: 2945 3446 3559 
1937: 1933 1938 
1938: 1937 1940 
1939: 1266 2269 4371 4632 
1940: 1938 1941 
1941: 1940 1942 4839 
1942: 1941 1945 
1943: 356 1412 2073 2575 3949 
1944: 1189 3694 4227 4586 4632 
1945: 1942 1949 
1946: 717 2804 3700 3880 
1947: 1007 4157 
1948: 141 1229 2268 
1949: 1945 1952 
1950: 1232 4397 
1951: 337 3096 4591 
1952: 1949 1955 
1953: 2573 4078 
1954: 1217 2153 
1955: 1952 1959 
1956: 2156 2376 4575 4868 
1957: 1802 3467 3780 
1958: 1819 2145 2694 
1959: 1955 1960 
1960: 1959 1961 
1961: 1960 1963 
1962: 668 698 3514 4047 4745 
1963: 1961 1965 
1964: 1273 3177 
1965: 1963 1966 
1966: 1965 1967 
1967: 1966 1968 
1968: 1967 1972 
1969: 115 172 3415 4286 
1970: 740 2435 
1971: 165 1514 2791 3811 4151 
1972: 1968 1973 
1973: 1972 1975 
1974: 822 4389 4882 
1975: 1973 1976 
1976: 1975 1977 
1977: 1976 1979 
1978: 47 2759 4276 
1979: 1977 1980 
1980: 1979 1989 
1981: 1047 2466 4512 4845 
1982: 2007 2359 
1983: 424 690 2288 3611 
1984: 2091 2532 4528 
1985: 229 3267 3362 4576 4939 
1986: 1124 1888 3597 
1987: 356 2181 2514 4474 4740 
1988: 874 1732 3513 4031 
1989: 1980 1990 
1990: 1989 1991 
1991: 1990 1994 
1992: 548 2203 3734 
1993: 573 2945 
1994: 1991 1995 
1995: 1994 1996 
1996: 1995 1998 
1997: 1777 4043 4328 4726 
1998: 1996 2001 
1999: 1291 2369 4123 4434 
2000: 717 1152 3378 
2001: 1998 2003 
2002: 269 1691 3163 
2003: 2001 2005 
2004: 1826 2362 2649 2925 2964 
2005: 2003 2009 
2006: 967 1724 
2007: 302 1982 3885 4196 
2008: 423 803 2124 4279 
2009: 2005 2010 
2010: 2009 2012 
2011: 849 921 2451 
2012: 2010 2013 
2013: 2012 2014 
2014: 2013 2015 
2015: 2014 2020 
2016: 2535 3925 
2017: 1162 2331 3516 3825 
2018: 966 3111 4374 
2019: 719 1528 2660 
2020: 2015 2021 
2021: 2020 2022 
2022: 2021 2023 
2023: 2022 2027 
2024: 835 3503 4070 
2025: 250 2179 2642 2930 4997 
2026: 81 293 3046 4760 
2027: 2023 2028 
2028: 2027 2032 
2029: 921 2950 3392 3951 
2030: 3383 3823 3897 
2031: 927 4824 
2032: 2028 2035 
2033: 1031 1526 1811 2898 
2034: 1631 1916 2878 3523 4502 
2035: 2032 2038 
2036: 20 3475 
2037: 808 921 
2038: 2035 2039 
2039: 599 2038 2040 3373 
2040: 2039 2042 
2041: 115 1079 4320 
2042: 2040 2043 
2043: 2042 2046 
2044: 501 1210 2733 3854 4722 
2045: 1133 4301 
2046: 2043 2047 
2047: 2046 2048 
2048: 2047 2050 
2049: 3327 4150 4511 
2050: 2048 2051 
2051: 2050 2052 
2052: 2051 2053 
2053: 2052 2055 
2054: 1465 2397 3767 4343 
2055: 2053 2056 
2056: 2055 2057 
2057: 2056 2060 
2058: 2232 3743 
2059: 201 1247 2849 4538 4788 
2060: 2057 2062 
2061: 859 1121 1504 2105 
2062: 2060 2063 
2063: 2062 2066 
2064: 738 1531 3695 4173 
2065: 2533 2745 3731 4447 
2066: 2063 2067 
2067: 2066 2069 
2068: 1392 1876 3075 3245 3833 
2069: 2067 2070 
2070: 2069 2074 
2071: 919 1733 3547 
2072: 2244 4208 4524 
2073: 790 1392 1943 
2074: 2070 2075 
2075: 2074 2076 
2076: 2075 2077 
2077: 2076 2079 
2078: 313 2464 3066 
2079: 2077 2083 
2080: 4271 4835 
2081: 1726 2710 2928 3305 
2082: 908 1615 1925 3004 3117 
2083: 2079 2084 
2084: 2083 2089 
2085: 64 380 2199 4896 
2086: 84 2525 3194 3960 
2087: 1240 2995 3047 4528 
2088: 577 1545 3648 3962 4318 
2089: 2084 2092 
2090: 1764 1779 3484 3537 3748 
2091: 241 1984 3819 
2092: 2089 2093 
2093: 2092 2094 
2094: 2093 2095 
2095: 2094 2099 
2096: 611 1838 3043 
2097: 1168 2733 2877 
2098: 1674 2500 4714 
2099: 2095 2100 
2100: 2099 2107 
2101: 540 1584 2441 2789 4663 
2102: 1330 1709 2600 3657 4604 
2103: 843 1195 
2104: 430 930 2851 
2105: 585 2061 2326 2447 3816 
2106: 901 2686 4241 
2107: 2100 2108 
2108: 2107 2114 
2109: 1036 2841 
2110: 55 1036 2490 4117 4408 
2111: 487 2175 2257 3345 
2112: 2844 4791 
2113: 66 1120 4424 4591 
2114: 2108 2117 
2115: 668 1906 2287 3787 
2116: 658 868 2613 
2117: 2114 2118 
2118: 2117 2121 
2119: 568 1647 2504 2537 
2120: 235 1197 3922 
2121: 2118 2122 
2122: 2121 2125 
2123: 177 1819 2604 2791 4694 
2124: 158 2008 3237 4694 
2125: 2122 2127 
2126: 1167 1917 2318 2684 4663 
2127: 2125 2128 
2128: 2127 2129 
2129: 2128 2133 
2130: 297 2634 4590 
2131: 2144 2887 4524 
2132: 801 1853 2174 2601 
2133: 2129 2135 
2134: 623 2606 4410 
2135: 2133 2137 
2136: 448 1392 2894 
2137: 2135 2138 
2138: 2137 2139 
2139: 2138 2142 
2140: 137 2436 2897 4113 4706 
2141: 688 2880 4980 
2142: 2139 2146 
2143: 605 1054 1513 
2144: 84 1084 2131 2948 3070 
2145: 1864 1958 2471 2707 4468 
2146: 2142 2147 
2147: 2146 2150 
2148: 508 3811 3897 4399 4750 
2149: 1148 4145 
2150: 2147 2151 
2151: 2150 2154 
2152: 3293 3648 
2153: 1954 3738 4436 
2154: 2151 2155 
2155: 2154 2159 
2156: 604 1956 2487 3202 3805 
2157: 230 2982 4226 4362 
2158: 1475 2694 3343 4895 
2159: 2155 2161 
2160: 503 860 2827 
2161: 2159 2162 
2162: 2161 2163 
2163: 2162 2166 
2164: 562 786 2408 3369 
2165: 81 1256 2264 3397 
2166: 2163 2170 
2167: 1217 3790 4243 
2168: 1186 1913 
2169: 925 1568 4136 
2170: 2166 2171 
2171: 2170 2172 
2172: 2171 2176 
2173: 1868 3843 3914 
2174: 2132 3304 4003 4373 
2175: 491 2111 4297 4969 
2176: 2172 2178 
2177: 1129 3498 
2178: 2176 2180 
2179: 1532 1668 1821 2025 
2180: 2178 2182 
2181: 1247 1987 2257 
2182: 2180 2183 
2183: 2182 2186 
2184: 73 506 1905 3437 4078 
2185: 552 2944 2959 3106 4514 
2186: 2183 2187 
2187: 2186 2190 
2188: 1729 1935 4341 
2189: 973 1012 1539 2946 3830 
2190: 2187 2191 
2191: 2190 2193 
2192: 681 971 2606 4864 
2193: 2191 2194 
2194: 2193 2195 
2195: 2194 2198 
2196: 1872 3212 4570 4576 
2197: 1081 1204 3016 4833 
2198: 2195 2200 
2199: 2085 2496 
2200: 2198 2201 
2201: 2200 2202 
2202: 2201 2204 
2203: 1992 2462 3761 
2204: 2202 2206 
2205: 1263 1341 4263 
2206: 2204 2207 
2207: 2206 2209 
2208: 668 1925 2328 2645 
2209: 2207 2210 
2210: 2209 2215 
2211: 1617 2568 3738 
2212: 174 2558 3389 
2213: 78 3197 
2214: 812 1519 
2215: 2210 2216 
2216: 2215 2217 
2217: 2216 2220 
2218: 741 1792 3197 
2219: 1256 3467 
2220: 2217 2222 
2221: 3680 4059 4338 
2222: 2220 2223 
2223: 2222 2224 
2224: 2223 2228 
2225: 1139 2545 3026 4935 
2226: 2824 2867 
2227: 1531 4722 
2228: 2224 2229 
2229: 2228 2230 
2230: 2229 2233 
2231: 635 1457 1810 4664 4927 
2232: 967 2058 2689 
2233: 2230 2237 
2234: 2538 3175 4441 
2235: 4011 4278 
2236: 3335 3369 4056 4580 
2237: 2233 2238 
2238: 2237 2239 
2239: 2238 2240 
2240: 2239 2242 
2241: 1756 2550 2577 2674 
2242: 2240 2245 
2243: 2323 3193 3331 4710 
2244: 92 2072 2640 2925 4822 
2245: 2242 2247 
2246: 1156 2268 2807 
2247: 2245 2248 
2248: 2247 2249 
2249: 2248 2252 
2250: 2380 4303 
2251: 52 192 1662 1810 
2252: 2249 2253 
2253: 2252 2258 
2254: 1351 3605 4017 4061 
2255: 96 321 1317 2724 3719 
2256: 3470 4096 4272 4666 4895 
2257: 1357 2111 2181 3999 
2258: 2253 2260 
2259: 371 2470 3445 
2260: 2258 2261 
2261: 2260 2262 
2262: 2261 2263 
2263: 2262 2266 
2264: 1486 2165 3671 
2265: 3456 4258 
2266: 2263 2267 
2267: 2266 2270 
2268: 1948 2246 2580 3741 
2269: 298 1207 1939 2462 4958 
2270: 2267 2271 
2271: 2270 2272 
2272: 2271 2274 
2273: 3251 4932 
2274: 2272 2277 
2275: 309 1348 2607 4705 
2276: 1146 1690 3439 
2277: 2274 2279 
2278: 762 962 2362 
2279: 2277 2281 
2280: 3454 4338 4474 4994 
2281: 2279 2283 
2282: 257 1704 2397 
2283: 2281 2284 
2284: 2283 2285 
2285: 2284 2291 
2286: 409 1019 2600 4136 4629 
2287: 460 585 1517 2115 2930 
2288: 307 1983 2418 4857 
2289: 114 147 2694 
2290: 1189 1701 1764 3706 4282 
2291: 2285 2292 
2292: 2291 2294 
2293: 1029 3564 4436 
2294: 2292 2295 
2295: 2294 2296 
2296: 2295 2302 
2297: 3986 4029 4199 
2298: 1560 3895 
2299: 625 3136 4892 
2300: 205 1266 3338 
2301: 169 192 1283 
2302: 2296 2305 
2303: 2322 2621 4176 
2304: 83 793 3180 3454 4716 
2305: 2302 2307 
2306: 2897 3885 4327 
2307: 2305 2309 
2308: 611 3690 3894 
2309: 2307 2310 
2310: 2309 2311 
2311: 2310 2312 
2312: 2311 2313 
2313: 2312 2314 
2314: 2313 2315 
2315: 2314 2316 
2316: 2315 2319 
2317: 1541 4602 
2318: 1718 2126 2436 
2319: 2316 2320 
2320: 2319 2327 
2321: 2452 3295 
2322: 2303 4336 4811 
2323: 1511 1652 1787 2243 2505 
2324: 1162 2474 3321 
2325: 1125 2638 
2326: 1205 2105 2892 
2327: 2320 2329 
2328: 255 2208 2570 
2329: 2327 2330 
2330: 2329 2334 
2331: 214 1652 2017 
2332: 2440 3649 3843 
2333: 214 234 1269 1461 1527 
2334: 2330 2336 
2335: 216 271 396 3747 
2336: 2334 2337 
2337: 2336 2338 
2338: 2337 2344 
2339: 1572 3374 
2340: 275 1245 2978 4181 4576 
2341: 1043 1154 2642 3023 
2342: 822 1318 2620 3368 
2343: 2400 2715 3664 3893 4616 
2344: 2338 2348 
2345: 418 518 2489 3075 4686 
2346: 3749 4243 
2347: 3274 3940 
2348: 2344 2350 3513 
2349: 804 2641 4007 4652 
2350: 2348 2351 
2351: 2350 2352 
2352: 2351 2355 
2353: 487 1136 
2354: 1337 2573 2824 4101 4298 
2355: 2352 2356 
2356: 2355 2357 
2357: 2356 2358 
2358: 2357 2361 
2359: 1329 1982 
2360: 338 518 1342 4170 
2361: 2358 2363 
2362: 2004 2278 3178 3192 3790 
2363: 2361 2364 
2364: 2363 2365 
2365: 2364 2366 4609 
2366: 2365 2367 
2367: 2366 2370 
2368: 2942 4725 4978 
2369: 1230 1552 1999 2870 
2370: 2367 2372 
2371: 1342 3204 
2372: 2370 2373 
2373: 2372 2377 
2374: 1029 3348 4214 
2375: 2490 2940 
2376: 107 966 1956 3183 4663 
2377: 2373 2381 
2378: 1298 1409 3321 
2379: 228 4358 
2380: 1718 2250 2480 3399 3855 
2381: 2377 2383 
2382: 21 527 1001 2957 
2383: 2381 2385 
2384: 2551 4209 4470 4533 
2385: 2383 2387 
2386: 343 3920 4272 
2387: 2385 2392 
2388: 1891 2646 4693 
2389: 1468 4189 4908 
2390: 2490 2926 3723 4740 
2391: 1890 2708 3113 4730 
2392: 2387 2393 
2393: 2392 2395 
2394: 1489 3236 3454 
2395: 2393 2396 
2396: 2395 2399 
2397: 647 2054 2282 4049 
2398: 1863 2950 
2399: 2396 2402 
2400: 115 322 572 2343 4969 
2401: 158 272 1042 
2402: 2399 2403 
2403: 2402 2404 
2404: 2403 2405 
2405: 2404 2406 
2406: 2405 2407 
2407: 2406 2411 
2408: 370 784 2164 2415 2419 
2409: 82 1233 3266 3755 4316 
2410: 253 907 1148 3124 4376 
2411: 2407 2413 
2412: 503 620 4506 
2413: 2411 2416 
2414: 979 2703 3677 
2415: 575 2408 
2416: 2413 2420 
2417: 1129 1283 1785 3118 
2418: 1464 2288 2600 
2419: 2408 2943 4348 4452 
2420: 2416 2421 
2421: 2420 2422 
2422: 2421 2423 
2423: 2422 2424 
2424: 2423 2425 
2425: 2424 2426 
2426: 2425 2427 
2427: 2426 2430 
2428: 742 4353 
2429: 698 2720 
2430: 2427 2431 
2431: 2430 2434 
2432: 930 1199 1841 
2433: 1597 4694 4760 
2434: 2431 2437 
2435: 604 1761 1970 2867 3247 
2436: 2140 2318 
2437: 2434 2439 
2438: 1605 1826 
2439: 2437 2446 
2440: 2332 3064 3306 3591 3878 
2441: 431 1324 2101 3484 
2442: 14 378 2892 4059 
2443: 1207 1687 3022 3484 
2444: 926 3532 
2445: 518 998 3821 
2446: 2439 2449 
2447: 763 2105 4257 4357 4480 
2448: 1358 3419 3562 
2449: 2446 2450 
2450: 2449 2453 
2451: 55 2011 2878 3643 4366 
2452: 108 1312 1677 2321 
2453: 2450 2454 
2454: 2453 2456 
2455: 275 3365 4016 4856 
2456: 2454 2460 
2457: 1109 3387 
2458: 32 1337 3937 4157 
2459: 1299 4540 
2460: 2456 2463 
2461: 4835 4900 
2462: 2203 2269 
2463: 2460 2465 
2464: 1155 1290 2078 
2465: 2463 2469 3156 
2466: 47 525 1981 3903 
2467: 234 1130 4511 4559 
2468: 1787 1841 2923 
2469: 2465 2472 
2470: 2259 3716 4690 
2471: 110 1673 2145 3552 
2472: 2469 2478 
2473: 287 1691 1793 4502 4575 
2474: 2324 4641 
2475: 365 542 1471 3631 4010 
2476: 1518 4654 
2477: 615 3426 4252 
2478: 2472 2479 
2479: 2478 2481 
2480: 163 2380 3166 4335 
2481: 2479 2482 
2482: 2481 2484 
2483: 4203 4807 
2484: 2482 2485 
2485: 2484 2488 
2486: 249 3432 
2487: 1610 2156 4982 
2488: 2485 2491 
2489: 2345 4554 
2490: 844 2110 2375 2390 3294 
2491: 2488 2495 
2492: 114 1367 3338 
2493: 1196 1229 4252 4552 
2494: 1517 4420 
2495: 2491 2498 
2496: 1329 2199 4600 
2497: 2565 3754 4039 
2498: 2495 2503 
2499: 292 3306 3343 
2500: 1299 2098 3028 3682 
2501: 1435 1496 2563 3263 3365 
2502: 491 4809 
2503: 2498 2506 
2504: 753 2119 3481 3885 
2505: 740 2323 3780 3825 4081 
2506: 2503 2507 
2507: 2506 2508 
2508: 2507 2509 
2509: 2508 2510 
2510: 2509 2511 
2511: 2510 2512 
2512: 2511 2513 
2513: 2512 2515 
2514: 396 1165 1987 3884 
2515: 2513 2517 
2516: 301 413 713 2733 3324 
2517: 2515 2519 
2518: 800 4584 4598 4788 
2519: 2517 2520 
2520: 2519 2522 3164 
2521: 185 218 4679 4919 
2522: 2520 2524 
2523: 2913 3128 3864 
2524: 2522 2526 
2525: 1687 2086 3014 
2526: 2524 2527 
2527: 2526 2528 
2528: 2527 2529 
2529: 2528 2536 
2530: 422 4011 
2531: 1834 2662 2878 3152 
2532: 613 1155 1984 4669 
2533: 1267 2065 4592 
2534: 3153 3296 4898 
2535: 937 1083 2016 
2536: 2529 2540 
2537: 2119 3167 4018 
2538: 2234 4282 4347 4636 
2539: 1511 1716 3587 4113 
2540: 2536 2541 
2541: 2540 2542 
2542: 2541 2544 
2543: 4482 4943 
2544: 2542 2547 
2545: 337 2225 4052 4621 4783 
2546: 797 1526 4263 
2547: 2544 2549 
2548: 2771 3600 4054 4357 
2549: 2547 2554 
2550: 431 768 2241 3593 4173 
2551: 102 2384 3439 
2552: 1757 2565 3559 4264 
2553: 466 667 2727 
2554: 2549 2555 
2555: 2554 2559 
2556: 369 1006 2726 3411 4115 
2557: 993 1608 2820 
2558: 2212 4859 
2559: 2555 2560 
2560: 2559 2562 
2561: 24 2811 
2562: 2560 2564 
2563: 757 2501 4500 
2564: 2562 2567 
2565: 1890 2497 2552 4282 4943 
2566: 3697 3711 4580 4699 
2567: 2564 2569 
2568: 363 1211 1928 2211 4226 
2569: 2567 2571 
2570: 817 2328 3826 
2571: 2569 2574 
2572: 3416 3520 4996 
2573: 1953 2354 2768 
2574: 2571 2581 
2575: 1943 3672 
2576: 1826 2739 3068 3783 4043 
2577: 2241 3647 4554 
2578: 1021 2611 2727 
2579: 1236 1521 
2580: 2268 3804 3842 
2581: 2574 2582 
2582: 2581 2583 
2583: 2582 2584 
2584: 2583 2586 
2585: 1806 2823 3237 3771 4348 
2586: 2584 2589 
2587: 141 1162 1888 
2588: 845 1908 3503 
2589: 2586 2590 
2590: 2589 2591 
2591: 2590 2592 
2592: 2591 2593 
2593: 2592 2594 
2594: 2593 2597 
2595: 2796 3199 4141 
2596: 1202 4570 
2597: 2594 2598 
2598: 2597 2599 
2599: 2598 2603 
2600: 2102 2286 2418 2806 
2601: 444 1653 2132 
2602: 1456 3729 3888 
2603: 2599 2608 
2604: 2123 3600 3752 3758 
2605: 1113 2618 
2606: 2134 2192 3830 
2607: 798 2275 2791 3399 4703 
2608: 2603 2609 
2609: 2608 2615 
2610: 194 255 510 2843 4057 
2611: 2578 3664 4775 4817 
2612: 204 926 4274 
2613: 1064 2116 3026 3772 4123 
2614: 1609 2975 
2615: 2609 2616 
2616: 2615 2617 
2617: 2616 2619 
2618: 803 1268 2605 
2619: 2617 2623 
2620: 2342 3102 
2621: 907 2303 4447 
2622: 699 1599 4170 
2623: 2619 2625 
2624: 253 868 1609 
2625: 2623 2626 
2626: 2625 2628 
2627: 868 2754 
2628: 2626 2629 
2629: 2628 2630 
2630: 2629 2632 
2631: 627 4605 4717 
2632: 2630 2633 
2633: 2632 2635 
2634: 300 377 2130 3887 4705 
2635: 2633 2636 
2636: 2635 2637 
2637: 2636 2639 
2638: 916 2325 3833 
2639: 2637 2643 
2640: 40 604 2244 3533 4064 
2641: 1284 2349 3763 
2642: 203 1539 2025 2341 3802 
2643: 2639 2644 
2644: 2643 2648 
2645: 1779 2208 4093 
2646: 2388 2973 
2647: 1014 1748 3399 
2648: 2644 2650 
2649: 2004 3107 4614 4686 4758 
2650: 2648 2653 
2651: 1526 3647 4188 
2652: 1475 1840 2698 
2653: 2650 2654 
2654: 2653 2656 
2655: 861 1006 1484 3840 
2656: 2654 2657 
2657: 2656 2658 
2658: 2657 2659 
2659: 2658 2661 
2660: 1348 2019 3561 
2661: 2659 2664 
2662: 2531 3439 
2663: 4415 4997 
2664: 2661 2666 
2665: 490 1917 3937 4827 
2666: 2664 2667 
2667: 2666 2670 
2668: 2825 3326 4028 
2669: 3294 3562 
2670: 2667 2672 
2671: 14 515 655 2942 2958 
2672: 2670 2675 
2673: 680 862 3014 4408 4590 
2674: 228 2241 2797 2813 4989 
2675: 2672 2676 
2676: 2675 2677 
2677: 2676 2678 
2678: 2677 2680 
2679: 2738 3254 
2680: 2678 2682 
2681: 1333 2792 
2682: 2680 2683 
2683: 2682 2690 
2684: 1738 2126 2845 3641 3923 
2685: 1650 1684 3643 4745 4774 
2686: 2106 3153 4054 
2687: 2874 3855 
2688: 196 847 1702 3714 
2689: 253 2232 2787 
2690: 2683 2693 
2691: 411 1346 2743 3710 3721 
2692: 715 929 4395 
2693: 2690 2695 
2694: 634 1958 2158 2289 4281 
2695: 2693 2697 
2696: 365 947 
2697: 2695 2699 
2698: 1093 2652 3357 
2699: 2697 2700 
2700: 2699 2701 
2701: 2700 2702 
2702: 2701 2705 
2703: 2414 4206 4618 
2704: 551 1403 3797 
2705: 2702 2711 
2706: 1125 1409 4241 
2707: 534 1843 2145 3191 
2708: 2391 4860 
2709: 361 3723 3727 
2710: 221 2081 3188 
2711: 2705 2714 
2712: 1606 4634 
2713: 1639 2795 3111 3986 
2714: 2711 2717 
2715: 188 223 545 1603 2343 
2716: 767 2964 4568 
2717: 2714 2718 
2718: 2717 2719 
2719: 2718 2732 
2720: 1283 2429 4053 
2721: 361 1211 3409 
2722: 793 1265 3749 4302 4896 
2723: 92 625 1261 1691 
2724: 2255 3597 3708 4901 
2725: 301 1137 1270 3142 
2726: 1414 2556 
2727: 2553 2578 3132 
2728: 925 1167 4348 4377 4808 
2729: 294 3373 3481 
2730: 235 955 
2731: 83 4013 4121 4316 4679 
2732: 2719 2735 
2733: 1332 1869 2044 2097 2516 
2734: 292 4624 4881 
2735: 2732 2737 
2736: 1130 1306 2935 
2737: 2735 2740 
2738: 309 2679 3297 3433 4424 
2739: 343 2576 3175 4423 
2740: 2737 2741 
2741: 2740 2746 
2742: 1475 1545 4011 4019 4214 
2743: 502 1690 2691 2848 4407 
2744: 999 1654 4562 
2745: 1331 2065 
2746: 2741 2748 
2747: 2814 3110 
2748: 2746 2751 
2749: 191 676 
2750: 588 1779 3357 3611 4401 
2751: 2748 2752 
2752: 2751 2753 
2753: 2752 2755 
2754: 699 1049 2627 2779 4057 
2755: 2753 2757 
2756: 1160 1172 2939 
2757: 2755 2760 4882 
2758: 966 3102 3877 4127 4366 
2759: 229 699 753 1978 
2760: 2757 2761 
2761: 2760 2762 
2762: 2761 2763 
2763: 2762 2764 
2764: 2763 2765 
2765: 2764 2767 
2766: 784 1152 1307 4533 4777 
2767: 2765 2772 
2768: 1232 2573 3090 4577 
2769: 169 280 1344 2918 
2770: 698 1294 1623 2935 3808 
2771: 515 2548 3463 
2772: 2767 2773 
2773: 2772 2774 
2774: 2773 2777 
2775: 113 903 1568 
2776: 1377 4580 
2777: 2774 2778 
2778: 2777 2780 
2779: 2754 3326 3389 4159 
2780: 2778 2781 
2781: 2780 2782 
2782: 2781 2785 
2783: 1304 3304 3771 
2784: 40 2861 2880 3864 4199 
2785: 2782 2788 
2786: 4123 4831 
2787: 2689 2897 4017 4811 
2788: 2785 2790 
2789: 1722 2101 3657 4777 
2790: 2788 2793 
2791: 1971 2123 2607 3513 4524 
2792: 2681 4266 
2793: 2790 2794 
2794: 2793 2796 
2795: 394 1422 2713 3757 
2796: 2595 2794 2798 
2797: 396 819 2674 
2798: 2796 2799 
2799: 2798 2800 
2800: 2799 2805 
2801: 3314 3918 4722 4935 
2802: 241 249 1449 3533 4919 
2803: 1613 2992 3022 
2804: 361 1946 3673 4261 
2805: 2800 2809 
2806: 1798 2600 4059 
2807: 573 2246 2880 
2808: 268 1599 
2809: 2805 2812 
2810: 286 873 2841 
2811: 2561 3036 3505 
2812: 2809 2815 
2813: 611 2674 3059 4150 
2814: 2747 3978 
2815: 2812 2817 
2816: 1689 4036 
2817: 2815 2818 
2818: 2817 2819 
2819: 2818 2822 
2820: 197 2557 4333 
2821: 720 1761 
2822: 2819 2826 
2823: 964 1935 2585 3377 3559 
2824: 2226 2354 4500 
2825: 2668 2991 3631 
2826: 2822 2827 
2827: 2160 2826 2828 
2828: 2827 2829 
2829: 2828 2830 
2830: 2829 2831 
2831: 2830 2832 
2832: 2831 2833 
2833: 2832 2835 
2834: 1028 3386 
2835: 2833 2836 
2836: 2835 2838 
2837: 218 1335 4763 
2838: 2836 2839 
2839: 2838 2842 
2840: 474 1580 1634 4166 4327 
2841: 943 2109 2810 4703 
2842: 2839 2847 
2843: 2610 3691 3869 3884 4128 
2844: 2112 3793 4064 
2845: 1482 2684 4223 
2846: 1833 3369 3786 
2847: 2842 2852 
2848: 783 2743 
2849: 454 1409 2059 3273 
2850: 161 818 4792 
2851: 394 1388 2104 4415 4798 
2852: 2847 2853 
2853: 2852 2856 
2854: 623 1121 3338 
2855: 518 710 2948 3038 
2856: 2853 2857 
2857: 2856 2858 
2858: 2857 2860 
2859: 808 1347 1552 3520 
2860: 2858 2862 
2861: 2784 3031 3571 3897 4087 
2862: 2860 2863 
2863: 2862 2864 
2864: 2863 2865 
2865: 2864 2866 
2866: 2865 2868 
2867: 1335 2226 2435 3387 4173 
2868: 2866 2869 
2869: 2868 2873 
2870: 578 2369 
2871: 727 861 1591 
2872: 617 1333 2894 4932 
2873: 2869 2875 
2874: 1627 2687 
2875: 2873 2876 
2876: 2875 2881 
2877: 247 1433 2097 4559 
2878: 1836 2034 2451 2531 4388 
2879: 352 1341 1833 3720 
2880: 929 2141 2784 2807 4427 
2881: 2876 2882 
2882: 2881 2883 
2883: 2882 2884 
2884: 2883 2885 
2885: 2884 2886 
2886: 2885 2888 
2887: 313 1861 2131 
2888: 2886 2890 
2889: 3330 3894 4376 
2890: 2888 2895 
2891: 1538 4982 
2892: 140 2326 2442 4659 
2893: 3487 4210 
2894: 1810 2136 2872 3153 
2895: 2890 2896 
2896: 2895 2899 
2897: 1615 2140 2306 2787 
2898: 1200 2033 3614 4994 
2899: 2896 2902 
2900: 614 3137 3261 4668 
2901: 498 3723 3824 
2902: 2899 2903 
2903: 2902 2904 
2904: 2903 2905 
2905: 2904 2906 
2906: 2905 2907 
2907: 2906 2909 
2908: 298 588 808 
2909: 2907 2910 
2910: 2909 2911 
2911: 2910 2912 
2912: 2911 2914 
2913: 399 1808 2523 
2914: 2912 2915 
2915: 2914 2916 
2916: 2915 2917 
2917: 2916 2919 
2918: 1382 2769 
2919: 2917 2920 
2920: 2919 2921 
2921: 2920 2922 
2922: 2921 2924 
2923: 715 1254 2468 
2924: 2922 2929 
2925: 2004 2244 3940 
2926: 207 1031 2390 
2927: 1620 1806 3387 
2928: 216 2081 4723 4939 
2929: 24 2924 2933 
2930: 33 322 1814 2025 2287 
2931: 121 3004 4110 4599 
2932: 927 1775 3981 4935 
2933: 2929 2936 
2934: 3148 3747 3843 4332 
2935: 2736 2770 3102 3829 
2936: 2933 2941 
2937: 1584 1859 
2938: 378 964 1356 1396 4427 
2939: 5 2756 3609 
2940: 282 1563 1917 2375 
2941: 2936 2947 
2942: 803 2368 2671 3602 
2943: 1239 2419 
2944: 2185 4812 
2945: 552 1936 1993 4435 4446 
2946: 47 522 1889 2189 4856 
2947: 2941 2949 
2948: 621 2144 2855 4466 4719 
2949: 2947 2951 
2950: 750 1908 2029 2398 4225 
2951: 2949 2952 
2952: 2951 2953 
2953: 2952 2954 
2954: 2953 2955 4725 
2955: 2954 2960 
2956: 564 4767 
2957: 4 868 2382 
2958: 2671 3754 4208 4732 
2959: 540 1464 2185 4613 
2960: 2955 2965 
2961: 158 610 4302 
2962: 413 895 2982 3252 4922 
2963: 394 1589 4100 4303 
2964: 506 2004 2716 
2965: 2960 2966 
2966: 2965 2974 
2967: 887 1294 
2968: 988 1761 3585 
2969: 1500 3142 3761 3874 
2970: 1064 4653 
2971: 1788 3945 4051 4480 
2972: 1510 1761 4008 
2973: 901 907 2646 3440 
2974: 2966 2976 
2975: 559 2614 3204 4172 
2976: 2974 2977 
2977: 2976 2979 
2978: 535 1927 2340 3073 4154 
2979: 2977 2980 
2980: 2979 2981 
2981: 2980 2984 
2982: 40 2157 2962 3514 
2983: 1706 3902 4132 
2984: 2981 2985 
2985: 2984 2990 
2986: 1113 3369 3385 
2987: 790 3236 3826 
2988: 542 1575 3780 3945 4298 
2989: 197 287 4275 
2990: 2985 2993 
2991: 1204 1413 2825 3153 4918 
2992: 163 1596 2803 
2993: 2990 2994 
2994: 2993 2996 
2995: 1819 2087 
2996: 2994 2997 
2997: 2996 3000 
2998: 588 690 802 1006 
2999: 367 1686 
3000: 2997 3001 
3001: 3000 3002 
3002: 3001 3005 
3003: 578 4992 
3004: 2082 2931 3134 3728 4107 
3005: 3002 3008 
3006: 1914 3904 4318 4986 
3007: 1261 1459 1876 3793 4833 
3008: 3005 3009 
3009: 3008 3010 
3010: 3009 3011 
3011: 3010 3012 
3012: 3011 3015 
3013: 21 3914 4091 
3014: 223 1080 2525 2673 
3015: 3012 3017 
3016: 1589 2197 
3017: 3015 3018 
3018: 3017 3021 
3019: 271 1757 3387 3440 4353 
3020: 292 474 3532 3840 4115 
3021: 3018 3025 
3022: 1855 2443 2803 4668 
3023: 1083 2341 3707 4787 
3024: 3026 3031 
3025: 3021 3027 
3026: 2225 2613 3024 
3027: 3025 3029 
3028: 148 613 1876 2500 3597 
3029: 3027 3032 
3030: 272 4315 4844 
3031: 2861 3024 3470 3878 
3032: 3029 3033 
3033: 3032 3037 
3034: 297 3389 3595 3846 
3035: 514 541 3464 
3036: 1927 2811 3732 4169 
3037: 3033 3039 
3038: 1236 2855 3682 
3039: 3037 3040 
3040: 3039 3045 
3041: 187 204 1378 
3042: 618 947 1108 1618 1627 
3043: 522 2096 3579 
3044: 292 780 3550 4529 4567 
3045: 3040 3047 
3046: 2026 3392 4771 
3047: 2087 3045 3048 
3048: 3047 3050 
3049: 363 1023 1397 4772 
3050: 3048 3051 
3051: 3050 3055 
3052: 663 887 1457 3890 4711 
3053: 309 3252 3509 4096 
3054: 700 3450 
3055: 3051 3056 
3056: 3055 3058 
3057: 215 1841 3169 4468 4886 
3058: 3056 3060 
3059: 609 2813 3603 
3060: 3058 3061 
3061: 3060 3062 
3062: 3061 3065 
3063: 3770 4145 4716 
3064: 83 2440 
3065: 3062 3067 
3066: 890 2078 
3067: 3065 3069 
3068: 1257 1684 2576 3601 3983 
3069: 3067 3071 
3070: 2144 4315 4978 
3071: 3069 3072 
3072: 3071 3074 
3073: 989 2978 
3074: 3072 3076 
3075: 396 803 2068 2345 4851 
3076: 3074 3078 
3077: 627 908 1818 4705 
3078: 3076 3079 
3079: 3078 3081 
3080: 1670 4051 
3081: 3079 3082 
3082: 3081 3085 
3083: 860 1906 
3084: 585 1317 3728 4502 
3085: 3082 3087 
3086: 3566 4578 4803 
3087: 3085 3088 
3088: 3087 3089 
3089: 3088 3092 
3090: 2768 3520 
3091: 1014 1152 1365 1590 
3092: 3089 3093 
3093: 3092 3095 
3094: 1207 1565 3378 3416 
3095: 3093 3097 
3096: 1899 1951 3377 4332 4378 
3097: 3095 3098 
3098: 3097 3100 
3099: 88 1093 1935 4338 
3100: 3098 3101 
3101: 3100 3103 
3102: 2620 2758 2935 
3103: 3101 3104 
3104: 3103 3108 
3105: 832 3137 4150 
3106: 330 1709 2185 3657 
3107: 734 2649 4154 
3108: 3104 3109 
3109: 3108 3112 
3110: 862 1380 2747 
3111: 2018 2713 
3112: 3109 3114 
3113: 1001 2391 3576 4348 
3114: 3112 3115 
3115: 3114 3116 
3116: 3115 3119 
3117: 111 2082 
3118: 506 1711 2417 
3119: 3116 3120 
3120: 3119 3121 
3121: 3120 3122 
3122: 3121 3123 
3123: 3122 3125 
3124: 2410 3391 4212 
3125: 3123 3126 
3126: 3125 3127 
3127: 3126 3129 
3128: 1320 2523 
3129: 3127 3130 
3130: 3129 3131 
3131: 3130 3133 
3132: 1220 1297 1779 2727 4500 
3133: 3131 3138 
3134: 182 1532 3004 3202 
3135: 4009 4013 
3136: 1935 2299 
3137: 2900 3105 3405 4520 
3138: 3133 3140 
3139: 645 1256 3383 3566 
3140: 3138 3143 
3141: 418 4086 4266 
3142: 966 1020 2725 2969 4839 
3143: 3140 3144 
3144: 3143 3145 
3145: 3144 3146 
3146: 3145 3147 
3147: 3146 3149 
3148: 658 698 2934 4576 
3149: 3147 3150 
3150: 3149 3154 
3151: 729 1047 1639 1838 
3152: 1043 2531 4266 4341 4389 
3153: 2534 2686 2894 2991 
3154: 3150 3155 
3155: 3154 3158 
3156: 2465 3159 3627 3742 
3157: 514 1330 1578 4802 
3158: 3155 3161 
3159: 1084 1634 3156 
3160: 561 1914 4176 
3161: 3158 3165 
3162: 713 1530 
3163: 116 1244 1406 2002 
3164: 730 2520 4508 4808 
3165: 3161 3168 
3166: 399 818 1690 2480 4185 
3167: 1494 2537 
3168: 3165 3170 
3169: 423 3057 4001 4520 4685 
3170: 3168 3171 
3171: 3170 3179 
3172: 1210 4362 
3173: 102 4180 
3174: 4315 4593 4872 
3175: 648 1460 2234 2739 3412 
3176: 655 1738 4854 
3177: 1964 4388 
3178: 1236 2362 3707 4854 
3179: 1304 3171 3182 
3180: 1377 1850 2304 
3181: 110 1718 3396 3877 
3182: 3179 3184 
3183: 926 1361 2376 4634 
3184: 3182 3185 
3185: 3184 3186 
3186: 3185 3187 
3187: 3186 3189 
3188: 540 2710 
3189: 3187 3190 
3190: 3189 3196 
3191: 914 2707 3205 4023 
3192: 1382 1672 2362 
3193: 545 2243 3626 
3194: 205 563 2086 4196 4885 
3195: 4272 4945 
3196: 3190 3198 
3197: 781 2213 2218 
3198: 3196 3200 
3199: 2595 4653 
3200: 3198 3201 
3201: 3200 3203 
3202: 1109 2156 3134 
3203: 3201 3206 
3204: 2371 2975 
3205: 66 3191 
3206: 3203 3207 
3207: 3206 3208 
3208: 3207 3209 
3209: 3208 3210 
3210: 3209 3211 
3211: 3210 3213 
3212: 147 1338 2196 3782 
3213: 3211 3214 
3214: 3213 3215 
3215: 3214 3216 
3216: 3215 3217 
3217: 3216 3218 
3218: 3217 3219 
3219: 3218 3220 
3220: 3219 3221 
3221: 3220 3222 
3222: 3221 3223 
3223: 3222 3224 
3224: 3223 3225 
3225: 3224 3226 
3226: 3225 3227 
3227: 3226 3228 
3228: 3227 3229 
3229: 3228 3230 
3230: 3229 3232 
3231: 3236 3960 4008 
3232: 3230 3233 
3233: 3232 3235 
3234: 1820 4028 
3235: 3233 3239 
3236: 822 1129 2394 2987 3231 
3237: 973 2124 2585 
3238: 1298 3787 4648 4650 
3239: 3235 3240 
3240: 3239 3241 
3241: 3240 3242 
3242: 3241 3243 
3243: 3242 3244 
3244: 3243 3246 
3245: 1513 1853 2068 4176 4421 
3246: 3244 3249 
3247: 473 522 2435 
3248: 409 1165 1312 1471 3787 
3249: 3246 3255 
3250: 248 3648 4418 
3251: 567 2273 3937 
3252: 273 1822 2962 3053 
3253: 965 1560 
3254: 409 2679 4007 4705 
3255: 3249 3256 
3256: 3255 3257 
3257: 3256 3258 
3258: 3257 3259 
3259: 3258 3262 
3260: 790 998 3957 
3261: 1564 2900 4056 4067 
3262: 3259 3264 
3263: 1304 2501 3467 4840 4933 
3264: 3262 3268 
3265: 203 1575 
3266: 670 2409 
3267: 967 1672 1985 
3268: 3264 3269 
3269: 3268 3270 
3270: 3269 3271 
3271: 3270 3272 
3272: 3271 3275 
3273: 1414 2849 
3274: 1114 2347 3641 3972 
3275: 3272 3276 
3276: 3275 3277 
3277: 3276 3279 
3278: 3849 4017 
3279: 3277 3280 
3280: 3279 3281 
3281: 3280 3282 
3282: 3281 3283 
3283: 3282 3285 
3284: 990 4560 4817 4927 
3285: 3283 3286 
3286: 3285 3288 
3287: 424 1129 1774 3546 
3288: 3286 3289 
3289: 3288 3290 
3290: 3289 3291 
3291: 3290 3292 
3292: 3291 3298 
3293: 1163 1434 2152 3797 4529 
3294: 922 2490 2669 4705 
3295: 104 310 1210 2321 
3296: 1167 1458 2534 
3297: 1439 2738 3336 3770 
3298: 3292 3300 
3299: 33 4258 
3300: 3298 3301 
3301: 3300 3303 
3302: 598 849 4107 4264 
3303: 3301 3307 
3304: 1814 2174 2783 3579 3644 
3305: 1886 2081 4669 
3306: 2440 2499 3757 3761 3913 
3307: 3303 3309 
3308: 1439 3420 4094 
3309: 3307 3311 
3310: 127 915 3412 
3311: 3309 3313 
3312: 81 543 
3313: 3311 3315 
3314: 2801 4140 4739 
3315: 3313 3316 
3316: 3315 3319 
3317: 144 4309 4431 4598 
3318: 887 1356 4355 
3319: 3316 3320 
3320: 3319 3322 
3321: 322 993 2324 2378 
3322: 3320 3325 
3323: 378 903 1785 
3324: 221 1348 2516 4938 
3325: 3322 3328 
3326: 1778 2668 2779 
3327: 1513 2049 4018 4764 
3328: 3325 3329 
3329: 3328 3332 
3330: 567 942 1890 2889 4708 
3331: 453 2243 
3332: 3329 3334 
3333: 364 501 1348 
3334: 3332 3337 
3335: 894 1102 2236 
3336: 615 3297 
3337: 3334 3339 
3338: 2300 2492 2854 4336 
3339: 3337 3340 
3340: 3339 3341 
3341: 3340 3342 
3342: 3341 3347 
3343: 868 1005 2158 2499 3981 
3344: 1843 3410 
3345: 399 1296 2111 4620 
3346: 1163 1164 4653 
3347: 3342 3350 
3348: 364 1199 2374 
3349: 1476 1729 3546 
3350: 3347 3351 
3351: 3350 3354 
3352: 1365 3894 
3353: 327 1503 4193 
3354: 3351 3356 
3355: 1775 3627 3728 4850 
3356: 3354 3358 
3357: 321 2698 2750 4093 4488 
3358: 3356 3359 
3359: 3358 3360 
3360: 3359 3361 
3361: 3360 3363 
3362: 96 1155 1176 1814 1985 
3363: 3361 3364 
3364: 3363 3366 
3365: 2455 2501 3697 4862 4927 
3366: 3364 3367 
3367: 3366 3370 
3368: 211 1230 2342 4053 4206 
3369: 624 2164 2236 2846 2986 
3370: 3367 3371 
3371: 3370 3375 
3372: 229 4030 4951 
3373: 950 2039 2729 3710 
3374: 718 2339 
3375: 3371 3376 
3376: 3375 3379 
3377: 715 2823 3096 
3378: 999 2000 3094 
3379: 3376 3380 
3380: 3379 3381 
3381: 3380 3382 
3382: 3381 3384 
3383: 1084 2030 3139 3602 3720 
3384: 3382 3390 
3385: 718 2986 3921 
3386: 1159 1732 2834 
3387: 2457 2867 2927 3019 
3388: 111 1046 3576 3787 
3389: 727 1203 2212 2779 3034 
3390: 3384 3393 
3391: 3124 4638 
3392: 1668 1802 1803 2029 3046 
3393: 3390 3394 
3394: 3393 3395 
3395: 3394 3398 
3396: 75 1219 3181 
3397: 481 1500 2165 
3398: 3395 3400 
3399: 2380 2607 2647 
3400: 3398 3402 
3401: 1731 1814 4141 4852 4891 
3402: 3400 3404 
3403: 4600 4650 
3404: 3402 3405 
3405: 3137 3404 3406 
3406: 3405 3408 
3407: 1237 1654 1875 
3408: 3406 3414 
3409: 2721 4435 
3410: 1307 3344 
3411: 2556 4633 4784 
3412: 171 3175 3310 4038 4499 
3413: 81 355 3906 
3414: 3408 3417 
3415: 1396 1969 4248 
3416: 284 768 2572 3094 4808 
3417: 3414 3418 
3418: 3417 3421 
3419: 164 1621 2448 4149 
3420: 147 1042 3308 3729 4305 
3421: 3418 3422 
3422: 3421 3423 
3423: 3422 3424 
3424: 3423 3427 
3425: 248 454 1117 3739 
3426: 502 1272 2477 4128 
3427: 3424 3428 
3428: 3427 3431 
3429: 5 914 1609 1916 3700 
3430: 299 802 1307 
3431: 3428 3434 
3432: 877 1673 2486 4100 
3433: 1013 1538 1855 2738 
3434: 3431 3435 
3435: 3434 3436 
3436: 3435 3438 
3437: 138 1609 2184 3706 
3438: 3436 3444 
3439: 1682 2276 2551 2662 4468 
3440: 2973 3019 3913 4732 
3441: 4020 4182 4427 4727 4982 
3442: 1203 3680 4898 
3443: 296 1124 
3444: 3438 3447 
3445: 950 2259 4382 
3446: 1798 1936 4136 
3447: 3444 3448 
3448: 3447 3449 
3449: 3448 3451 
3450: 927 3054 3714 
3451: 3449 3452 
3452: 3451 3453 
3453: 3452 3455 
3454: 1894 2280 2304 2394 4722 
3455: 3453 3458 
3456: 139 503 2265 4986 
3457: 3952 4912 
3458: 3455 3459 
3459: 3458 3460 
3460: 1397 3459 3461 
3461: 3460 3462 
3462: 3461 3465 
3463: 1677 2771 
3464: 635 1124 1335 3035 4223 
3465: 3462 3466 
3466: 3465 3468 
3467: 161 1957 2219 3263 4343 
3468: 3466 3469 
3469: 3468 3472 
3470: 1173 1422 2256 3031 4562 
3471: 785 4131 
3472: 3469 3473 
3473: 3472 3474 
3474: 3473 3476 
3475: 506 1610 2036 4199 
3476: 3474 3477 
3477: 3476 3478 
3478: 3477 3479 
3479: 3478 3480 
3480: 3479 3483 
3481: 2504 2729 
3482: 454 541 1461 4747 
3483: 3480 3485 
3484: 2090 2441 2443 
3485: 3483 3488 
3486: 908 4295 
3487: 246 1757 2893 
3488: 3485 3489 
3489: 3488 3490 
3490: 3489 3491 
3491: 3490 3492 
3492: 3491 3493 
3493: 3492 3494 
3494: 3493 3495 
3495: 3494 3496 
3496: 3495 3497 
3497: 3496 3499 
3498: 2177 3609 3933 
3499: 3497 3500 
3500: 3499 3501 
3501: 3500 3502 
3502: 3501 3504 
3503: 169 2024 2588 3906 
3504: 3502 3507 
3505: 82 2811 4149 4605 
3506: 171 1292 4132 4735 
3507: 3504 3508 
3508: 3507 3510 
3509: 690 3053 4552 
3510: 3508 3511 
3511: 3510 3515 
3512: 1213 1477 3646 
3513: 1988 2348 2791 3801 
3514: 1872 1962 2982 4822 4880 
3515: 3511 3517 
3516: 1230 2017 3736 4095 4802 
3517: 3515 3519 
3518: 564 1431 4967 
3519: 3517 3521 
3520: 914 1133 2572 2859 3090 
3521: 3519 3524 
3522: 196 4197 
3523: 1500 2034 
3524: 3521 3525 
3525: 3524 3526 
3526: 3525 3527 
3527: 3526 3528 
3528: 3527 3531 
3529: 1777 4286 4659 
3530: 1263 1673 1750 4367 
3531: 3528 3534 
3532: 2444 3020 3742 4317 
3533: 1021 2640 2802 3758 4546 
3534: 3531 3535 
3535: 3534 3536 
3536: 3535 3540 
3537: 197 1339 2090 
3538: 1921 3845 3904 
3539: 484 1561 4732 4861 
3540: 3536 3541 
3541: 3540 3542 
3542: 3541 3544 
3543: 330 975 
3544: 3542 3545 
3545: 3544 3551 
3546: 254 1468 3287 3349 4990 
3547: 650 2071 
3548: 197 571 
3549: 300 1726 4856 
3550: 3044 4609 
3551: 3545 3553 
3552: 1148 2471 4251 4431 4706 
3553: 3551 3554 
3554: 3553 3556 
3555: 44 4710 
3556: 3554 3557 
3557: 3556 3558 
3558: 3557 3560 
3559: 1936 2552 2823 4492 
3560: 3558 3570 
3561: 1716 2660 
3562: 1584 2448 2669 
3563: 469 631 1873 3951 
3564: 241 2293 3587 4636 
3565: 588 1291 1819 4322 
3566: 3086 3139 4274 
3567: 334 1435 3587 4343 4864 
3568: 4242 4598 
3569: 367 3795 
3570: 3560 3572 
3571: 307 309 2861 
3572: 3570 3573 
3573: 3572 3574 
3574: 3573 3575 
3575: 3574 3577 
3576: 285 514 3113 3388 4322 
3577: 3575 3578 
3578: 3577 3581 
3579: 943 1168 1453 3043 3304 
3580: 1147 4547 
3581: 3578 3583 
3582: 4277 4291 
3583: 3581 3586 
3584: 114 950 1420 1458 4424 
3585: 2968 4208 4407 
3586: 3583 3588 
3587: 428 2539 3564 3567 4747 
3588: 3586 3589 
3589: 3588 3590 
3590: 3589 3592 
3591: 643 2440 
3592: 3590 3596 
3593: 2550 4851 
3594: 275 3786 3979 4215 4969 
3595: 221 356 3034 3742 4444 
3596: 3592 3598 
3597: 1351 1699 1986 2724 3028 
3598: 3596 3599 
3599: 3598 3604 
3600: 2548 2604 4845 
3601: 302 1287 1740 3068 
3602: 1494 2942 3383 
3603: 554 3059 4244 4322 
3604: 3599 3608 
3605: 635 1166 2254 4018 4725 
3606: 613 4241 
3607: 32 1700 4141 4208 
3608: 3604 3610 
3609: 658 1117 1409 2939 3498 
3610: 3608 3612 
3611: 1983 2750 
3612: 3610 3613 
3613: 3612 3615 
3614: 728 818 2898 
3615: 3613 3616 
3616: 3615 3617 
3617: 3616 3618 
3618: 3617 3619 
3619: 3618 3620 
3620: 3619 3622 
3621: 246 3714 4508 
3622: 3620 3624 
3623: 430 988 1225 
3624: 3622 3625 
3625: 3624 3629 
3626: 3193 4506 
3627: 781 1460 1608 3156 3355 
3628: 139 1019 
3629: 3625 3632 
3630: 227 1458 
3631: 100 2475 2825 4792 
3632: 3629 3633 
3633: 3632 3634 
3634: 3633 3635 
3635: 3634 3636 
3636: 3635 3637 
3637: 3636 3650 
3638: 1669 4197 4251 
3639: 430 940 1068 1265 
3640: 81 246 793 1874 1923 
3641: 434 2684 3274 
3642: 634 1296 1859 
3643: 171 367 916 2451 2685 
3644: 1850 3304 3877 4408 4693 
3645: 784 812 990 1748 
3646: 1548 3512 4512 
3647: 552 1377 2577 2651 4207 
3648: 2088 2152 3250 4616 4784 
3649: 2332 4665 
3650: 3637 3651 
3651: 3650 3653 
3652: 873 4397 4553 
3653: 3651 3654 
3654: 3653 3656 
3655: 155 1406 
3656: 3654 3658 
3657: 574 1318 2102 2789 3106 
3658: 3656 3659 
3659: 3658 3660 
3660: 3659 3661 
3661: 3660 3662 
3662: 3661 3663 
3663: 3662 3665 
3664: 2343 2611 4777 4912 
3665: 3663 3666 
3666: 3665 3667 
3667: 3666 3668 
3668: 3667 3670 
3669: 273 4472 
3670: 3668 3674 
3671: 1565 1690 2264 4377 
3672: 1765 2575 4787 
3673: 2804 3878 
3674: 3670 3675 
3675: 3674 3676 
3676: 3675 3678 
3677: 1151 2414 4669 
3678: 3676 3679 
3679: 3678 3681 
3680: 973 2221 3442 
3681: 3679 3684 
3682: 254 2500 3038 3983 
3683: 337 1740 
3684: 3681 3685 
3685: 3684 3686 
3686: 3685 3687 
3687: 3686 3688 
3688: 3687 3689 
3689: 3688 3692 
3690: 55 2308 4640 
3691: 1284 2843 4350 4862 
3692: 3689 3696 
3693: 116 191 453 4967 
3694: 964 1380 1944 
3695: 1493 2064 4872 4980 
3696: 3692 3698 
3697: 979 2566 3365 4500 
3698: 3696 3702 
3699: 877 4708 
3700: 312 1946 3429 
3701: 3707 4367 4941 
3702: 3698 3703 
3703: 3702 3704 
3704: 3703 3709 
3705: 1558 1778 3924 4086 
3706: 1254 2290 3437 
3707: 3023 3178 3701 
3708: 1256 1514 1620 2724 
3709: 3704 3712 
3710: 363 599 2691 3373 3849 
3711: 107 2566 4560 
3712: 3709 3713 
3713: 3712 3717 
3714: 2688 3450 3621 
3715: 239 624 1662 4494 
3716: 732 750 2470 4231 
3717: 3713 3718 
3718: 3717 3725 
3719: 353 800 2255 4468 
3720: 2879 3383 3989 4227 
3721: 1274 1468 2691 3818 4713 
3722: 893 1266 3724 4760 
3723: 714 2390 2709 2901 3814 
3724: 3722 4238 
3725: 3718 3730 
3726: 1380 4136 4452 4925 
3727: 2709 4101 
3728: 1502 3004 3084 3355 4210 
3729: 148 620 2602 3420 4169 
3730: 3725 3733 
3731: 623 1117 1207 2065 3736 
3732: 1235 1567 3036 
3733: 3730 3735 
3734: 663 1992 
3735: 3733 3740 
3736: 1033 1821 3516 3731 
3737: 371 4750 
3738: 92 1159 2153 2211 4023 
3739: 1246 1647 1780 3425 
3740: 3735 3744 
3741: 431 1849 2268 3829 
3742: 1453 1521 3156 3532 3595 
3743: 2058 4044 
3744: 3740 3745 
3745: 3744 3746 
3746: 3745 3750 
3747: 1317 2335 2934 
3748: 1513 1827 2090 4449 
3749: 2346 2722 4785 
3750: 3746 3753 
3751: 1035 4088 4812 
3752: 189 785 1020 2604 4860 
3753: 3750 3759 
3754: 719 2497 2958 3888 4882 
3755: 161 584 2409 4817 
3756: 298 1050 1635 4188 
3757: 594 2795 3306 
3758: 275 1199 2604 3533 4052 
3759: 3753 3760 
3760: 3759 3762 
3761: 761 965 2203 2969 3306 
3762: 3760 3764 
3763: 52 1898 2641 
3764: 3762 3765 
3765: 3764 3766 
3766: 3765 3768 
3767: 270 2054 4195 
3768: 3766 3769 
3769: 3768 3773 
3770: 1329 3063 3297 
3771: 1195 2585 2783 4020 
3772: 380 2613 
3773: 3769 3774 
3774: 3773 3776 
3775: 736 784 1108 4336 4740 
3776: 3774 3778 
3777: 25 204 728 1081 3978 
3778: 3776 3779 
3779: 3778 3781 
3780: 1100 1957 2505 2988 4908 
3781: 3779 3784 
3782: 55 1007 3212 
3783: 1740 2576 3985 4488 
3784: 3781 3785 
3785: 3784 3788 
3786: 154 2846 3594 4421 4499 
3787: 742 2115 3238 3248 3388 
3788: 3785 3791 
3789: 355 363 1286 
3790: 288 2167 2362 
3791: 3788 3792 
3792: 3791 3796 
3793: 600 1016 2844 3007 
3794: 196 4038 4898 
3795: 3569 3952 4904 
3796: 3792 3798 
3797: 1635 2704 3293 4956 
3798: 3796 3799 
3799: 3798 3800 
3800: 3799 3803 
3801: 1148 3513 4989 
3802: 1747 2642 4214 
3803: 3800 3806 
3804: 49 2580 
3805: 1223 2156 4710 4974 4980 
3806: 3803 3807 
3807: 3806 3809 
3808: 881 1623 2770 4575 
3809: 3807 3810 
3810: 3809 3813 
3811: 630 963 1836 1971 2148 
3812: 217 599 
3813: 3810 3815 
3814: 577 1563 3723 4081 
3815: 3813 3817 
3816: 2105 4210 4859 
3817: 3815 3820 
3818: 528 549 843 912 3721 
3819: 1877 2091 
3820: 3817 3828 
3821: 1504 1884 2445 3880 
3822: 1624 4480 
3823: 53 1047 1772 2030 4927 
3824: 825 1882 2901 
3825: 205 1898 2017 2505 
3826: 1336 2570 2987 4786 
3827: 3864 4159 4252 
3828: 3820 3831 
3829: 40 276 1164 2935 3741 
3830: 1382 2189 2606 4796 
3831: 3828 3832 
3832: 3831 3835 
3833: 352 551 2068 2638 4017 
3834: 1108 4166 
3835: 3832 3836 
3836: 3835 3837 
3837: 3836 3838 
3838: 3837 3839 
3839: 3838 3844 
3840: 2655 3020 4859 
3841: 1237 1403 4029 
3842: 188 2580 
3843: 2173 2332 2934 
3844: 3839 3847 
3845: 1281 3538 4238 
3846: 3034 4723 
3847: 3844 3848 
3848: 3847 3850 
3849: 1917 3278 3710 4319 
3850: 3848 3851 
3851: 3850 3852 
3852: 3851 3853 
3853: 3852 3856 
3854: 1682 1889 2044 4036 
3855: 2380 2687 
3856: 3853 3857 
3857: 3856 3860 
3858: 4599 4970 
3859: 1023 4562 4726 
3860: 3857 3861 
3861: 3860 3862 
3862: 3861 3863 
3863: 3862 3865 
3864: 285 2523 2784 3827 
3865: 3863 3866 
3866: 3865 3867 
3867: 3866 3868 
3868: 3867 3870 
3869: 637 2843 4066 4434 4951 
3870: 3868 3871 
3871: 3870 3872 
3872: 3871 3873 
3873: 3872 3875 
3874: 411 1473 2969 
3875: 3873 3876 
3876: 3875 3881 
3877: 1868 2758 3181 3644 
3878: 285 2440 3031 3673 4580 
3879: 4149 4277 4974 
3880: 1684 1946 3821 
3881: 3876 3883 
3882: 670 1109 1345 1525 4277 
3883: 3881 3886 3992 
3884: 249 2514 2843 
3885: 1803 2007 2306 2504 4708 
3886: 3883 3889 
3887: 764 1745 2634 4238 
3888: 825 934 2602 3754 
3889: 3886 3891 
3890: 804 1737 3052 
3891: 3889 3892 
3892: 3891 3896 
3893: 1510 2343 4585 4946 
3894: 2308 2889 3352 4299 
3895: 648 2298 4071 
3896: 3892 3898 
3897: 2030 2148 2861 4560 
3898: 3896 3901 
3899: 648 1139 4933 
3900: 104 413 4493 4715 
3901: 3898 3905 
3902: 306 1413 1508 2983 
3903: 120 804 822 2466 
3904: 147 1103 1239 3006 3538 
3905: 3901 3907 
3906: 223 3413 3503 
3907: 3905 3908 
3908: 3907 3909 
3909: 3908 3910 
3910: 3909 3911 
3911: 3910 3912 
3912: 3911 3915 
3913: 3306 3440 4909 
3914: 644 1889 2173 3013 4504 
3915: 3912 3916 
3916: 3915 3917 
3917: 3916 3926 
3918: 664 2801 4969 
3919: 199 369 4261 
3920: 391 484 2386 
3921: 1513 3385 
3922: 857 1885 2120 4844 
3923: 123 912 1434 1503 2684 
3924: 1557 1822 3705 3949 
3925: 163 1292 1913 2016 4296 
3926: 3917 3927 
3927: 3926 3928 
3928: 3927 3929 
3929: 3928 3930 
3930: 3929 3931 
3931: 3930 3932 
3932: 3931 3934 
3933: 3498 4568 4817 
3934: 3932 3935 
3935: 3934 3938 
3936: 916 1197 
3937: 86 131 2458 2665 3251 
3938: 3935 3941 
3939: 561 4472 
3940: 2347 2925 
3941: 3938 3942 
3942: 3941 3946 
3943: 389 1851 4231 4350 4984 
3944: 209 4347 
3945: 652 1746 2971 2988 4540 
3946: 3942 3947 
3947: 3946 3948 
3948: 3947 3950 
3949: 1159 1943 3924 4188 
3950: 3948 3953 
3951: 2029 3563 4848 
3952: 786 3457 3795 4092 
3953: 3950 3954 
3954: 3953 3955 
3955: 3954 3956 
3956: 3955 3959 
3957: 47 1259 3260 4244 4263 
3958: 234 741 1290 1330 
3959: 3956 3961 
3960: 1024 2086 3231 
3961: 3959 3963 
3962: 1152 2088 
3963: 3961 3964 
3964: 3963 3965 
3965: 3964 3966 
3966: 3965 3967 
3967: 3966 3970 
3968: 141 4499 4798 
3969: 309 1934 
3970: 3967 3971 
3971: 3970 3973 
3972: 405 3274 4231 
3973: 3971 3974 
3974: 3973 3975 
3975: 3974 3976 
3976: 3975 3980 
3977: 1864 4031 
3978: 1233 2814 3777 
3979: 0 1186 3594 
3980: 3976 3982 
3981: 2932 3343 4529 
3982: 3980 3984 
3983: 130 408 3068 3682 
3984: 3982 3987 
3985: 1756 3783 4484 
3986: 338 380 2297 2713 
3987: 3984 3988 
3988: 3987 3990 
3989: 246 3720 
3990: 3988 3991 
3991: 3990 3993 
3992: 365 1538 3883 
3993: 3991 3994 
3994: 3993 3995 
3995: 3994 3996 
3996: 3995 3997 
3997: 3996 3998 
3998: 3997 4000 
3999: 836 1786 2257 
4000: 3998 4002 
4001: 138 1528 3169 
4002: 4000 4004 
4003: 209 2174 4046 4663 
4004: 4002 4005 
4005: 4004 4006 
4006: 4005 4012 
4007: 1488 2349 3254 4126 4839 
4008: 2972 3231 4771 
4009: 334 3135 
4010: 1093 2475 4169 4366 
4011: 1519 2235 2530 2742 
4012: 4006 4014 
4013: 1357 2731 3135 4600 
4014: 4012 4015 
4015: 4014 4024 
4016: 2455 4693 
4017: 2254 2787 3278 3833 
4018: 2537 3327 3605 
4019: 108 1476 2742 
4020: 3441 3771 4046 
4021: 790 1172 4561 
4022: 561 564 626 
4023: 64 3191 3738 4840 
4024: 4015 4025 
4025: 4024 4026 
4026: 4025 4027 
4027: 4026 4030 
4028: 1020 1439 2668 3234 4939 
4029: 2297 3841 
4030: 3372 4027 4032 
4031: 1988 3977 
4032: 4030 4033 
4033: 4032 4034 
4034: 4033 4040 
4035: 109 937 1934 
4036: 2816 3854 
4037: 1160 1538 4319 4492 4585 
4038: 3412 3794 4410 4735 
4039: 757 2497 4593 
4040: 4034 4041 
4041: 4040 4042 
4042: 4041 4045 
4043: 1698 1997 2576 
4044: 1001 3743 4891 
4045: 4042 4048 
4046: 4003 4020 4890 
4047: 1803 1928 1962 4298 4809 
4048: 4045 4050 
4049: 7 1486 2397 
4050: 4048 4055 
4051: 2971 3080 
4052: 732 764 2545 3758 
4053: 890 1194 2720 3368 
4054: 914 963 1165 2548 2686 
4055: 4050 4058 
4056: 21 139 1879 2236 3261 
4057: 727 1137 2610 2754 4844 
4058: 4055 4060 
4059: 1081 1928 2221 2442 2806 
4060: 4058 4062 
4061: 1494 2254 4764 
4062: 4060 4063 
4063: 4062 4065 
4064: 1465 2640 2844 
4065: 4063 4068 
4066: 602 3869 
4067: 3261 4348 4691 
4068: 4065 4069 
4069: 4068 4072 
4070: 1445 1448 2024 
4071: 490 3895 4570 
4072: 4069 4073 
4073: 4072 4074 
4074: 4073 4075 
4075: 4074 4076 
4076: 4075 4077 
4077: 4076 4079 
4078: 943 1287 1877 1953 2184 
4079: 4077 4080 
4080: 4079 4082 
4081: 2505 3814 
4082: 4080 4083 
4083: 4082 4084 
4084: 4083 4085 
4085: 4084 4089 
4086: 728 3141 3705 
4087: 1496 2861 
4088: 207 1861 3751 
4089: 4085 4090 
4090: 4089 4097 
4091: 217 3013 
4092: 142 970 3952 
4093: 2645 3357 
4094: 1666 1773 3308 4661 4925 
4095: 259 3516 
4096: 1156 1709 2256 3053 4185 
4097: 4090 4098 
4098: 4097 4099 
4099: 4098 4102 
4100: 715 2963 3432 
4101: 2354 3727 
4102: 4099 4103 
4103: 4102 4105 
4104: 434 1894 4280 
4105: 4103 4106 
4106: 4105 4108 
4107: 130 3004 3302 
4108: 4106 4109 
4109: 4108 4112 
4110: 656 1137 2931 4770 
4111: 681 1254 4783 
4112: 4109 4116 
4113: 699 1100 1424 2140 2539 
4114: 1338 4379 
4115: 1606 2556 3020 
4116: 4112 4118 
4117: 2110 4822 4988 
4118: 4116 4120 
4119: 4484 4782 
4120: 4118 4122 
4121: 993 2731 
4122: 4120 4125 
4123: 1033 1999 2613 2786 4371 
4124: 1375 4620 
4125: 4122 4130 
4126: 1378 4007 4278 4377 
4127: 147 2758 4494 4826 
4128: 1046 1702 2843 3426 4332 
4129: 1874 1922 4296 
4130: 4125 4133 
4131: 15 3471 4690 
4132: 1173 1273 2983 3506 
4133: 4130 4134 
4134: 4133 4135 
4135: 4134 4137 
4136: 1103 2169 2286 3446 3726 
4137: 4135 4138 
4138: 4137 4139 
4139: 4138 4143 
4140: 1670 3314 
4141: 780 1375 2595 3401 3607 
4142: 4172 4196 4255 4895 
4143: 4139 4144 
4144: 4143 4146 
4145: 871 1163 2149 3063 
4146: 4144 4147 
4147: 4146 4148 
4148: 4147 4152 
4149: 3419 3505 3879 4213 4436 
4150: 2049 2813 3105 
4151: 84 912 1971 
4152: 4148 4153 
4153: 4152 4156 
4154: 208 2978 3107 
4155: 1157 4736 
4156: 4153 4158 
4157: 1947 2458 4291 
4158: 4156 4160 
4159: 2779 3827 
4160: 4158 4161 
4161: 4160 4162 
4162: 4161 4164 
4163: 24 1267 1496 1531 4824 
4164: 4162 4165 
4165: 4164 4167 
4166: 123 2840 3834 4349 4506 
4167: 4165 4168 
4168: 4167 4171 
4169: 1133 3036 3729 4010 
4170: 190 2360 2622 
4171: 4168 4174 
4172: 84 2975 4142 4563 
4173: 849 2064 2550 2867 4886 
4174: 4171 4175 
4175: 4174 4177 
4176: 1819 2303 3160 3245 4620 
4177: 4175 4178 
4178: 4177 4179 
4179: 4178 4184 
4180: 964 3173 
4181: 340 2340 
4182: 249 1079 3441 
4183: 250 1414 4691 
4184: 4179 4186 
4185: 734 798 3166 4096 
4186: 4184 4187 
4187: 4186 4190 
4188: 2651 3756 3949 
4189: 614 2389 
4190: 4187 4191 
4191: 4190 4192 
4192: 4191 4194 
4193: 3353 4727 
4194: 4192 4198 
4195: 625 3767 4414 4747 
4196: 1269 2007 3194 4142 
4197: 3522 3638 
4198: 4194 4200 
4199: 937 2297 2784 3475 
4200: 4198 4202 
4201: 474 1247 1261 1926 
4202: 4200 4205 
4203: 757 1677 2483 
4204: 1460 4512 4589 
4205: 4202 4211 
4206: 2703 3368 
4207: 559 632 1248 3647 4328 
4208: 1384 2072 2958 3585 3607 
4209: 643 942 2384 4552 
4210: 1532 2893 3728 3816 
4211: 4205 4216 
4212: 1199 3124 4284 4827 
4213: 502 1290 1292 4149 
4214: 294 2374 2742 3802 4291 
4215: 1156 1306 3594 
4216: 4211 4217 
4217: 4216 4219 
4218: 140 1380 
4219: 4217 4220 
4220: 4219 4221 
4221: 4220 4222 
4222: 4221 4224 
4223: 2845 3464 
4224: 4222 4228 
4225: 2950 4317 
4226: 239 2157 2568 4791 
4227: 1944 3720 
4228: 4224 4229 
4229: 4228 4230 
4230: 4229 4233 
4231: 1023 1811 3716 3943 3972 
4232: 194 4939 
4233: 4230 4235 
4234: 119 785 
4235: 4233 4236 
4236: 4235 4237 
4237: 4236 4239 
4238: 377 1502 3724 3845 3887 
4239: 4237 4240 
4240: 4239 4246 
4241: 2106 2706 3606 
4242: 3568 4840 
4243: 903 2167 2346 4367 4820 
4244: 1624 3603 3957 4993 
4245: 286 4575 
4246: 4240 4247 
4247: 4246 4249 
4248: 3415 4481 
4249: 4247 4253 
4250: 602 667 1054 
4251: 1230 3552 3638 
4252: 2477 2493 3827 4727 4770 
4253: 4249 4254 
4254: 4253 4256 
4255: 1464 4142 
4256: 4254 4259 
4257: 1133 1298 2447 
4258: 2265 3299 
4259: 4256 4260 
4260: 4259 4262 
4261: 2804 3919 4446 4848 
4262: 4260 4265 
4263: 844 2205 2546 3957 
4264: 763 1068 2552 3302 
4265: 4262 4267 
4266: 2792 3141 3152 
4267: 4265 4268 
4268: 4267 4270 
4269: 88 1161 1171 1200 
4270: 4268 4273 
4271: 214 1131 2080 4386 4424 
4272: 2256 2386 3195 
4273: 4270 4283 
4274: 1006 1434 2612 3566 4958 
4275: 43 491 2989 4556 
4276: 616 906 1324 1978 
4277: 729 3582 3879 3882 
4278: 2235 4126 
4279: 835 1774 2008 
4280: 231 967 1167 4104 
4281: 887 1354 2694 
4282: 705 1827 2290 2538 2565 
4283: 4273 4285 
4284: 376 737 1694 1777 4212 
4285: 4283 4287 
4286: 221 767 1709 1969 3529 
4287: 4285 4288 
4288: 4287 4289 
4289: 4288 4290 
4290: 4289 4292 
4291: 528 3582 4157 4214 4825 
4292: 4290 4293 
4293: 4292 4297 
4294: 917 4697 
4295: 1626 3486 
4296: 1007 1012 3925 4129 4871 
4297: 2175 4293 4300 
4298: 1154 2354 2988 4047 
4299: 216 877 3894 
4300: 4297 4306 
4301: 2045 4669 
4302: 1445 1778 2722 2961 
4303: 2250 2963 4407 
4304: 247 1267 1347 
4305: 629 1245 1656 3420 
4306: 4300 4307 
4307: 4306 4308 
4308: 4307 4311 
4309: 448 1058 1782 3317 
4310: 617 4420 
4311: 4308 4312 
4312: 4311 4313 
4313: 4312 4321 
4314: 315 596 1213 1378 
4315: 108 3030 3070 3174 
4316: 352 2409 2731 
4317: 3532 4225 
4318: 2088 3006 4501 
4319: 977 3849 4037 4685 
4320: 760 768 1785 2041 4763 
4321: 4313 4323 
4322: 548 3565 3576 3603 4935 
4323: 4321 4324 
4324: 4323 4325 
4325: 4324 4326 
4326: 4325 4329 
4327: 2306 2840 4481 
4328: 787 1152 1997 4207 4923 
4329: 4326 4330 
4330: 4329 4331 
4331: 4330 4334 
4332: 2934 3096 4128 4892 
4333: 2820 4798 4850 
4334: 4331 4337 
4335: 25 2480 
4336: 1235 1638 2322 3338 3775 
4337: 4334 4340 
4338: 1562 2221 2280 3099 
4339: 353 1439 4949 
4340: 4337 4342 
4341: 2188 3152 4892 
4342: 4340 4344 
4343: 1718 1724 2054 3467 3567 
4344: 4342 4345 
4345: 4344 4346 
4346: 4345 4351 
4347: 2538 3944 
4348: 2419 2585 2728 3113 4067 
4349: 798 1457 4166 
4350: 113 3691 3943 
4351: 4346 4352 
4352: 4351 4354 
4353: 1434 2428 3019 
4354: 4352 4356 
4355: 527 1700 3318 
4356: 4354 4359 
4357: 758 789 1711 2447 2548 
4358: 107 1161 2379 4886 
4359: 4356 4360 
4360: 4359 4361 
4361: 4360 4363 
4362: 1840 2157 3172 
4363: 4361 4365 
4364: 496 1014 1456 
4365: 4363 4368 
4366: 1758 2451 2758 4010 4433 
4367: 674 3530 3701 4243 
4368: 4365 4369 
4369: 4368 4375 
4370: 1130 1670 4661 4802 4970 
4371: 1939 4123 4449 4698 
4372: 1035 1105 
4373: 1489 2174 
4374: 1005 1631 1926 2018 
4375: 4369 4380 
4376: 210 510 714 2410 2889 
4377: 1772 2728 3671 4126 
4378: 225 817 1653 1694 3096 
4379: 24 418 1877 4114 4713 
4380: 4375 4381 
4381: 4380 4383 
4382: 113 3445 4827 
4383: 4381 4384 
4384: 4383 4385 
4385: 4384 4386 
4386: 4271 4385 4387 
4387: 4386 4390 
4388: 1378 2878 3177 
4389: 927 1719 1974 3152 4675 
4390: 4387 4391 
4391: 4390 4392 
4392: 4391 4393 
4393: 4392 4394 
4394: 4393 4398 
4395: 2692 4493 4703 
4396: 139 300 1878 
4397: 1950 3652 4857 
4398: 4394 4400 
4399: 1861 2148 
4400: 4398 4402 
4401: 422 2750 
4402: 4400 4403 
4403: 4402 4404 
4404: 4403 4405 
4405: 4404 4406 
4406: 4405 4409 
4407: 818 2743 3585 4303 4691 
4408: 1477 2110 2673 3644 
4409: 4406 4411 
4410: 1139 2134 4038 4571 
4411: 4409 4412 
4412: 4411 4413 
4413: 4412 4416 
4414: 4195 4784 
4415: 2663 2851 4654 
4416: 4413 4417 
4417: 4416 4419 
4418: 3250 4904 
4419: 4417 4422 
4420: 2494 4310 4824 
4421: 1580 3245 3786 4968 
4422: 4419 4425 
4423: 271 551 1905 2739 
4424: 1332 2113 2738 3584 4271 
4425: 4422 4426 
4426: 4425 4428 
4427: 780 1511 2880 2938 3441 
4428: 4426 4429 
4429: 4428 4430 
4430: 4429 4432 
4431: 808 1851 3317 3552 4770 
4432: 4430 4437 
4433: 664 1666 4366 
4434: 1087 1999 3869 
4435: 2945 3409 
4436: 823 1257 2153 2293 4149 
4437: 4432 4438 
4438: 4437 4439 
4439: 4438 4442 
4440: 36 874 1336 1501 1808 
4441: 1518 1861 2234 
4442: 4439 4443 
4443: 4442 4445 
4444: 1923 3595 4839 4846 
4445: 4443 4448 
4446: 408 1171 1737 2945 4261 
4447: 2065 2621 
4448: 4445 4450 
4449: 3748 4371 4738 
4450: 4448 4451 
4451: 4450 4453 
4452: 2419 3726 
4453: 4451 4454 
4454: 4453 4455 
4455: 4454 4456 
4456: 4455 4457 
4457: 4456 4458 
4458: 4457 4459 
4459: 4458 4460 
4460: 4459 4462 
4461: 550 1875 
4462: 4460 4463 
4463: 4462 4464 
4464: 4463 4465 
4465: 4464 4467 
4466: 690 761 2948 4848 
4467: 4465 4469 
4468: 2145 3057 3439 3719 
4469: 4467 4471 
4470: 610 1236 2384 
4471: 4469 4473 
4472: 3669 3939 
4473: 4471 4475 
4474: 218 914 1987 2280 
4475: 4473 4476 
4476: 4475 4477 
4477: 4476 4478 
4478: 4477 4483 
4479: 674 1215 
4480: 2447 2971 3822 
4481: 4248 4327 
4482: 631 825 1046 2543 
4483: 4478 4485 
4484: 330 1674 3985 4119 4891 
4485: 4483 4487 
4486: 800 1286 
4487: 4485 4490 
4488: 199 1304 1558 3357 3783 
4489: 680 906 1294 
4490: 4487 4491 
4491: 4490 4495 
4492: 1197 3559 4037 
4493: 165 353 3900 4395 4561 
4494: 257 430 1205 3715 4127 
4495: 4491 4496 
4496: 4495 4497 
4497: 4496 4498 
4498: 4497 4503 
4499: 1216 3412 3786 3968 
4500: 2563 2824 3132 3697 
4501: 189 627 4318 
4502: 518 2034 2473 3084 
4503: 4498 4505 
4504: 1484 1777 3914 4638 
4505: 4503 4507 
4506: 2412 3626 4166 
4507: 4505 4509 
4508: 922 3164 3621 4783 
4509: 4507 4510 
4510: 4509 4513 
4511: 1223 1380 2049 2467 4546 
4512: 231 1981 3646 4204 
4513: 4510 4515 
4514: 1296 1580 1653 2185 4886 
4515: 4513 4516 
4516: 4515 4517 
4517: 4516 4518 
4518: 4517 4519 
4519: 4518 4521 
4520: 80 3137 3169 4883 
4521: 4519 4522 
4522: 4521 4523 
4523: 4522 4525 
4524: 1484 2072 2131 2791 
4525: 4523 4530 
4526: 1200 1445 
4527: 1388 1613 
4528: 1559 1642 1984 2087 
4529: 1100 3044 3293 3981 
4530: 4525 4531 
4531: 4530 4532 
4532: 4531 4534 
4533: 610 2384 2766 
4534: 4532 4536 
4535: 268 433 1739 4655 
4536: 4534 4537 
4537: 4536 4539 
4538: 1484 1916 2059 
4539: 4537 4541 
4540: 2459 3945 
4541: 4539 4542 
4542: 4541 4543 
4543: 4542 4544 
4544: 4543 4545 
4545: 4544 4548 
4546: 652 3533 4511 
4547: 1268 3580 4944 
4548: 4545 4549 
4549: 4548 4550 
4550: 4549 4551 
4551: 4550 4555 
4552: 1732 1845 2493 3509 4209 
4553: 116 837 3652 
4554: 1460 1509 2489 2577 
4555: 4551 4557 
4556: 610 1318 1324 1604 4275 
4557: 4555 4558 
4558: 4557 4563 
4559: 1347 1396 1806 2467 2877 
4560: 3284 3711 3897 4648 4757 
4561: 1698 1853 4021 4493 
4562: 515 2744 3470 3859 
4563: 4172 4558 4564 
4564: 4563 4565 
4565: 4564 4569 
4566: 199 623 
4567: 750 3044 
4568: 1290 1895 2716 3933 
4569: 4565 4572 
4570: 2196 2596 4071 
4571: 1050 1878 4410 
4572: 4569 4573 
4573: 4572 4574 
4574: 4573 4579 
4575: 1956 2473 3808 4245 
4576: 1354 1985 2196 2340 3148 
4577: 120 428 635 2768 
4578: 1608 1868 3086 4711 4820 
4579: 4574 4581 
4580: 2236 2566 2776 3878 4848 
4581: 4579 4582 
4582: 4581 4583 
4583: 4582 4587 
4584: 871 907 2518 
4585: 1578 3893 4037 
4586: 92 746 758 1744 1944 
4587: 4583 4588 
4588: 4587 4594 
4589: 1080 1905 4204 
4590: 2130 2673 
4591: 1951 2113 
4592: 1013 2533 4715 
4593: 783 1102 3174 4039 
4594: 4588 4595 
4595: 4594 4596 
4596: 4595 4597 
4597: 4596 4601 
4598: 1756 2518 3317 3568 
4599: 836 2931 3858 4662 
4600: 1338 1388 2496 3403 4013 
4601: 4597 4603 
4602: 1384 2317 
4603: 4601 4606 
4604: 605 1358 2102 
4605: 1265 2631 3505 4730 
4606: 4603 4607 
4607: 4606 4608 
4608: 4607 4610 
4609: 1674 2365 3550 
4610: 4608 4611 
4611: 4610 4612 
4612: 4611 4615 
4613: 144 2959 
4614: 2649 4825 
4615: 4612 4617 
4616: 1527 2343 3648 
4617: 4615 4619 
4618: 667 2703 4699 
4619: 4617 4623 
4620: 1624 1853 3345 4124 4176 
4621: 114 1146 2545 
4622: 681 1899 1922 
4623: 4619 4625 
4624: 1180 1635 2734 
4625: 4623 4626 
4626: 4625 4627 
4627: 4626 4631 
4628: 947 1312 
4629: 2286 4698 
4630: 142 305 1161 
4631: 4627 4635 
4632: 1093 1895 1939 1944 4862 
4633: 548 3411 
4634: 2712 3183 
4635: 4631 4637 
4636: 1186 1431 1468 2538 3564 
4637: 4635 4639 
4638: 3391 4504 
4639: 4637 4642 
4640: 559 1746 3690 
4641: 338 2474 
4642: 4639 4643 
4643: 4642 4644 
4644: 4643 4645 
4645: 4644 4646 
4646: 4645 4647 
4647: 4646 4649 
4648: 3238 4560 4846 
4649: 4647 4651 
4650: 3238 3403 4968 
4651: 4649 4656 
4652: 1704 2349 
4653: 2970 3199 3346 
4654: 2476 4415 
4655: 268 4535 
4656: 4651 4657 
4657: 4656 4658 
4658: 4657 4660 
4659: 2892 3529 
4660: 4658 4667 
4661: 4094 4370 
4662: 917 959 1080 4599 
4663: 787 2101 2126 2376 4003 
4664: 189 1267 1639 1773 2231 
4665: 64 135 3649 
4666: 956 2256 
4667: 4660 4670 
4668: 1740 2900 3022 
4669: 2532 3305 3677 4301 
4670: 158 4667 4671 
4671: 4670 4672 
4672: 4671 4673 
4673: 4672 4674 
4674: 4673 4676 
4675: 1155 1371 1461 4389 
4676: 4674 4677 
4677: 4676 4678 
4678: 4677 4680 
4679: 604 1519 2521 2731 
4680: 4678 4681 
4681: 4680 4682 
4682: 4681 4683 
4683: 4682 4684 
4684: 4683 4688 
4685: 33 3169 4319 4787 
4686: 575 2345 2649 
4687: 1223 1558 
4688: 4684 4689 
4689: 4688 4692 
4690: 259 2470 4131 4974 
4691: 4067 4183 4407 
4692: 4689 4695 
4693: 1045 2388 3644 4016 4936 
4694: 1650 2123 2124 2433 4796 
4695: 4692 4696 
4696: 4695 4700 
4697: 596 1535 4294 
4698: 1920 4371 4629 
4699: 717 2566 4618 
4700: 4696 4701 
4701: 4700 4704 
4702: 1873 4938 
4703: 34 645 2607 2841 4395 
4704: 4701 4707 
4705: 2275 2634 3077 3254 3294 
4706: 2140 3552 4812 
4707: 4704 4709 
4708: 1049 3330 3699 3885 4833 
4709: 4707 4712 
4710: 2243 3555 3805 
4711: 254 3052 4578 
4712: 4709 4717 
4713: 766 1496 3721 4379 
4714: 1215 2098 4785 
4715: 515 3900 4592 
4716: 1822 2304 3063 
4717: 2631 4712 4721 
4718: 394 1859 
4719: 942 1486 1521 2948 
4720: 369 503 
4721: 4717 4724 
4722: 577 2044 2227 2801 3454 
4723: 1458 2928 3846 4786 4791 
4724: 4721 4728 
4725: 182 2368 2954 3605 
4726: 1997 3859 4890 
4727: 604 1370 3441 4193 4252 
4728: 4724 4729 
4729: 4728 4731 
4730: 2391 4605 4764 4973 
4731: 4729 4733 
4732: 614 2958 3440 3539 
4733: 4731 4734 
4734: 4733 4737 
4735: 3506 4038 
4736: 235 4155 
4737: 4734 4741 
4738: 298 720 989 1024 4449 
4739: 906 1005 3314 
4740: 1987 2390 3775 
4741: 4737 4742 
4742: 4741 4743 
4743: 4742 4744 
4744: 4743 4746 
4745: 1420 1962 2685 
4746: 4744 4749 
4747: 807 1683 3482 3587 4195 
4748: 1563 4946 
4749: 4746 4751 
4750: 2148 3737 
4751: 4749 4752 
4752: 4751 4753 
4753: 4752 4754 
4754: 4753 4755 
4755: 4754 4756 
4756: 4755 4759 
4757: 746 1195 1527 1559 4560 
4758: 83 1008 2649 
4759: 4756 4761 
4760: 780 2026 2433 3722 
4761: 4759 4762 
4762: 4761 4765 
4763: 1121 1269 1812 2837 4320 
4764: 3327 4061 4730 
4765: 4762 4766 
4766: 4765 4768 
4767: 102 826 1473 2956 
4768: 4766 4769 
4769: 4768 4772 
4770: 4110 4252 4431 
4771: 938 1261 3046 4008 
4772: 3049 4769 4773 
4773: 4772 4776 
4774: 1474 1935 2685 
4775: 845 2611 4857 
4776: 4773 4778 
4777: 1610 1727 2766 2789 3664 
4778: 4776 4779 
4779: 4778 4780 
4780: 4779 4781 
4781: 4780 4789 
4782: 1453 4119 
4783: 2545 4111 4508 4956 
4784: 221 3411 3648 4414 
4785: 271 1877 3749 4714 
4786: 14 1357 1764 3826 4723 
4787: 3023 3672 4685 
4788: 57 1102 2059 2518 
4789: 4781 4790 
4790: 4789 4793 
4791: 2112 4226 4723 
4792: 4 2850 3631 
4793: 4790 4794 
4794: 4793 4795 
4795: 4794 4797 
4796: 1413 3830 4694 
4797: 4795 4799 
4798: 688 2851 3968 4333 
4799: 4797 4800 
4800: 4799 4803 
4801: 1196 1869 4951 
4802: 894 3157 3516 4370 
4803: 3086 4800 4804 
4804: 4803 4805 
4805: 4804 4806 
4806: 4805 4810 
4807: 49 1024 2483 
4808: 445 2728 3164 3416 
4809: 234 2502 4047 
4810: 4806 4813 
4811: 2322 2787 
4812: 2944 3751 4706 
4813: 4810 4815 
4814: 718 1114 
4815: 4813 4816 
4816: 4815 4818 
4817: 1254 2611 3284 3755 3933 
4818: 4816 4819 
4819: 4818 4821 
4820: 1474 1930 4243 4578 4827 
4821: 4819 4823 
4822: 1050 1890 2244 3514 4117 
4823: 4821 4828 
4824: 2031 4163 4420 
4825: 1150 4291 4614 
4826: 574 1872 4127 
4827: 1367 2665 4212 4382 4820 
4828: 4823 4829 
4829: 4828 4830 
4830: 4829 4832 
4831: 1336 2786 
4832: 4830 4834 
4833: 413 2197 3007 4708 4946 
4834: 4832 4837 
4835: 1171 2080 2461 
4836: 732 1564 
4837: 4834 4838 
4838: 4837 4841 
4839: 1941 3142 4007 4444 
4840: 3263 4023 4242 
4841: 4838 4842 
4842: 4841 4843 
4843: 4842 4847 
4844: 1818 3030 3922 4057 
4845: 1474 1981 3600 
4846: 1785 4444 4648 
4847: 4843 4849 
4848: 3951 4261 4466 4580 
4849: 4847 4853 
4850: 34 3355 4333 4927 
4851: 30 3075 3593 
4852: 527 1420 1748 3401 
4853: 4849 4858 
4854: 1458 3176 3178 
4855: 705 1361 1520 1761 4871 
4856: 2455 2946 3549 4943 
4857: 1729 2288 4397 4775 
4858: 4853 4861 
4859: 2558 3816 3840 
4860: 2708 3752 
4861: 3539 4858 4865 
4862: 297 3365 3691 4632 
4863: 605 955 1289 
4864: 1375 2192 3567 
4865: 4861 4866 
4866: 4865 4867 
4867: 4866 4869 
4868: 625 1514 1956 
4869: 4867 4873 
4870: 647 1318 
4871: 21 32 177 4296 4855 
4872: 3174 3695 
4873: 4869 4874 
4874: 4873 4875 
4875: 4874 4876 
4876: 4875 4877 
4877: 4876 4878 
4878: 4877 4879 
4879: 4878 4884 
4880: 1050 1853 3514 4982 
4881: 1834 2734 
4882: 1974 2757 3754 
4883: 1568 1732 4520 
4884: 4879 4887 
4885: 115 1392 1854 3194 
4886: 1827 3057 4173 4358 4514 
4887: 4884 4888 
4888: 4887 4889 
4889: 4888 4893 
4890: 4 296 1341 4046 4726 
4891: 3401 4044 4484 
4892: 2299 4332 4341 
4893: 4889 4894 
4894: 4893 4897 
4895: 585 2158 2256 4142 
4896: 109 961 2085 2722 4938 
4897: 4894 4899 
4898: 2534 3442 3794 
4899: 4897 4902 
4900: 629 2461 
4901: 698 1083 2724 
4902: 4899 4903 
4903: 4902 4905 
4904: 393 1013 3795 4418 
4905: 4903 4906 
4906: 4905 4907 
4907: 4906 4910 
4908: 938 2389 3780 
4909: 1156 3913 
4910: 4907 4911 
4911: 4910 4913 
4912: 503 3457 3664 
4913: 4911 4914 
4914: 4913 4915 
4915: 4914 4916 
4916: 4915 4917 
4917: 4916 4920 
4918: 7 528 2991 
4919: 1666 1690 2521 2802 
4920: 568 4917 4921 
4921: 4920 4922 
4922: 2962 4921 4924 
4923: 609 907 1501 4328 
4924: 4922 4926 
4925: 1930 3726 4094 
4926: 4924 4928 
4927: 2231 3284 3365 3823 4850 
4928: 4926 4929 
4929: 4928 4931 
4930: 322 1151 1274 1358 
4931: 4929 4934 
4932: 728 2273 2872 
4933: 1058 3263 3899 
4934: 4931 4937 
4935: 223 2225 2801 2932 4322 
4936: 1001 4693 
4937: 4934 4940 
4938: 3324 4702 4896 
4939: 1503 1985 2928 4028 4232 
4940: 4937 4942 
4941: 361 461 3701 
4942: 4940 4947 
4943: 1330 2543 2565 4856 
4944: 1330 4547 
4945: 192 203 3195 
4946: 473 783 3893 4748 4833 
4947: 4942 4948 
4948: 4947 4950 
4949: 484 1568 4339 
4950: 4948 4952 
4951: 971 1014 3372 3869 4801 
4952: 4950 4953 
4953: 4952 4954 
4954: 4953 4955 
4955: 4954 4959 
4956: 1626 1737 1868 3797 4783 
4957: 664 1457 
4958: 80 525 2269 4274 
4959: 4955 4960 
4960: 4959 4961 
4961: 4960 4962 
4962: 4961 4963 
4963: 4962 4964 
4964: 4963 4965 
4965: 4964 4966 
4966: 4965 4971 
4967: 1689 3518 3693 
4968: 448 4421 4650 
4969: 2175 2400 3594 3918 
4970: 174 3858 4370 
4971: 4966 4972 
4972: 4971 4975 
4973: 847 1552 4730 
4974: 371 3805 3879 4690 
4975: 4972 4976 
4976: 4975 4977 
4977: 4976 4979 
4978: 1108 2368 3070 
4979: 4977 4981 
4980: 1508 2141 3695 3805 
4981: 4979 4983 
4982: 508 2487 2891 3441 4880 
4983: 4981 4985 
4984: 293 860 1176 1885 3943 
4985: 4983 4987 
4986: 554 617 1194 3006 3456 
4987: 4985 4991 
4988: 259 4117 
4989: 431 1064 2674 3801 
4990: 1489 3546 
4991: 4987 4995 
4992: 955 3003 
4993: 940 4244 
4994: 1337 2280 2898 
4995: 4991 4998 
4996: 859 2572 
4997: 108 2025 2663 
4998: 4995 4999 
4999: 4998 
41