0: 1 
1: 0 3 
2: 1482 2457 
3: 1 5 
4: 1035 1616 1939 2548 3387 
5: 3 7 
6: 91 2468 4154 
7: 5 8 
8: 7 9 
9: 8 10 
10: 9 11 
11: 10 13 
12: 222 1427 4806 
13: 11 15 
14: 2354 3536 
15: 13 17 
16: 328 2750 3392 4820 
17: 15 20 
18: 2359 2846 3709 
19: 22 272 3478 4288 
20: 17 24 
21: 1781 2501 4091 
22: 19 1595 1676 3862 
23: 3342 4711 
24: 20 26 
25: 840 1228 2189 
26: 24 30 
27: 146 1734 4867 
28: 1308 1373 2505 4639 
29: 2709 2809 3637 
30: 26 33 
31: 1923 4282 
32: 1436 1479 
33: 30 36 
34: 869 1742 2882 2898 
35: 214 217 2012 2854 4288 
36: 33 37 
37: 36 39 
38: 91 1786 1885 3478 
39: 37 40 
40: 39 43 
41: 339 419 1406 3019 3676 
42: 1086 1230 2318 
43: 40 44 
44: 43 47 
45: 2044 2555 4596 
46: 1610 3691 3831 
47: 44 48 
48: 47 49 
49: 48 52 
50: 1432 1565 2503 
51: 1156 1159 2647 
52: 49 55 
53: 1459 4978 
54: 2197 2389 2860 
55: 52 57 
56: 1867 3570 4404 4651 4978 
57: 55 58 
58: 57 59 
59: 58 61 
60: 2651 3237 4395 
61: 59 62 
62: 61 63 
63: 62 64 
64: 63 66 
65: 869 2098 3312 
66: 64 68 
67: 2020 3164 3468 4931 
68: 66 69 
69: 68 71 
70: 1888 4924 
71: 69 75 
72: 651 1818 
73: 713 1553 3999 4027 
74: 1169 1666 2548 4550 4859 
75: 71 76 
76: 75 79 
77: 1192 1507 4263 4707 
78: 3022 3369 3546 
79: 76 83 
80: 914 3341 3453 
81: 1126 4658 
82: 511 552 1385 2736 4910 
83: 79 84 
84: 83 85 
85: 84 86 
86: 85 88 
87: 1720 1836 4263 
88: 86 90 
89: 1007 2002 
90: 88 92 
91: 6 38 742 3944 
92: 90 94 
93: 3669 3944 4128 
94: 92 98 
95: 197 1632 4120 4972 
96: 583 987 2026 
97: 3218 4972 
98: 94 99 
99: 98 103 
100: 2297 3437 
101: 326 817 4595 
102: 1549 2680 4276 
103: 99 104 
104: 103 109 
105: 113 1222 3255 3809 
106: 1557 2390 2683 3384 
107: 228 1205 4314 
108: 750 1035 1051 
109: 104 110 
110: 109 112 
111: 1402 2582 4824 4842 
112: 110 116 
113: 105 850 1840 2873 3590 
114: 2309 2476 3132 3752 
115: 223 1252 1836 3981 4212 
116: 112 119 1172 
117: 1525 2860 3093 
118: 1263 3062 4531 4543 
119: 116 126 
120: 1306 1454 
121: 1255 3673 
122: 579 1736 
123: 1008 3907 
124: 1218 1861 1869 
125: 283 2178 3892 
126: 119 128 
127: 290 898 4130 
128: 126 130 
129: 3534 4790 
130: 128 132 
131: 2043 3454 4967 
132: 130 133 
133: 132 134 
134: 133 137 
135: 1550 2972 
136: 1032 1563 4940 
137: 134 138 
138: 137 141 
139: 3587 4992 
140: 907 2022 3372 
141: 138 142 
142: 141 143 
143: 142 144 
144: 143 150 
145: 239 394 1198 
146: 27 3012 4920 
147: 1646 4324 4750 
148: 2836 3632 
149: 456 1431 4683 
150: 144 151 
151: 150 152 
152: 151 154 
153: 3168 3673 3934 
154: 152 161 
155: 543 1600 4401 4520 
156: 201 1326 3254 
157: 453 520 
158: 3237 3336 3806 4381 
159: 1028 4359 
160: 2134 3282 4596 
161: 154 162 
162: 161 163 
163: 162 164 
164: 163 166 
165: 226 296 559 2066 2530 
166: 164 168 
167: 2853 4086 4727 
168: 166 170 
169: 503 1730 4080 
170: 168 171 
171: 170 173 
172: 759 4085 
173: 171 176 
174: 1059 2578 4132 
175: 2700 3219 4490 
176: 173 177 
177: 176 179 
178: 618 2396 2771 
179: 177 182 
180: 238 3195 3852 4004 
181: 654 962 2016 4738 4946 
182: 179 183 
183: 182 186 
184: 1242 1502 2161 2930 4374 
185: 841 2974 4115 4655 4809 
186: 183 189 
187: 904 1504 
188: 2085 2923 2983 4504 
189: 186 190 
190: 189 194 
191: 335 3180 
192: 1232 3974 4462 4942 
193: 2321 4131 
194: 190 195 
195: 194 200 
196: 853 1521 3321 3511 3575 
197: 95 3172 3657 4983 
198: 2647 2924 3242 3703 3809 
199: 1028 3761 4607 
200: 195 202 
201: 156 1089 
202: 200 205 
203: 315 4546 4761 
204: 470 3997 
205: 202 206 
206: 205 208 
207: 2665 3289 
208: 206 212 
209: 3249 3558 4026 
210: 868 1893 4592 
211: 3211 4253 4601 
212: 208 215 
213: 1338 1671 4165 
214: 35 599 1086 1734 4091 
215: 212 216 
216: 215 219 
217: 35 735 2473 4415 
218: 1179 2267 4112 
219: 216 221 
220: 256 4182 
221: 219 225 
222: 12 274 645 2148 4454 
223: 115 2997 3088 4114 4707 
224: 1897 2536 2950 3822 
225: 221 229 
226: 165 2904 3379 4098 
227: 875 1679 4852 
228: 107 1531 2708 
229: 225 231 
230: 2692 4260 4273 4372 4763 
231: 229 232 3152 
232: 231 234 
233: 3142 4027 
234: 232 236 
235: 341 563 4201 4643 
236: 234 237 
237: 236 240 
238: 180 3350 4698 
239: 145 348 2970 
240: 237 241 
241: 240 242 
242: 241 244 
243: 1264 4614 
244: 242 246 
245: 1169 2844 3167 
246: 244 247 
247: 246 248 
248: 247 250 
249: 807 1738 2647 4007 4364 
250: 248 251 
251: 250 254 
252: 2310 4252 4300 
253: 798 3377 3675 
254: 251 258 
255: 391 2034 2682 
256: 220 930 4134 
257: 1658 2168 4738 
258: 254 261 
259: 1294 1359 
260: 2197 2251 
261: 258 264 
262: 974 3140 
263: 272 1693 3655 
264: 261 268 
265: 868 1570 3351 4246 
266: 1755 2686 
267: 376 1097 1258 1342 3893 
268: 264 270 
269: 773 892 3511 3637 
270: 268 271 
271: 270 273 
272: 19 263 525 1620 3111 
273: 271 275 
274: 222 4114 4196 
275: 273 276 
276: 275 278 
277: 760 2124 2423 
278: 276 281 
279: 1216 1809 2427 2978 
280: 1853 2715 4698 
281: 278 282 
282: 281 288 
283: 125 1780 2760 
284: 869 1603 3377 4620 
285: 1613 4039 4747 
286: 1478 2005 2123 
287: 320 341 2361 
288: 282 291 
289: 719 3607 
290: 127 1622 3163 3268 4861 
291: 288 292 
292: 291 294 3454 
293: 781 1791 2647 4700 
294: 292 295 
295: 294 298 
296: 165 836 1915 4076 
297: 1586 2011 
298: 295 299 
299: 298 301 
300: 1025 1658 3269 3432 
301: 299 302 
302: 301 305 
303: 525 664 
304: 1745 2887 3517 
305: 302 306 
306: 305 308 
307: 1910 2390 2853 3379 
308: 306 310 
309: 3362 3627 
310: 308 311 4924 
311: 310 312 
312: 311 314 
313: 1506 3275 3661 
314: 312 318 
315: 203 485 1011 3588 4476 
316: 1807 1924 3162 4533 
317: 960 2473 
318: 314 321 
319: 989 4006 
320: 287 1713 2683 3113 4498 
321: 318 322 
322: 321 324 
323: 1310 2415 2629 4914 
324: 322 327 
325: 735 3349 
326: 101 2459 2543 2886 4212 
327: 324 329 
328: 16 2541 3880 
329: 327 331 
330: 3812 4935 
331: 329 332 
332: 331 333 
333: 332 337 
334: 2662 2730 3628 4512 4610 
335: 191 2030 
336: 411 2637 4696 
337: 333 340 
338: 549 2273 2986 4476 
339: 41 2171 3310 3710 
340: 337 342 
341: 235 287 4905 
342: 340 345 
343: 903 2055 3278 
344: 3763 4967 
345: 342 347 
346: 1862 2292 2636 4751 
347: 345 349 
348: 239 1491 1955 2511 3512 
349: 347 350 
350: 349 351 
351: 350 352 
352: 351 358 
353: 1331 2008 2122 2682 
354: 914 3910 3953 
355: 1419 1815 2722 3049 
356: 1225 1558 2202 3845 
357: 1500 3986 4309 4939 
358: 352 359 3241 
359: 358 364 
360: 593 2691 4673 
361: 511 2247 3217 
362: 513 771 1586 2226 3004 
363: 974 4305 4753 
364: 359 368 
365: 840 1059 1982 4748 
366: 1529 3834 
367: 427 4002 4501 
368: 364 370 
369: 520 2837 4852 
370: 368 371 
371: 370 373 
372: 2010 2104 3623 
373: 371 378 
374: 3312 4394 
375: 1353 1924 2329 3461 3806 
376: 267 1264 1715 2022 3451 
377: 2527 3950 4086 4580 
378: 373 379 
379: 378 380 
380: 379 382 
381: 854 1959 4733 
382: 380 385 
383: 2069 2459 4055 
384: 709 1536 1859 4310 
385: 382 388 
386: 1005 3313 3335 4639 
387: 1833 2157 
388: 385 396 
389: 955 1270 1801 
390: 4601 4687 
391: 255 2040 2439 2476 2995 
392: 1723 3672 
393: 4287 4863 
394: 145 1538 3560 4790 
395: 417 2899 
396: 388 397 
397: 396 398 
398: 397 403 
399: 588 2758 
400: 814 2380 4212 
401: 1822 3190 4000 4526 
402: 1895 2700 3075 
403: 398 405 
404: 1620 1861 2019 4798 
405: 403 406 
406: 405 408 
407: 2253 3650 
408: 406 409 
409: 408 410 
410: 409 412 
411: 336 1747 3820 4378 
412: 410 414 
413: 1448 2707 3262 
414: 412 415 
415: 414 418 
416: 723 1335 2257 
417: 395 3801 4001 
418: 415 421 
419: 41 4320 4727 
420: 534 1245 
421: 418 422 
422: 421 423 
423: 422 428 
424: 1044 1820 3309 
425: 1699 2462 4027 4847 
426: 1883 4373 
427: 367 680 1693 3388 4868 
428: 423 430 
429: 2417 2859 4401 
430: 428 431 
431: 430 432 
432: 431 434 
433: 479 4921 
434: 432 435 
435: 434 436 
436: 435 437 
437: 436 442 
438: 2462 4055 4773 4988 
439: 1312 2241 
440: 2117 3870 4136 
441: 1447 2544 2924 
442: 437 443 
443: 442 444 
444: 443 445 
445: 444 446 
446: 445 447 
447: 446 450 
448: 473 746 4199 
449: 1092 3211 
450: 447 451 
451: 450 454 
452: 690 1101 3763 
453: 157 598 1951 
454: 451 455 
455: 454 457 
456: 149 2102 4157 
457: 455 458 
458: 457 459 
459: 458 461 
460: 476 829 1100 1263 
461: 459 462 
462: 461 467 
463: 620 3388 4980 
464: 1278 1741 2666 
465: 3324 3844 3925 4914 
466: 1664 1701 
467: 462 469 
468: 988 1678 
469: 467 471 
470: 204 836 1011 
471: 469 474 
472: 1474 1992 4655 
473: 448 1347 
474: 471 477 
475: 579 3065 4005 
476: 460 2310 3572 3922 
477: 474 486 
478: 1437 2503 
479: 433 896 2482 
480: 534 1301 1851 3529 
481: 1617 2494 
482: 500 3852 
483: 1168 3442 3565 4548 
484: 809 3504 4640 
485: 315 2837 3594 4971 
486: 477 489 
487: 2969 3833 4585 
488: 1367 4368 
489: 486 490 
490: 489 491 
491: 490 494 
492: 1676 4391 
493: 1294 2045 3052 
494: 491 496 2253 
495: 2042 3387 4300 4981 
496: 494 499 
497: 1030 1316 3911 
498: 1615 4981 
499: 496 501 
500: 482 2119 
501: 499 505 
502: 897 2576 
503: 169 618 3336 
504: 1675 3850 
505: 501 507 
506: 1103 2310 3428 
507: 505 508 
508: 507 509 
509: 508 510 
510: 509 516 
511: 82 361 2304 2471 2485 
512: 1240 1488 1884 3981 4941 
513: 362 1018 1170 4712 
514: 1607 3657 
515: 2722 3313 4718 
516: 510 518 
517: 680 3271 
518: 516 522 
519: 2708 3008 
520: 157 369 
521: 4156 4284 
522: 518 526 
523: 2432 2578 
524: 574 1798 3412 4154 4434 
525: 272 303 1885 2995 
526: 522 527 
527: 526 529 
528: 1129 1555 2567 2692 
529: 527 531 2567 
530: 1018 2122 2691 
531: 529 532 
532: 531 533 
533: 532 536 
534: 420 480 2310 3265 
535: 1715 1734 2400 3906 
536: 533 537 
537: 536 538 
538: 537 539 
539: 538 541 
540: 1005 1335 1369 1843 3000 
541: 539 542 
542: 541 544 
543: 155 2466 2936 4156 4346 
544: 542 545 
545: 544 546 
546: 545 547 
547: 546 548 
548: 547 550 
549: 338 933 4405 
550: 548 551 
551: 550 553 
552: 82 1145 1747 2148 4910 
553: 551 554 
554: 553 557 
555: 1043 4587 
556: 1408 4197 4577 
557: 554 560 
558: 3627 4564 
559: 165 1391 4517 
560: 557 561 
561: 560 562 
562: 561 564 
563: 235 901 1003 3089 3161 
564: 562 565 
565: 564 567 
566: 2788 3233 
567: 565 568 
568: 567 569 
569: 568 570 
570: 569 571 
571: 570 572 
572: 571 576 
573: 3761 4712 
574: 524 3778 4184 
575: 1268 2639 3105 3289 
576: 572 577 
577: 576 581 
578: 1805 2040 
579: 122 475 
580: 1622 1822 4656 
581: 577 587 
582: 1669 3095 3289 
583: 96 2255 2752 
584: 1786 1820 3510 
585: 713 1754 2969 
586: 1570 2135 2674 
587: 581 589 
588: 399 2826 
589: 587 590 
590: 589 591 
591: 590 595 
592: 2992 3748 
593: 360 4024 4277 
594: 2359 4319 4628 
595: 591 596 
596: 595 600 2914 
597: 1151 2320 3089 
598: 453 1701 3506 4061 
599: 214 2526 
600: 596 604 
601: 3256 4320 
602: 1641 2708 4607 
603: 1240 1516 
604: 600 606 
605: 1442 1678 2407 3592 
606: 604 607 
607: 606 611 
608: 1539 2604 
609: 1645 1885 3684 
610: 2690 2984 3470 4939 
611: 607 612 
612: 611 621 
613: 1809 1893 4980 
614: 1772 2267 
615: 640 811 3952 
616: 1106 1925 3968 4289 4409 
617: 2714 3012 
618: 178 503 3777 
619: 1285 4035 4416 
620: 463 993 1120 
621: 612 622 
622: 621 625 
623: 1034 2572 4125 
624: 2329 3373 3588 4801 
625: 622 627 
626: 1635 2734 
627: 625 628 
628: 627 629 
629: 628 630 
630: 629 632 
631: 1606 2561 4751 
632: 630 633 
633: 632 635 
634: 903 3187 3676 3838 4841 
635: 633 637 
636: 874 1547 2148 4638 
637: 635 638 
638: 637 642 
639: 1139 1344 2668 4195 
640: 615 707 1066 3243 
641: 754 3394 4278 4298 
642: 638 643 
643: 642 646 
644: 1347 2423 4592 
645: 222 1452 1461 3609 
646: 643 647 
647: 646 648 
648: 647 649 
649: 648 653 
650: 1775 2976 3867 
651: 72 3518 4311 
652: 872 2224 4752 
653: 649 655 
654: 181 2475 2718 3848 3870 
655: 653 656 
656: 655 657 
657: 656 659 
658: 4088 4923 
659: 657 661 
660: 4089 4119 
661: 659 662 
662: 661 667 
663: 743 2415 3095 4666 
664: 303 2024 3927 
665: 2145 4298 4437 4566 
666: 2874 3267 4786 
667: 662 670 
668: 3295 3432 3855 
669: 1507 1819 3311 4042 4242 
670: 667 671 
671: 670 673 
672: 1823 4794 
673: 671 676 
674: 1512 3354 3754 
675: 3157 3759 
676: 673 677 
677: 676 678 
678: 677 681 
679: 997 2199 2859 3235 4610 
680: 427 517 793 3935 4747 
681: 678 682 
682: 681 683 
683: 682 684 
684: 683 686 
685: 2369 3412 
686: 684 687 
687: 686 688 
688: 687 689 
689: 688 692 
690: 452 1280 1697 1884 2937 
691: 1503 1936 
692: 689 694 
693: 869 2086 3456 
694: 692 696 
695: 3853 4055 
696: 694 697 
697: 696 698 
698: 697 700 
699: 1996 2321 3547 
700: 698 701 
701: 700 702 
702: 701 703 
703: 702 704 
704: 703 706 
705: 2632 4011 
706: 704 710 
707: 640 1610 2743 3791 
708: 966 3698 4098 
709: 384 1661 3812 4975 4979 
710: 706 711 
711: 710 712 
712: 711 717 
713: 73 585 750 
714: 2582 2953 4817 4839 
715: 1526 1843 2632 3590 
716: 1541 2104 2669 3480 4762 
717: 712 718 
718: 717 720 
719: 289 1858 
720: 718 721 
721: 720 724 
722: 885 1227 3872 
723: 416 898 
724: 721 725 
725: 724 726 
726: 725 727 
727: 726 728 
728: 727 730 
729: 1387 2109 2416 
730: 728 731 
731: 730 732 
732: 731 733 
733: 732 736 
734: 1762 2951 3941 4801 
735: 217 325 
736: 733 737 
737: 736 739 
738: 1407 3815 4592 
739: 737 740 
740: 739 741 
741: 740 744 
742: 91 783 1346 2559 
743: 663 3578 
744: 741 745 
745: 744 747 
746: 448 1450 4274 4289 
747: 745 751 
748: 1762 2698 4795 
749: 1567 3289 3716 
750: 108 713 1009 1755 2457 
751: 747 752 
752: 751 753 
753: 752 755 
754: 641 2680 
755: 753 756 
756: 755 758 
757: 1822 4314 4873 
758: 756 762 
759: 172 1848 
760: 277 1526 4910 
761: 3391 4055 4638 
762: 758 764 
763: 1284 1514 1516 3151 
764: 762 765 
765: 764 766 
766: 765 767 
767: 766 772 
768: 1335 3283 4798 
769: 1518 1539 3623 4042 4950 
770: 1099 2461 2848 2951 3590 
771: 362 4575 
772: 767 776 
773: 269 1927 4197 
774: 1224 1559 4186 4284 4490 
775: 849 1883 3250 
776: 772 777 
777: 776 778 
778: 777 779 
779: 778 782 
780: 3466 4146 
781: 293 788 3487 3606 3833 
782: 779 784 
783: 742 4097 
784: 782 785 
785: 784 791 
786: 903 2337 3845 4947 
787: 1275 4531 4947 
788: 781 2012 3340 
789: 2412 3374 
790: 2611 3752 
791: 785 792 
792: 791 796 
793: 680 2990 4214 
794: 1913 3384 4588 
795: 841 4301 
796: 792 799 
797: 3125 3629 4944 
798: 253 1280 1779 4211 
799: 796 800 
800: 799 801 
801: 800 803 
802: 2959 3826 
803: 801 804 
804: 803 812 
805: 2560 4218 4924 
806: 1661 2326 4288 
807: 249 966 1541 
808: 1077 1345 2134 3414 4532 
809: 484 1811 
810: 2398 2760 3193 4355 
811: 615 1336 1656 3300 
812: 804 815 
813: 3917 4964 
814: 400 3648 4554 
815: 812 820 
816: 3121 4738 
817: 101 833 1482 4195 
818: 2135 2198 2629 3249 
819: 3071 4674 
820: 815 827 
821: 1964 4355 
822: 1508 3181 4604 
823: 1254 3793 3816 
824: 2232 2499 
825: 1325 2114 4000 
826: 1120 1125 1179 1521 2087 
827: 820 831 
828: 1293 2267 4425 
829: 460 3439 
830: 1264 1337 4707 
831: 827 832 
832: 831 834 
833: 817 3027 4587 4725 4893 
834: 832 838 
835: 1986 2589 2744 4964 
836: 296 470 4377 4699 4905 
837: 989 1207 2129 3156 4578 
838: 834 839 
839: 838 842 
840: 25 365 1715 2177 3999 
841: 185 795 3791 
842: 839 844 
843: 968 1346 2085 
844: 842 847 
845: 1179 1461 4927 
846: 1306 1437 4298 
847: 844 848 
848: 847 851 
849: 775 3167 4641 
850: 113 1504 1868 
851: 848 852 
852: 851 856 
853: 196 2659 
854: 381 2256 3982 4354 
855: 2066 2758 4405 4452 
856: 852 857 
857: 856 858 
858: 857 859 
859: 858 860 
860: 859 864 
861: 2448 3320 
862: 3655 3851 4501 
863: 1003 2986 4009 
864: 860 866 
865: 1356 2715 3653 
866: 864 867 
867: 866 871 
868: 210 265 2584 3497 
869: 34 65 284 693 1444 
870: 3249 4492 
871: 867 876 
872: 652 2766 4566 
873: 1679 3950 
874: 636 1840 
875: 227 2504 4942 
876: 871 883 
877: 1756 2853 2952 
878: 1800 2016 2669 3553 4164 
879: 1291 2257 2467 
880: 1077 3601 4772 
881: 3131 4079 4515 
882: 1556 3873 
883: 876 884 
884: 883 886 
885: 722 2736 2744 3673 
886: 884 887 
887: 886 888 
888: 887 889 
889: 888 891 
890: 1286 2471 4971 
891: 889 893 
892: 269 1541 1892 4869 
893: 891 895 
894: 2224 4143 
895: 893 899 
896: 479 1230 1607 3384 
897: 502 3164 4529 
898: 127 723 3632 
899: 895 905 
900: 1299 4429 
901: 563 1688 1741 4559 
902: 2766 2997 
903: 343 634 786 1929 
904: 187 4725 
905: 899 908 
906: 1703 3429 4693 
907: 140 4011 4802 
908: 905 909 
909: 908 911 
910: 1710 2067 3193 4143 
911: 909 912 
912: 911 913 
913: 912 915 
914: 80 354 1125 
915: 913 917 
916: 3320 3382 4987 
917: 915 918 
918: 917 920 
919: 1055 4641 4655 4825 
920: 918 921 
921: 920 922 
922: 921 923 
923: 922 924 
924: 923 925 
925: 924 927 
926: 1950 3148 
927: 925 928 
928: 927 929 
929: 928 932 
930: 256 1272 3519 4082 
931: 1156 1186 1436 3482 
932: 929 934 
933: 549 2461 
934: 932 935 
935: 934 936 
936: 935 938 
937: 3788 4040 4848 
938: 936 942 
939: 2016 4623 4713 
940: 1520 1556 
941: 2436 2905 4949 
942: 938 944 
943: 4102 4927 
944: 942 947 
945: 2874 3238 4643 
946: 1225 2311 
947: 944 949 
948: 1145 3038 3896 3899 
949: 947 952 
950: 2398 2473 3190 
951: 2063 2138 3777 4042 
952: 949 953 
953: 952 954 
954: 953 956 
955: 389 2568 3527 3571 
956: 954 957 
957: 956 958 
958: 957 959 
959: 958 961 
960: 317 1293 2636 3066 4354 
961: 959 964 
962: 181 3656 4798 
963: 2637 3347 3588 4397 
964: 961 965 
965: 964 970 
966: 708 807 3264 4700 
967: 1192 4127 4420 
968: 843 2604 3073 3325 4621 
969: 1833 2988 3171 3192 4250 
970: 965 972 2346 
971: 2972 3948 
972: 970 973 
973: 972 975 
974: 262 363 4588 
975: 973 976 
976: 975 977 
977: 976 978 
978: 977 980 
979: 2487 3564 
980: 978 982 
981: 1701 3561 
982: 980 983 
983: 982 984 
984: 983 985 
985: 984 986 
986: 985 990 
987: 96 1624 2921 
988: 468 4311 4938 
989: 319 837 3272 
990: 986 991 
991: 990 992 
992: 991 995 
993: 620 1602 2367 4492 
994: 1495 1844 2005 2902 3429 
995: 992 998 
996: 2089 3142 3553 
997: 679 3093 4835 
998: 995 999 
999: 998 1001 
1000: 1846 2420 3801 
1001: 999 1004 
1002: 1261 2070 
1003: 563 863 4545 
1004: 1001 1006 
1005: 386 540 4818 
1006: 1004 1010 
1007: 89 3014 3978 
1008: 123 3340 4628 
1009: 750 1192 1731 
1010: 1006 1012 
1011: 315 470 
1012: 1010 1013 
1013: 1012 1015 
1014: 1097 2789 3005 
1015: 1013 1021 
1016: 1583 1971 2505 
1017: 1213 1309 1338 3801 
1018: 513 530 3738 
1019: 2983 3717 
1020: 1395 3912 4994 
1021: 1015 1022 
1022: 1021 1024 
1023: 2051 3189 3519 
1024: 1022 1026 
1025: 300 2258 3024 3759 3855 
1026: 1024 1033 
1027: 1120 2899 4045 4053 4489 
1028: 159 199 2182 2629 4190 
1029: 1960 4304 4331 
1030: 497 1574 4232 
1031: 2262 2679 3254 4169 
1032: 136 1345 2690 
1033: 1026 1037 
1034: 623 4940 
1035: 4 108 1429 
1036: 1204 4976 
1037: 1033 1038 
1038: 1037 1040 
1039: 1529 1814 
1040: 1038 1042 
1041: 2378 2707 3237 4385 
1042: 1040 1045 
1043: 555 1144 3606 
1044: 424 4199 4388 
1045: 1042 1046 
1046: 1045 1052 
1047: 1440 2932 4298 
1048: 3282 4276 
1049: 3066 3268 
1050: 2811 3700 
1051: 108 1284 2286 3762 
1052: 1046 1053 
1053: 1052 1054 
1054: 1053 1056 
1055: 919 1293 
1056: 1054 1058 
1057: 1508 2517 3212 
1058: 1056 1062 
1059: 174 365 2733 
1060: 3264 3775 4020 
1061: 2102 2327 
1062: 1058 1063 
1063: 1062 1064 
1064: 1063 1065 
1065: 1064 1067 
1066: 640 2690 
1067: 1065 1068 
1068: 1067 1070 
1069: 2501 3480 
1070: 1068 1071 
1071: 1070 1072 
1072: 1071 1073 
1073: 1072 1074 
1074: 1073 1075 
1075: 1074 1078 
1076: 2113 2500 
1077: 808 880 1493 
1078: 1075 1079 
1079: 1078 1080 
1080: 1079 1081 
1081: 1080 1085 
1082: 3823 4372 
1083: 3024 3143 
1084: 2116 4858 
1085: 1081 1087 
1086: 42 214 2912 4424 
1087: 1085 1090 
1088: 2326 2974 3200 
1089: 201 3266 3580 
1090: 1087 1091 
1091: 1090 1093 
1092: 449 2218 2286 2294 3141 
1093: 1091 1094 
1094: 1093 1095 
1095: 1094 1096 
1096: 1095 1102 
1097: 267 1014 1712 4661 
1098: 1830 2232 
1099: 770 1335 3728 4989 
1100: 460 1160 2359 2950 
1101: 452 3223 3236 
1102: 1096 1104 
1103: 506 3721 4716 
1104: 1102 1105 
1105: 1104 1108 
1106: 616 1331 1474 1539 4274 
1107: 2133 4001 
1108: 1105 1109 
1109: 1108 1110 
1110: 1109 1111 
1111: 1110 1112 
1112: 1111 1113 
1113: 1112 1118 
1114: 1335 1781 3874 4858 
1115: 2648 3815 
1116: 2343 3629 3975 
1117: 1874 4185 
1118: 1113 1119 
1119: 1118 1122 
1120: 620 826 1027 3292 
1121: 1447 2465 2978 4005 
1122: 1119 1123 
1123: 1122 1127 
1124: 2657 2959 4761 
1125: 826 914 2323 2910 
1126: 81 2463 2601 
1127: 1123 1128 
1128: 1127 1130 
1129: 528 3395 4310 
1130: 1128 1131 
1131: 1130 1132 
1132: 1131 1133 
1133: 1132 1134 
1134: 1133 1135 
1135: 1134 1136 
1136: 1135 1137 
1137: 1136 1138 
1138: 1137 1141 
1139: 639 1409 
1140: 2157 2827 
1141: 1138 1143 
1142: 2098 3306 3506 
1143: 1141 1146 
1144: 1043 1728 2297 3302 4668 
1145: 552 948 1714 
1146: 1143 1147 
1147: 1146 1148 
1148: 1147 1149 
1149: 1148 1152 
1150: 1809 3646 
1151: 597 3236 4764 
1152: 1149 1154 
1153: 1232 2736 4581 
1154: 1152 1155 
1155: 1154 1157 
1156: 51 931 2262 2672 4721 
1157: 1155 1158 
1158: 1157 1161 
1159: 51 3291 4890 
1160: 1100 1406 
1161: 1158 1162 
1162: 1161 1163 
1163: 1162 1164 
1164: 1163 1165 
1165: 1164 1166 
1166: 1165 1167 
1167: 1166 1173 
1168: 483 1192 4600 
1169: 74 245 4988 
1170: 513 1651 4131 
1171: 1646 2611 4162 4817 
1172: 116 4008 4156 4324 4535 
1173: 1167 1177 
1174: 2673 3419 
1175: 1214 1257 
1176: 1646 2779 3822 
1177: 1173 1178 
1178: 1177 1180 
1179: 218 826 845 
1180: 1178 1181 
1181: 1180 1182 
1182: 1181 1183 
1183: 1182 1184 
1184: 1183 1187 
1185: 1606 1720 4316 
1186: 931 4075 4940 
1187: 1184 1188 
1188: 1187 1191 
1189: 1783 2698 2978 
1190: 1949 3347 4928 
1191: 1188 1193 
1192: 77 967 1009 1168 3759 
1193: 1191 1195 
1194: 1510 3853 4668 
1195: 1193 1196 
1196: 1195 1197 
1197: 1196 1199 
1198: 145 2788 3067 4397 
1199: 1197 1201 
1200: 1929 2211 4127 
1201: 1199 1202 
1202: 1201 1203 
1203: 1202 1206 
1204: 1036 1331 
1205: 107 3017 3957 4683 
1206: 1203 1208 
1207: 837 1655 
1208: 1206 1209 
1209: 1208 1211 
1210: 2618 4958 
1211: 1209 1215 
1212: 2590 2827 
1213: 1017 1340 1372 1752 
1214: 1175 3369 4888 
1215: 1211 1217 
1216: 279 2013 2396 3514 4931 
1217: 1215 1219 
1218: 124 3836 
1219: 1217 1220 
1220: 1219 1221 
1221: 1220 1226 
1222: 105 1862 
1223: 1432 3282 
1224: 774 1477 2978 3844 
1225: 356 946 1296 1461 4295 
1226: 1221 1229 
1227: 722 3442 
1228: 25 1917 
1229: 1226 1233 
1230: 42 896 3108 
1231: 1649 4082 4175 
1232: 192 1153 1923 3385 
1233: 1229 1235 
1234: 1345 3927 3943 3968 
1235: 1233 1236 
1236: 1235 1239 
1237: 1798 2037 3088 4534 
1238: 1818 3930 4574 
1239: 1236 1241 
1240: 512 603 3067 4473 
1241: 1239 1243 
1242: 184 1568 2107 3570 3860 
1243: 1241 1244 
1244: 1243 1246 
1245: 420 1780 4390 
1246: 1244 1248 
1247: 2171 3221 3838 
1248: 1246 1249 
1249: 1248 1250 
1250: 1249 1251 
1251: 1250 1253 
1252: 115 1635 3105 4792 
1253: 1251 1259 
1254: 823 2455 4233 
1255: 121 1779 
1256: 2254 4021 4167 
1257: 1175 2090 2382 3538 
1258: 267 3580 
1259: 1253 1260 
1260: 1259 1262 
1261: 1002 1869 2803 3160 
1262: 1260 1265 
1263: 118 460 2765 4220 
1264: 243 376 830 2069 
1265: 1262 1266 
1266: 1265 1267 
1267: 1266 1269 
1268: 575 4404 
1269: 1267 1274 
1270: 389 2697 4940 
1271: 1925 3432 
1272: 930 3893 4907 4971 
1273: 2277 2407 2602 4115 
1274: 1269 1276 
1275: 787 2107 2287 4611 
1276: 1274 1277 
1277: 1276 1279 
1278: 464 1867 4134 
1279: 1277 1281 
1280: 690 798 4204 
1281: 1279 1283 
1282: 1558 2662 3656 4118 
1283: 1281 1287 
1284: 763 1051 1932 3468 4864 
1285: 619 2893 3530 3943 
1286: 890 1289 3655 
1287: 1283 1288 
1288: 1287 1290 
1289: 1286 1385 4577 
1290: 1288 1295 
1291: 879 2244 
1292: 1811 2258 
1293: 828 960 1055 
1294: 259 493 2679 4136 
1295: 1290 1298 
1296: 1225 2397 2936 
1297: 1803 2559 2772 
1298: 1295 1300 
1299: 900 2077 
1300: 1298 1302 
1301: 480 1896 
1302: 1300 1303 
1303: 1302 1307 
1304: 3057 3175 
1305: 1616 4680 
1306: 120 846 
1307: 1303 1311 
1308: 28 4413 4509 4608 
1309: 1017 3240 
1310: 323 3089 3110 
1311: 1307 1314 
1312: 439 2882 4585 
1313: 1654 4821 
1314: 1311 1318 
1315: 2560 3172 
1316: 497 3156 3672 
1317: 1825 1837 2040 3885 4359 
1318: 1314 1320 
1319: 2286 3569 4616 
1320: 1318 1321 
1321: 1320 1323 
1322: 1459 2100 3265 3747 
1323: 1321 1327 
1324: 2002 2407 3283 4153 4669 
1325: 825 3366 4692 4712 4950 
1326: 156 2063 2465 3147 4614 
1327: 1323 1328 
1328: 1327 1329 
1329: 1328 1330 
1330: 1329 1332 
1331: 353 1106 1204 1885 
1332: 1330 1333 
1333: 1332 1334 
1334: 1333 1341 
1335: 416 540 768 1099 1114 
1336: 811 2378 2768 3460 
1337: 830 1646 
1338: 213 1017 1431 1441 4507 
1339: 1837 3014 3707 
1340: 1213 1814 2838 3565 
1341: 1334 1343 
1342: 267 2247 2423 3661 
1343: 1341 1349 
1344: 639 4750 
1345: 808 1032 1234 2077 
1346: 742 843 3898 4201 4935 
1347: 473 644 2219 
1348: 1372 3407 4628 
1349: 1343 1351 
1350: 4253 4623 
1351: 1349 1352 
1352: 1351 1354 
1353: 375 2050 4359 
1354: 1352 1358 
1355: 3321 3449 
1356: 865 3298 4998 
1357: 2248 2504 2789 
1358: 1354 1360 
1359: 259 2191 
1360: 1358 1361 
1361: 1360 1362 
1362: 1361 1364 
1363: 1682 2123 3129 3478 
1364: 1362 1365 
1365: 1364 1366 
1366: 1365 1368 
1367: 488 2326 
1368: 1366 1370 
1369: 540 3192 3844 3899 
1370: 1368 1374 
1371: 2239 2317 2382 
1372: 1213 1348 3058 
1373: 28 2420 
1374: 1370 1376 
1375: 2432 2778 
1376: 1374 1378 
1377: 1501 3558 4477 
1378: 1376 1380 
1379: 2199 3077 4651 
1380: 1378 1381 
1381: 1380 1382 
1382: 1381 1383 
1383: 1382 1384 
1384: 1383 1389 
1385: 82 1289 1813 2910 4224 
1386: 2115 4386 4408 
1387: 729 4900 
1388: 2416 4131 
1389: 1384 1390 
1390: 1389 1393 
1391: 559 1687 2216 3648 
1392: 1736 3211 4193 
1393: 1390 1394 
1394: 1393 1397 
1395: 1020 1996 3102 4821 
1396: 1752 2997 
1397: 1394 1399 
1398: 2009 2465 4019 4175 
1399: 1397 1400 
1400: 1399 1401 
1401: 1400 1405 3377 
1402: 111 2156 3158 3722 
1403: 1885 2823 
1404: 1822 3899 4088 
1405: 1401 1410 
1406: 41 1160 1437 2198 2588 
1407: 738 2101 2574 4641 
1408: 556 1611 4397 
1409: 1139 1695 
1410: 1405 1411 
1411: 1410 1418 
1412: 1867 2567 
1413: 2813 3040 
1414: 1780 3920 4062 4086 
1415: 1536 3869 
1416: 3046 3893 
1417: 4085 4484 4910 
1418: 1411 1420 
1419: 355 2435 4878 
1420: 1418 1421 
1421: 1420 1424 
1422: 1476 3136 
1423: 2812 4305 
1424: 1421 1425 
1425: 1424 1428 
1426: 2788 4489 4701 
1427: 12 2723 
1428: 1425 1430 
1429: 1035 4242 
1430: 1428 1434 
1431: 149 1338 2030 2863 4998 
1432: 50 1223 4371 4805 
1433: 3008 3311 4517 
1434: 1430 1435 
1435: 1434 1438 
1436: 32 931 1731 
1437: 478 846 1406 3954 
1438: 1435 1439 
1439: 1438 1446 
1440: 1047 2397 4452 
1441: 1338 3860 4725 
1442: 605 1577 
1443: 1793 1924 
1444: 869 3422 3473 
1445: 3355 4120 4319 
1446: 1439 1449 
1447: 441 1121 2929 3044 
1448: 413 3102 
1449: 1446 1451 
1450: 746 3046 
1451: 1449 1453 
1452: 645 1886 2046 
1453: 1451 1455 
1454: 120 1549 3330 4062 4274 
1455: 1453 1456 
1456: 1455 1458 
1457: 1807 2309 3406 4166 4933 
1458: 1456 1460 
1459: 53 1322 1518 2421 
1460: 1458 1462 
1461: 645 845 1225 
1462: 1460 1463 
1463: 1462 1464 
1464: 1463 1465 
1465: 1464 1467 
1466: 1775 2892 
1467: 1465 1468 
1468: 1467 1469 
1469: 1468 1471 
1470: 1905 4371 4407 4408 4878 
1471: 1469 1472 
1472: 1471 1473 
1473: 1472 1475 
1474: 472 1106 2652 3024 
1475: 1473 1480 
1476: 1422 4661 
1477: 1224 1781 4532 
1478: 286 2284 2447 4133 
1479: 32 2116 
1480: 1475 1481 
1481: 1480 1483 
1482: 2 817 2317 
1483: 1481 1485 
1484: 1914 3807 4396 
1485: 1483 1486 3289 
1486: 1485 1489 
1487: 1518 2043 2151 2662 
1488: 512 2117 3716 3845 
1489: 1486 1490 
1490: 1489 1494 
1491: 348 2171 3169 4981 
1492: 4013 4477 
1493: 1077 2770 
1494: 1490 1497 
1495: 994 2668 4254 
1496: 2125 4588 4814 
1497: 1494 1498 
1498: 1497 1505 
1499: 1693 2080 2753 3609 
1500: 357 3594 4700 
1501: 1377 2567 4279 
1502: 184 4621 
1503: 691 1801 
1504: 187 850 3238 4022 
1505: 1498 1509 
1506: 313 1803 4273 
1507: 77 669 3481 
1508: 822 1057 1628 3057 
1509: 1505 1513 
1510: 1194 2079 
1511: 1742 2294 4741 4827 
1512: 674 2008 
1513: 1509 1517 
1514: 763 3073 3486 3916 4798 
1515: 2056 3406 3601 3881 
1516: 603 763 3762 
1517: 1513 1522 
1518: 769 1459 1487 2682 4409 
1519: 2145 4112 
1520: 940 1742 4467 4686 
1521: 196 826 2455 4792 
1522: 1517 1523 
1523: 1522 1524 
1524: 1523 1527 
1525: 117 1538 3428 3901 4127 
1526: 715 760 2831 3154 
1527: 1524 1528 
1528: 1527 1530 
1529: 366 1039 
1530: 1528 1532 
1531: 228 3076 
1532: 1530 1533 
1533: 1532 1535 
1534: 3640 3695 
1535: 1533 1540 
1536: 384 1415 4284 4462 
1537: 2860 3563 4462 
1538: 394 1525 2405 
1539: 608 769 1106 1714 
1540: 1535 1542 
1541: 716 807 892 4221 
1542: 1540 1543 
1543: 1542 1544 
1544: 1543 1545 
1545: 1544 1548 
1546: 1805 2329 2854 4021 4702 
1547: 636 2372 4653 
1548: 1545 1552 
1549: 102 1454 2675 3061 
1550: 135 2932 
1551: 2058 4118 
1552: 1548 1554 
1553: 73 1843 4864 
1554: 1552 1560 
1555: 528 3044 
1556: 882 940 2327 4034 
1557: 106 2727 4395 4401 
1558: 356 1282 3944 4273 
1559: 774 2012 2490 
1560: 1554 1561 
1561: 1560 1562 
1562: 1561 1564 
1563: 136 3607 4274 
1564: 1562 1566 
1565: 50 2879 3020 3217 4216 
1566: 1564 1571 
1567: 749 2675 3580 4747 
1568: 1242 3385 
1569: 2692 4831 
1570: 265 586 4876 
1571: 1566 1572 
1572: 1571 1575 
1573: 2121 3125 
1574: 1030 2568 
1575: 1572 1576 
1576: 1575 1578 
1577: 1442 2344 
1578: 1576 1580 
1579: 1960 4155 
1580: 1578 1584 
1581: 2323 2327 4123 
1582: 1687 1996 3344 3710 
1583: 1016 2041 
1584: 1580 1585 
1585: 1584 1587 
1586: 297 362 4373 
1587: 1585 1588 
1588: 1587 1589 
1589: 1588 1591 
1590: 2104 2536 3140 4368 
1591: 1589 1592 
1592: 1591 1593 
1593: 1592 1596 
1594: 2125 
1595: 22 1610 3220 3975 
1596: 1593 1598 
1597: 1814 2331 3927 4619 
1598: 1596 1599 
1599: 1598 1601 
1600: 155 3275 4983 
1601: 1599 1608 
1602: 993 2902 4123 4839 
1603: 284 3728 
1604: 3491 4263 
1605: 1905 3408 4450 
1606: 631 1185 2675 
1607: 514 896 
1608: 1601 1612 
1609: 2436 3164 4931 
1610: 46 707 1595 2134 
1611: 1408 3647 3684 
1612: 1608 1614 
1613: 285 2256 4687 
1614: 1612 1618 
1615: 498 3366 3793 4423 
1616: 4 1305 
1617: 481 3644 4468 
1618: 1614 1619 
1619: 1618 1621 
1620: 272 404 3277 3541 4067 
1621: 1619 1623 
1622: 290 580 3118 3275 3542 
1623: 1621 1625 
1624: 987 2224 
1625: 1623 1627 
1626: 1804 4686 
1627: 1625 1629 
1628: 1508 4190 
1629: 1627 1630 
1630: 1629 1634 
1631: 2676 2905 
1632: 95 3181 3779 4763 
1633: 2551 4982 
1634: 1630 1636 
1635: 626 1252 3935 
1636: 1634 1637 
1637: 1636 1639 4178 
1638: 3787 4198 4758 
1639: 1637 1640 
1640: 1639 1642 
1641: 602 2473 3381 
1642: 1640 1643 
1643: 1642 1644 
1644: 1643 1653 
1645: 609 1758 4773 4981 
1646: 147 1171 1176 1337 2198 
1647: 1910 2812 3986 
1648: 2885 2914 3558 4741 
1649: 1231 2202 
1650: 1897 3497 4447 
1651: 1170 2642 3410 3650 3975 
1652: 1913 3362 4416 
1653: 1644 1657 
1654: 1313 2288 
1655: 1207 3258 4518 
1656: 811 2289 
1657: 1653 1660 
1658: 257 300 
1659: 2384 3879 
1660: 1657 1662 
1661: 709 806 
1662: 1660 1663 
1663: 1662 1665 
1664: 466 2666 
1665: 1663 1667 
1666: 74 3151 4359 
1667: 1665 1668 
1668: 1667 1670 
1669: 582 1915 4770 
1670: 1668 1672 
1671: 213 3626 
1672: 1670 1673 
1673: 1672 1674 
1674: 1673 1677 
1675: 504 2168 2574 3446 
1676: 22 492 3151 
1677: 1674 1680 
1678: 468 605 2568 3451 3646 
1679: 227 873 2034 
1680: 1677 1683 
1681: 3254 4648 4958 
1682: 1363 4150 
1683: 1680 1684 
1684: 1683 1685 
1685: 1684 1686 
1686: 1685 1690 
1687: 1391 1582 2707 
1688: 901 2204 
1689: 2262 3470 
1690: 1686 1691 
1691: 1690 1692 
1692: 1691 1696 
1693: 263 427 1499 
1694: 3324 4795 
1695: 1409 3780 
1696: 1692 1702 
1697: 690 2138 2673 2680 
1698: 1843 1967 3770 
1699: 425 1939 3438 
1700: 2241 2243 4102 
1701: 466 598 981 1741 1916 
1702: 1696 1705 
1703: 906 1844 4620 
1704: 2679 2831 2863 
1705: 1702 1708 
1706: 2930 3422 3442 
1707: 4125 4258 
1708: 1705 1709 
1709: 1708 1711 
1710: 910 3487 
1711: 1709 1716 
1712: 1097 4294 
1713: 320 2292 4358 
1714: 1145 1539 2812 3161 3211 
1715: 376 535 840 3631 
1716: 1711 1717 
1717: 1716 1718 
1718: 1717 1719 
1719: 1718 1721 3814 
1720: 87 1185 4061 
1721: 1719 1724 
1722: 2318 2398 
1723: 392 4423 
1724: 1721 1726 
1725: 2329 3110 4922 
1726: 1724 1727 
1727: 1726 1729 
1728: 1144 2835 3404 3857 
1729: 1727 1732 
1730: 169 3015 4000 4401 
1731: 1009 1436 2739 
1732: 1729 1733 
1733: 1732 1735 
1734: 27 214 535 2040 4529 
1735: 1733 1737 
1736: 122 1392 3313 
1737: 1735 1739 
1738: 249 1799 2013 
1739: 1737 1740 
1740: 1739 1743 
1741: 464 901 1701 1987 2077 
1742: 34 1511 1520 2881 3267 
1743: 1740 1746 
1744: 2075 4546 4913 
1745: 304 2282 3148 3690 
1746: 1743 1748 
1747: 411 552 2024 
1748: 1746 1749 
1749: 1748 1750 
1750: 1749 1751 
1751: 1750 1757 
1752: 1213 1396 
1753: 2753 4123 
1754: 585 3180 4687 
1755: 266 750 
1756: 877 1971 2561 3123 
1757: 1751 1759 
1758: 1645 2421 2905 
1759: 1757 1763 3454 
1760: 3302 3325 
1761: 3141 3702 
1762: 734 748 2920 4938 
1763: 1759 1764 
1764: 1763 1765 
1765: 1764 1766 
1766: 1765 1767 
1767: 1766 1768 
1768: 1767 1769 
1769: 1768 1770 
1770: 1769 1771 
1771: 1770 1773 
1772: 614 3496 
1773: 1771 1774 
1774: 1773 1776 
1775: 650 1466 
1776: 1774 1777 
1777: 1776 1778 
1778: 1777 1784 
1779: 798 1255 3961 
1780: 283 1245 1414 2279 4427 
1781: 21 1114 1477 2916 3537 
1782: 2554 3264 3885 4829 
1783: 1189 2243 4211 4935 
1784: 1778 1785 
1785: 1784 1787 
1786: 38 584 2541 4697 
1787: 1785 1788 
1788: 1787 1789 
1789: 1788 1792 
1790: 3210 4512 
1791: 293 2499 2759 3621 
1792: 1789 1794 
1793: 1443 2401 4418 
1794: 1792 1795 
1795: 1794 1802 
1796: 2129 3310 4289 
1797: 3514 3867 
1798: 524 1237 
1799: 1738 2984 
1800: 878 2117 2221 
1801: 389 1503 1940 3730 
1802: 1795 1806 
1803: 1297 1506 2254 
1804: 1626 3880 
1805: 578 1546 3747 
1806: 1802 1808 
1807: 316 1457 3480 
1808: 1806 1812 
1809: 279 613 1150 2287 
1810: 1864 4127 4729 
1811: 809 1292 
1812: 1808 1821 
1813: 1385 1982 4694 
1814: 1039 1340 1597 4437 4669 
1815: 355 2740 3015 4027 4526 
1816: 1845 3146 3857 
1817: 2966 4408 
1818: 72 1238 
1819: 669 2455 
1820: 424 584 2772 4322 
1821: 1812 1824 
1822: 401 580 757 1404 4741 
1823: 672 2623 3194 
1824: 1821 1826 
1825: 1317 1975 2772 3911 
1826: 1824 1827 
1827: 1826 1829 
1828: 2066 2879 4668 
1829: 1827 1831 
1830: 1098 1848 2398 2983 3999 
1831: 1829 1832 
1832: 1831 1835 
1833: 387 969 4251 
1834: 2746 4730 
1835: 1832 1839 
1836: 87 115 3300 4608 
1837: 1317 1339 
1838: 2516 2800 
1839: 1835 1842 
1840: 113 874 2226 4011 4035 
1841: 2252 3806 
1842: 1839 1847 
1843: 540 715 1553 1698 1959 
1844: 994 1703 1868 
1845: 1816 2395 
1846: 1000 2054 2606 4167 4592 
1847: 1842 1849 
1848: 759 1830 3623 
1849: 1847 1852 
1850: 4574 4751 
1851: 480 3077 4578 
1852: 1849 1854 
1853: 280 3620 
1854: 1852 1855 
1855: 1854 1856 
1856: 1855 1857 
1857: 1856 1860 
1858: 719 3226 
1859: 384 2789 2986 
1860: 1857 1863 
1861: 124 404 3296 4546 
1862: 346 1222 4407 
1863: 1860 1865 
1864: 1810 3541 
1865: 1863 1871 
1866: 1905 4189 4841 
1867: 56 1278 1412 2847 3948 
1868: 850 1844 
1869: 124 1261 3662 3874 4972 
1870: 1906 2474 2730 2850 
1871: 1865 1872 
1872: 1871 1873 
1873: 1872 1875 
1874: 1117 2739 
1875: 1873 1876 
1876: 1875 1877 
1877: 1876 1878 
1878: 1877 1879 
1879: 1878 1880 
1880: 1879 1881 
1881: 1880 1882 
1882: 1881 1887 
1883: 426 775 2238 2674 
1884: 512 690 2730 2742 
1885: 38 525 609 1331 1403 
1886: 1452 2216 2626 
1887: 1882 1889 
1888: 70 2467 
1889: 1887 1890 
1890: 1889 1891 
1891: 1890 1894 
1892: 892 4861 
1893: 210 613 2636 4697 
1894: 1891 1898 
1895: 402 3530 
1896: 1301 3068 
1897: 224 1650 1951 2589 2990 
1898: 1894 1899 
1899: 1898 1900 
1900: 1899 1901 
1901: 1900 1902 
1902: 1901 1903 
1903: 1902 1904 
1904: 1903 1907 
1905: 1470 1605 1866 
1906: 1870 3789 4617 
1907: 1904 1908 
1908: 1907 1909 
1909: 1908 1911 
1910: 307 1647 4839 
1911: 1909 1912 
1912: 1911 1918 
1913: 794 1652 
1914: 1484 2206 2636 2771 
1915: 296 1669 2140 
1916: 1701 2389 3079 3542 4865 
1917: 1228 2986 3403 4377 
1918: 1912 1919 
1919: 1918 1920 
1920: 1919 1921 
1921: 1920 1922 
1922: 1921 1926 
1923: 31 1232 2974 
1924: 316 375 1443 4982 
1925: 616 1271 3542 
1926: 1922 1928 
1927: 773 2153 
1928: 1926 1930 
1929: 903 1200 
1930: 1928 1931 
1931: 1930 1934 
1932: 1284 4149 
1933: 2057 3679 
1934: 1931 1935 
1935: 1934 1938 
1936: 691 3730 
1937: 2983 3578 4251 
1938: 1935 1941 
1939: 4 1699 2107 2138 
1940: 1801 2138 
1941: 1938 1942 
1942: 1941 1943 
1943: 1942 1946 
1944: 3823 4081 4551 4823 4850 
1945: 2058 2188 3137 4031 
1946: 1943 1948 
1947: 2489 4395 
1948: 1946 1952 
1949: 1190 2098 4437 
1950: 926 1971 
1951: 453 1897 
1952: 1948 1953 
1953: 1952 1954 
1954: 1953 1956 
1955: 348 2541 4014 4578 
1956: 1954 1957 
1957: 1956 1958 
1958: 1957 1961 
1959: 381 1843 4319 4993 
1960: 1029 1579 
1961: 1958 1962 
1962: 1961 1963 
1963: 1962 1965 
1964: 821 4240 4659 
1965: 1963 1966 
1966: 1965 1970 
1967: 1698 3952 
1968: 2977 3212 
1969: 3819 3916 4509 4624 
1970: 1966 1972 
1971: 1016 1756 1950 2106 
1972: 1970 1973 
1973: 1972 1976 
1974: 2199 4551 4559 4876 
1975: 1825 2881 4520 
1976: 1973 1977 
1977: 1976 1978 2238 
1978: 1977 1979 
1979: 1978 1980 
1980: 1979 1981 
1981: 1980 1983 
1982: 365 1813 2415 
1983: 1981 1984 
1984: 1983 1985 
1985: 1984 1988 
1986: 835 4944 
1987: 1741 2930 4006 
1988: 1985 1990 
1989: 2151 4733 
1990: 1988 1991 
1991: 1990 1993 
1992: 472 2377 
1993: 1991 1994 
1994: 1993 1995 
1995: 1994 1997 
1996: 699 1395 1582 4733 
1997: 1995 1998 
1998: 1997 1999 
1999: 1998 2001 
2000: 2110 2554 
2001: 1999 2003 
2002: 89 1324 4533 
2003: 2001 2004 
2004: 2003 2006 
2005: 286 994 2454 3448 3953 
2006: 2004 2014 
2007: 4030 4278 
2008: 353 1512 3160 
2009: 1398 3837 4829 
2010: 372 4204 4397 
2011: 297 3538 3831 3954 
2012: 35 788 1559 2202 
2013: 1216 1738 4089 
2014: 2006 2015 
2015: 2014 2017 
2016: 181 878 939 
2017: 2015 2018 
2018: 2017 2021 
2019: 404 2232 3533 3637 
2020: 67 3179 4119 
2021: 2018 2023 
2022: 140 376 2893 4277 
2023: 2021 2025 
2024: 664 1747 
2025: 2023 2027 
2026: 96 3241 3999 4276 
2027: 2025 2028 
2028: 2027 2029 
2029: 2028 2031 
2030: 335 1431 4365 
2031: 2029 2032 
2032: 2031 2033 
2033: 2032 2038 
2034: 255 1679 3097 
2035: 2990 3465 4192 4921 
2036: 3394 3836 
2037: 1237 2510 4780 
2038: 2033 2047 
2039: 3578 4825 
2040: 391 578 1317 1734 2090 
2041: 1583 3308 3717 
2042: 495 2741 
2043: 131 1487 
2044: 45 4252 4304 4453 4846 
2045: 493 3621 
2046: 1452 2903 4316 
2047: 2038 2048 
2048: 2047 2049 
2049: 2048 2052 
2050: 1353 2504 2511 
2051: 1023 3067 
2052: 2049 2059 
2053: 3981 4344 
2054: 1846 2641 2823 4492 
2055: 343 3404 
2056: 1515 4979 
2057: 1933 2226 2672 3785 4295 
2058: 1551 1945 3661 
2059: 2052 2060 
2060: 2059 2061 
2061: 2060 2062 
2062: 2061 2064 
2063: 951 1326 
2064: 2062 2065 
2065: 2064 2068 
2066: 165 855 1828 2390 3181 
2067: 910 2195 4952 
2068: 2065 2071 
2069: 383 1264 2157 
2070: 1002 3437 4772 
2071: 2068 2072 
2072: 2071 2073 
2073: 2072 2074 
2074: 2073 2076 
2075: 1744 2755 
2076: 2074 2078 
2077: 1299 1345 1741 3934 
2078: 2076 2081 
2079: 1510 3497 
2080: 1499 4408 
2081: 2078 2082 
2082: 2081 2083 
2083: 2082 2084 
2084: 2083 2088 
2085: 188 843 3500 
2086: 693 3377 3382 
2087: 826 4544 4595 
2088: 2084 2091 
2089: 996 4185 
2090: 1257 2040 2165 
2091: 2088 2092 
2092: 2091 2093 
2093: 2092 2094 
2094: 2093 2095 
2095: 2094 2096 
2096: 2095 2097 
2097: 2096 2099 
2098: 65 1142 1949 
2099: 2097 2105 
2100: 1322 3734 4859 
2101: 1407 4279 
2102: 456 1061 
2103: 2138 2195 4900 
2104: 372 716 1590 3576 
2105: 2099 2108 
2106: 1971 2476 4439 
2107: 1242 1275 1939 4617 
2108: 2105 2111 
2109: 729 3871 
2110: 2000 2245 2344 
2111: 2108 2112 
2112: 2111 2118 
2113: 1076 2478 3465 3796 
2114: 825 4730 
2115: 1386 2377 
2116: 1084 1479 3650 
2117: 440 1488 1800 2143 2959 
2118: 2112 2120 
2119: 500 4852 
2120: 2118 2126 
2121: 1573 3879 
2122: 353 530 3787 4484 
2123: 286 1363 2382 2976 4061 
2124: 277 2304 3935 
2125: 1496 1594 4976 
2126: 2120 2127 
2127: 2126 2128 
2128: 2127 2130 
2129: 837 1796 2758 3321 
2130: 2128 2131 
2131: 2130 2136 
2132: 3261 4907 
2133: 1107 2662 3123 
2134: 160 808 1610 2641 3136 
2135: 586 818 2370 2902 
2136: 2131 2139 
2137: 2908 3391 
2138: 951 1697 1939 1940 2103 
2139: 2136 2141 
2140: 1915 3118 
2141: 2139 2144 
2142: 2854 2877 
2143: 2117 3173 
2144: 2141 2146 
2145: 665 1519 3065 
2146: 2144 2147 
2147: 2146 2149 
2148: 222 552 636 2929 
2149: 2147 2152 
2150: 3978 4182 4295 
2151: 1487 1989 2454 3845 4859 
2152: 2149 2154 
2153: 1927 4178 4544 
2154: 2152 2158 
2155: 2873 3330 3372 3538 4727 
2156: 1402 3206 4340 
2157: 387 1140 2069 2601 
2158: 2154 2159 
2159: 2158 2162 
2160: 2860 3852 4365 
2161: 184 2382 
2162: 2159 2164 
2163: 2510 4611 4913 
2164: 2162 2166 
2165: 2090 4982 
2166: 2164 2167 
2167: 2166 2169 
2168: 257 1675 3230 3337 4839 
2169: 2167 2170 
2170: 2169 2172 
2171: 339 1247 1491 2341 
2172: 2170 2174 
2173: 2648 2706 3787 3848 
2174: 2172 2176 
2175: 3929 4666 
2176: 2174 2179 
2177: 840 2554 3691 
2178: 125 2675 3910 
2179: 2176 2181 
2180: 3308 3898 4591 
2181: 2179 2184 
2182: 1028 3374 3445 
2183: 4802 4820 
2184: 2181 2185 
2185: 2184 2187 
2186: 2675 3079 4088 
2187: 2185 2190 
2188: 1945 2490 4186 
2189: 25 3762 4434 
2190: 2187 2192 
2191: 1359 3961 
2192: 2190 2193 
2193: 2192 2194 
2194: 2193 2196 
2195: 2067 2103 
2196: 2194 2200 
2197: 54 260 
2198: 818 1406 1646 3631 3823 
2199: 679 1379 1974 4457 
2200: 2196 2201 
2201: 2200 2203 
2202: 356 1649 2012 4992 
2203: 2201 2205 
2204: 1688 4075 
2205: 2203 2207 
2206: 1914 3972 4377 4921 
2207: 2205 2208 
2208: 2207 2209 
2209: 2208 2212 
2210: 3024 3872 4747 4780 4930 
2211: 1200 2752 2766 3738 3896 
2212: 2209 2213 
2213: 2212 2214 
2214: 2213 2215 
2215: 2214 2220 
2216: 1391 1886 2234 3382 4301 
2217: 2455 2899 
2218: 1092 3661 4394 4581 
2219: 1347 4163 
2220: 2215 2223 
2221: 1800 3132 3976 
2222: 2724 2886 4534 
2223: 2220 2225 
2224: 652 894 1624 
2225: 2223 2227 
2226: 362 1840 2057 2803 4295 
2227: 2225 2228 
2228: 2227 2229 
2229: 2228 2230 
2230: 2229 2231 
2231: 2230 2233 2879 
2232: 824 1098 2019 
2233: 2231 2235 
2234: 2216 3286 3826 
2235: 2233 2237 
2236: 3110 3876 4821 
2237: 2235 2240 
2238: 1883 1977 4175 
2239: 1371 2447 2505 4059 
2240: 2237 2242 
2241: 439 1700 
2242: 2240 2246 
2243: 1700 1783 3235 
2244: 1291 4551 
2245: 2110 2850 3950 
2246: 2242 2249 
2247: 361 1342 2430 2668 
2248: 1357 2673 2912 3089 
2249: 2246 2250 
2250: 2249 2259 
2251: 260 3014 4143 4264 
2252: 1841 2574 
2253: 407 494 2873 
2254: 1256 1803 2779 
2255: 583 3077 4086 
2256: 854 1613 4651 
2257: 416 879 3134 3879 4201 
2258: 1025 1292 3815 3840 4420 
2259: 2250 2260 
2260: 2259 2261 
2261: 2260 2263 
2262: 1031 1156 1689 2795 3561 
2263: 2261 2265 
2264: 2292 2485 2774 
2265: 2263 2266 
2266: 2265 2268 
2267: 218 614 828 4619 
2268: 2266 2269 
2269: 2268 2270 
2270: 2269 2271 
2271: 2270 2272 
2272: 2271 2274 
2273: 338 4119 
2274: 2272 2275 
2275: 2274 2276 
2276: 2275 2278 
2277: 1273 2659 3529 4574 
2278: 2276 2281 
2279: 1780 2850 3507 3789 
2280: 2646 3158 4638 
2281: 2278 2283 
2282: 1745 4128 4585 
2283: 2281 2285 
2284: 1478 2706 4429 4992 
2285: 2283 2290 
2286: 1051 1092 1319 2466 4656 
2287: 1275 1809 2745 
2288: 1654 2820 
2289: 1656 2916 
2290: 2285 2291 
2291: 2290 2293 
2292: 346 1713 2264 
2293: 2291 2295 
2294: 1092 1511 2669 
2295: 2293 2300 
2296: 3840 4091 
2297: 100 1144 
2298: 3141 3704 
2299: 2652 4388 4658 
2300: 2295 2301 
2301: 2300 2302 
2302: 2301 2303 
2303: 2302 2305 
2304: 511 2124 
2305: 2303 2306 
2306: 2305 2307 
2307: 2306 2308 
2308: 2307 2312 
2309: 114 1457 3439 4420 4946 
2310: 252 476 506 534 2511 
2311: 946 3770 
2312: 2308 2313 
2313: 2312 2314 
2314: 2313 2315 
2315: 2314 2316 
2316: 2315 2319 
2317: 1371 1482 2707 3183 3465 
2318: 42 1722 2976 3342 3343 
2319: 2316 2322 
2320: 597 3807 4766 
2321: 193 699 2815 
2322: 2319 2324 
2323: 1125 1581 4221 
2324: 2322 2325 
2325: 2324 2328 
2326: 806 1088 1367 4746 
2327: 1061 1556 1581 
2328: 2325 2330 
2329: 375 624 1546 1725 2893 
2330: 2328 2332 
2331: 1597 3575 
2332: 2330 2333 
2333: 2332 2334 
2334: 2333 2335 
2335: 2334 2336 
2336: 2335 2338 
2337: 786 4273 4472 
2338: 2336 2339 
2339: 2338 2340 
2340: 2339 2342 
2341: 2171 4009 
2342: 2340 2345 
2343: 1116 3517 
2344: 1577 2110 4371 
2345: 2342 2347 
2346: 970 3504 3820 
2347: 2345 2349 
2348: 2807 3071 4750 
2349: 2347 2350 
2350: 2349 2351 
2351: 2350 2352 
2352: 2351 2353 
2353: 2352 2355 
2354: 14 3828 
2355: 2353 2356 
2356: 2355 2357 
2357: 2356 2358 
2358: 2357 2360 
2359: 18 594 1100 3183 3935 
2360: 2358 2362 
2361: 287 4112 
2362: 2360 2363 
2363: 2362 2364 
2364: 2363 2365 
2365: 2364 2366 
2366: 2365 2368 
2367: 993 2548 
2368: 2366 2373 
2369: 685 4888 
2370: 2135 3108 3587 3904 
2371: 3482 4947 4976 
2372: 1547 3261 4944 
2373: 2368 2375 
2374: 2742 2774 3872 
2375: 2373 2376 
2376: 2375 2379 
2377: 1992 2115 2750 3129 
2378: 1041 1336 
2379: 2376 2381 
2380: 400 3370 
2381: 2379 2383 
2382: 1257 1371 2123 2161 4609 
2383: 2381 2386 
2384: 1659 4504 4910 
2385: 2925 3373 4991 
2386: 2383 2387 
2387: 2386 2392 
2388: 2405 4303 
2389: 54 1916 3518 4913 
2390: 106 307 2066 3439 
2391: 2953 3123 
2392: 2387 2393 
2393: 2392 2394 
2394: 2393 2399 
2395: 1845 4080 4578 
2396: 178 1216 3902 
2397: 1296 1440 
2398: 810 950 1722 1830 4801 
2399: 2394 2402 
2400: 535 3410 4983 
2401: 1793 3594 3821 
2402: 2399 2403 
2403: 2402 2404 
2404: 2403 2406 
2405: 1538 2388 
2406: 2404 2408 
2407: 605 1273 1324 3088 3217 
2408: 2406 2409 
2409: 2408 2410 
2410: 2409 2411 
2411: 2410 2414 
2412: 789 3609 
2413: 2665 2706 3960 
2414: 2411 2418 
2415: 323 663 1982 2847 
2416: 729 1388 3066 
2417: 429 4794 4862 
2418: 2414 2419 
2419: 2418 2422 
2420: 1000 1373 
2421: 1459 1758 
2422: 2419 2424 
2423: 277 644 1342 
2424: 2422 2425 
2425: 2424 2426 
2426: 2425 2428 
2427: 279 2952 
2428: 2426 2429 
2429: 2428 2431 
2430: 2247 2602 
2431: 2429 2433 
2432: 523 1375 
2433: 2431 2434 
2434: 2433 2437 
2435: 1419 3073 4799 
2436: 941 1609 3975 4377 
2437: 2434 2440 
2438: 4585 4667 
2439: 391 2686 3834 
2440: 2437 2442 
2441: 3206 4448 4831 
2442: 2440 2444 
2443: 3307 4407 4611 
2444: 2442 2445 
2445: 2444 2449 
2446: 2991 3173 4580 4658 
2447: 1478 2239 2759 2939 3162 
2448: 861 2552 4258 
2449: 2445 2450 
2450: 2449 2451 
2451: 2450 2452 
2452: 2451 2453 
2453: 2452 2456 
2454: 2005 2151 4766 
2455: 1254 1521 1819 2217 3311 
2456: 2453 2458 
2457: 2 750 2740 3781 
2458: 2456 2460 
2459: 326 383 3146 3898 
2460: 2458 2464 
2461: 770 933 3780 4823 
2462: 425 438 
2463: 1126 3187 4331 4596 
2464: 2460 2469 
2465: 1121 1326 1398 3084 4089 
2466: 543 2286 2800 3219 3726 
2467: 879 1888 3860 
2468: 6 2727 
2469: 2464 2470 
2470: 2469 2472 
2471: 511 890 2936 
2472: 2470 2477 
2473: 217 317 950 1641 
2474: 1870 4013 4195 
2475: 654 4476 4604 
2476: 114 391 2106 
2477: 2472 2479 
2478: 2113 3152 4711 
2479: 2477 2480 
2480: 2479 2481 
2481: 2480 2483 
2482: 479 2910 
2483: 2481 2484 
2484: 2483 2486 
2485: 511 2264 3129 3432 3451 
2486: 2484 2488 
2487: 979 3859 
2488: 2486 2491 
2489: 1947 3626 
2490: 1559 2188 2673 2844 3277 
2491: 2488 2492 
2492: 2491 2493 
2493: 2492 2495 
2494: 481 2639 2697 3728 
2495: 2493 2496 
2496: 2495 2497 
2497: 2496 2498 
2498: 2497 2502 
2499: 824 1791 2748 
2500: 1076 2948 3242 4368 
2501: 21 1069 
2502: 2498 2506 
2503: 50 478 
2504: 875 1357 2050 3071 3815 
2505: 28 1016 2239 4246 
2506: 2502 2507 
2507: 2506 2508 
2508: 2507 2509 
2509: 2508 2512 
2510: 2037 2163 
2511: 348 2050 2310 4097 4764 
2512: 2509 2513 2929 
2513: 2512 2514 
2514: 2513 2515 
2515: 2514 2518 
2516: 1838 2579 
2517: 1057 4699 
2518: 2515 2519 
2519: 2518 2521 
2520: 3466 4211 
2521: 2519 2522 
2522: 2521 2523 
2523: 2522 2524 
2524: 2523 2525 
2525: 2524 2528 
2526: 599 3250 
2527: 377 3400 
2528: 2525 2529 
2529: 2528 2531 
2530: 165 3321 3460 4067 4806 
2531: 2529 2532 
2532: 2531 2534 
2533: 3395 4698 
2534: 2532 2535 
2535: 2534 2537 
2536: 224 1590 3473 
2537: 2535 2538 
2538: 2537 2539 
2539: 2538 2540 
2540: 2539 2542 
2541: 328 1786 1955 4865 
2542: 2540 2545 
2543: 326 3807 4587 
2544: 441 4200 4650 4662 
2545: 2542 2546 
2546: 2545 2549 
2547: 2606 3052 
2548: 4 74 2367 
2549: 2546 2550 
2550: 2549 2553 
2551: 1633 2555 3410 3892 4991 
2552: 2448 3546 3683 
2553: 2550 2556 
2554: 1782 2000 2177 3264 
2555: 45 2551 3558 4848 
2556: 2553 2557 
2557: 2556 2558 
2558: 2557 2562 
2559: 742 1297 3017 3417 4450 
2560: 805 1315 
2561: 631 1756 2601 
2562: 2558 2563 
2563: 2562 2565 
2564: 2707 4429 
2565: 2563 2569 
2566: 2885 3154 
2567: 528 529 1412 1501 4613 
2568: 955 1574 1678 3621 3874 
2569: 2565 2570 
2570: 2569 2571 
2571: 2570 2573 
2572: 623 4515 
2573: 2571 2575 
2574: 1407 1675 2252 3073 
2575: 2573 2577 
2576: 502 3629 4600 
2577: 2575 2580 
2578: 174 523 3793 
2579: 2516 2892 
2580: 2577 2581 
2581: 2580 2583 
2582: 111 714 2879 3544 
2583: 2581 2585 
2584: 868 3876 4835 4958 
2585: 2583 2586 
2586: 2585 2587 
2587: 2586 2591 
2588: 1406 3569 3586 3627 
2589: 835 1897 4005 4113 4941 
2590: 1212 3777 
2591: 2587 2592 
2592: 2591 2593 
2593: 2592 2594 
2594: 2593 2595 
2595: 2594 2596 
2596: 2595 2597 
2597: 2596 2598 
2598: 2597 2599 
2599: 2598 2600 
2600: 2599 2603 
2601: 1126 2157 2561 2910 4683 
2602: 1273 2430 
2603: 2600 2605 
2604: 608 968 4428 
2605: 2603 2607 
2606: 1846 2547 
2607: 2605 2609 
2608: 3022 3496 4713 4727 
2609: 2607 2610 
2610: 2609 2612 
2611: 790 1171 3319 
2612: 2610 2613 
2613: 2612 2616 
2614: 4560 4888 
2615: 2957 3447 
2616: 2613 2619 
2617: 3474 3793 
2618: 1210 3862 4072 
2619: 2616 2620 
2620: 2619 2621 
2621: 2620 2624 
2622: 2727 4082 
2623: 1823 3012 3249 
2624: 2621 2625 
2625: 2624 2628 
2626: 1886 3862 4153 4437 
2627: 3045 3976 
2628: 2625 2630 
2629: 323 818 1028 4135 4358 
2630: 2628 2631 
2631: 2630 2633 
2632: 705 715 
2633: 2631 2635 
2634: 3181 3764 
2635: 2633 2638 
2636: 346 960 1893 1914 3906 
2637: 336 963 4989 
2638: 2635 2640 
2639: 575 2494 3882 4030 4322 
2640: 2638 2643 
2641: 2054 2134 4473 
2642: 1651 3547 3953 4285 4373 
2643: 2640 2644 
2644: 2643 2645 
2645: 2644 2649 
2646: 2280 3061 
2647: 51 198 249 293 3691 
2648: 1115 2173 2948 
2649: 2645 2650 
2650: 2649 2653 
2651: 60 2826 4405 
2652: 1474 2299 4616 
2653: 2650 2654 
2654: 2653 2655 
2655: 2654 2656 
2656: 2655 2658 
2657: 1124 3728 4272 
2658: 2656 2660 
2659: 853 2277 4008 4656 4839 
2660: 2658 2661 
2661: 2660 2663 
2662: 334 1282 1487 2133 
2663: 2661 2664 
2664: 2663 2667 
2665: 207 2413 
2666: 464 1664 
2667: 2664 2670 
2668: 639 1495 2247 4758 
2669: 716 878 2294 3172 4666 
2670: 2667 2671 
2671: 2670 2677 
2672: 1156 2057 3698 
2673: 1174 1697 2248 2490 4988 
2674: 586 1883 3250 4534 
2675: 1549 1567 1606 2178 2186 
2676: 1631 3677 
2677: 2671 2681 
2678: 2912 3662 4316 
2679: 1031 1294 1704 4571 
2680: 102 754 1697 
2681: 2677 2684 
2682: 255 353 1518 4460 4507 
2683: 106 320 3479 
2684: 2681 2685 
2685: 2684 2687 
2686: 266 2439 4359 
2687: 2685 2688 
2688: 2687 2693 
2689: 3392 4204 4344 
2690: 610 1032 1066 
2691: 360 530 
2692: 230 528 1569 4476 
2693: 2688 2694 
2694: 2693 2695 
2695: 2694 2696 
2696: 2695 2699 
2697: 1270 2494 3019 
2698: 748 1189 
2699: 2696 2702 
2700: 175 402 4907 
2701: 3394 3955 
2702: 2699 2703 
2703: 2702 2704 
2704: 2703 2705 
2705: 2704 2710 
2706: 2173 2284 2413 3449 3882 
2707: 413 1041 1687 2317 2564 
2708: 228 519 602 
2709: 29 3607 3826 4875 
2710: 2705 2711 
2711: 2710 2712 
2712: 2711 2713 
2713: 2712 2716 
2714: 617 4543 
2715: 280 865 2734 3536 
2716: 2713 2717 
2717: 2716 2719 
2718: 654 3308 3700 
2719: 2717 2720 
2720: 2719 2721 
2721: 2720 2725 
2722: 355 515 3278 3982 
2723: 1427 2865 
2724: 2222 3061 
2725: 2721 2726 
2726: 2725 2728 
2727: 1557 2468 2622 3099 
2728: 2726 2729 
2729: 2728 2731 
2730: 334 1870 1884 
2731: 2729 2732 
2732: 2731 2735 
2733: 1059 4901 
2734: 626 2715 3673 4328 4852 
2735: 2732 2737 
2736: 82 885 1153 3536 4240 
2737: 2735 2738 
2738: 2737 2747 
2739: 1731 1874 
2740: 1815 2457 2951 4760 
2741: 2042 4048 
2742: 1884 2374 3209 4170 
2743: 707 2903 
2744: 835 885 
2745: 2287 3311 
2746: 1834 4120 
2747: 2738 2748 
2748: 2499 2747 2749 
2749: 2748 2751 
2750: 16 2377 4233 4931 
2751: 2749 2754 
2752: 583 2211 2848 4279 
2753: 1499 1753 3929 
2754: 2751 2756 
2755: 2075 2865 3893 
2756: 2754 2757 
2757: 2756 2762 
2758: 399 855 2129 
2759: 1791 2447 3014 3788 4616 
2760: 283 810 4554 
2761: 3113 4030 4568 
2762: 2757 2763 
2763: 2762 2764 
2764: 2763 2767 
2765: 1263 4346 4371 4938 
2766: 872 902 2211 
2767: 2764 2769 
2768: 1336 3187 3620 3638 4942 
2769: 2767 2775 
2770: 1493 3690 
2771: 178 1914 2859 
2772: 1297 1820 1825 4611 4868 
2773: 3361 4034 
2774: 2264 2374 2864 3019 
2775: 2769 2777 
2776: 2929 3261 
2777: 2775 2780 
2778: 1375 4114 
2779: 1176 2254 3572 3968 
2780: 2777 2781 
2781: 2780 2782 
2782: 2781 2783 
2783: 2782 2784 
2784: 2783 2785 
2785: 2784 2786 
2786: 2785 2790 
2787: 3545 3916 4428 
2788: 566 1198 1426 4893 
2789: 1014 1357 1859 
2790: 2786 2791 
2791: 2790 2792 
2792: 2791 2793 
2793: 2792 2794 
2794: 2793 2796 
2795: 2262 3479 3941 4134 
2796: 2794 2797 
2797: 2796 2798 
2798: 2797 2799 
2799: 2798 2801 
2800: 1838 2466 2997 3638 
2801: 2799 2802 
2802: 2801 2804 
2803: 1261 2226 3491 4608 
2804: 2802 2805 
2805: 2804 2806 
2806: 2805 2808 
2807: 2348 4062 
2808: 2806 2810 
2809: 29 3779 4773 
2810: 2808 2814 
2811: 1050 3330 3568 4152 
2812: 1423 1647 1714 4529 4802 
2813: 1413 3193 3286 4123 
2814: 2810 2816 
2815: 2321 3057 3531 4295 
2816: 2814 2817 
2817: 2816 2818 
2818: 2817 2819 
2819: 2818 2821 
2820: 2288 4667 
2821: 2819 2822 
2822: 2821 2824 
2823: 1403 2054 
2824: 2822 2828 
2825: 3373 4577 
2826: 588 2651 3219 
2827: 1140 1212 
2828: 2824 2829 
2829: 2828 2830 
2830: 2829 2832 
2831: 1526 1704 
2832: 2830 2833 
2833: 2832 2839 
2834: 3347 4242 4711 
2835: 1728 3075 3714 3789 
2836: 148 3527 
2837: 369 485 4477 
2838: 1340 3018 
2839: 2833 2841 
2840: 4216 4453 
2841: 2839 2842 
2842: 2841 2843 
2843: 2842 2845 
2844: 245 2490 3497 3960 
2845: 2843 2849 
2846: 18 3229 4224 
2847: 1867 2415 3571 3960 
2848: 770 2752 
2849: 2845 2851 
2850: 1870 2245 2279 
2851: 2849 2852 
2852: 2851 2855 
2853: 167 307 877 3677 
2854: 35 1546 2142 4643 
2855: 2852 2856 
2856: 2855 2857 
2857: 2856 2858 
2858: 2857 2861 
2859: 429 679 2771 
2860: 54 117 1537 2160 3111 
2861: 2858 2862 
2862: 2861 2866 
2863: 1431 1704 4048 
2864: 2774 4019 4805 
2865: 2723 2755 
2866: 2862 2867 
2867: 2866 2868 
2868: 2867 2869 
2869: 2868 2870 
2870: 2869 2871 
2871: 2870 2872 
2872: 2871 2875 
2873: 113 2155 2253 
2874: 666 945 3524 3747 
2875: 2872 2876 
2876: 2875 2878 
2877: 2142 2957 3354 
2878: 2876 2880 
2879: 1565 1828 2231 2582 3261 
2880: 2878 2883 
2881: 1742 1975 3478 
2882: 34 1312 
2883: 2880 2884 
2884: 2883 2888 3238 
2885: 1648 2566 3038 3200 
2886: 326 2222 4143 
2887: 304 3940 4089 4878 
2888: 2884 2889 
2889: 2888 2890 
2890: 2889 2891 
2891: 2890 2894 
2892: 1466 2579 
2893: 1285 2022 2329 3354 3482 
2894: 2891 2895 
2895: 2894 2896 
2896: 2895 2897 
2897: 2896 2900 
2898: 34 3146 
2899: 395 1027 2217 4476 
2900: 2897 2901 
2901: 2900 2906 
2902: 994 1602 2135 
2903: 2046 2743 3684 3760 
2904: 226 4188 
2905: 941 1631 1758 2969 
2906: 2901 2907 
2907: 2906 2909 
2908: 2137 4098 4592 
2909: 2907 2911 
2910: 1125 1385 2482 2601 4331 
2911: 2909 2913 
2912: 1086 2248 2678 
2913: 2911 2915 
2914: 596 1648 3275 3828 4260 
2915: 2913 2918 
2916: 1781 2289 2953 
2917: 2937 3855 
2918: 2915 2922 
2919: 3750 4036 
2920: 1762 4012 4472 
2921: 987 4164 
2922: 2918 2928 
2923: 188 3123 3355 
2924: 198 441 2975 
2925: 2385 4764 
2926: 3027 4492 
2927: 3229 4933 
2928: 2922 2931 4377 
2929: 1447 2148 2512 2776 4842 
2930: 184 1706 1987 2993 4802 
2931: 2928 2933 
2932: 1047 1550 3148 4873 
2933: 2931 2934 
2934: 2933 2935 
2935: 2934 2938 
2936: 543 1296 2471 
2937: 690 2917 4232 
2938: 2935 2940 
2939: 2447 3597 4571 
2940: 2938 2941 
2941: 2940 2942 
2942: 2941 2943 
2943: 2942 2944 
2944: 2943 2945 
2945: 2944 2946 
2946: 2945 2947 
2947: 2946 2949 
2948: 2500 2648 3277 
2949: 2947 2955 
2950: 224 1100 3530 4250 4748 
2951: 734 770 2740 
2952: 877 2427 
2953: 714 2391 2916 
2954: 3474 4294 
2955: 2949 2956 
2956: 2955 2958 
2957: 2615 2877 3545 
2958: 2956 2960 
2959: 802 1124 2117 3594 4133 
2960: 2958 2961 
2961: 2960 2962 
2962: 2961 2963 
2963: 2962 2964 
2964: 2963 2965 
2965: 2964 2967 
2966: 1817 3872 
2967: 2965 2968 
2968: 2967 2971 
2969: 487 585 2905 
2970: 239 4150 4457 
2971: 2968 2973 
2972: 135 971 4004 4022 
2973: 2971 2979 
2974: 185 1088 1923 
2975: 2924 3296 
2976: 650 2123 2318 4829 
2977: 1968 4309 
2978: 279 1121 1189 1224 
2979: 2973 2980 
2980: 2979 2981 
2981: 2980 2982 
2982: 2981 2985 
2983: 188 1019 1830 1937 3955 
2984: 610 1799 
2985: 2982 2987 
2986: 338 863 1859 1917 3108 
2987: 2985 2989 
2988: 969 3192 3646 
2989: 2987 2994 
2990: 793 1897 2035 4048 
2991: 2446 3481 
2992: 592 3638 
2993: 2930 3320 3683 4193 
2994: 2989 2996 
2995: 391 525 
2996: 2994 2998 
2997: 223 902 1396 2800 3869 
2998: 2996 2999 
2999: 2998 3000 
3000: 540 2999 3003 
3001: 3124 3714 4568 
3002: 3869 4324 
3003: 3000 3006 
3004: 362 4651 
3005: 1014 3538 
3006: 3003 3007 
3007: 3006 3009 
3008: 519 1433 4153 
3009: 3007 3010 
3010: 3009 3011 
3011: 3010 3013 
3012: 146 617 2623 
3013: 3011 3016 
3014: 1007 1339 2251 2759 4683 
3015: 1730 1815 3298 3709 
3016: 3013 3021 
3017: 1205 2559 3542 3796 3870 
3018: 2838 4639 
3019: 41 2697 2774 4559 
3020: 1565 4011 
3021: 3016 3025 
3022: 78 2608 4481 
3023: 3381 4012 
3024: 1025 1083 1474 2210 4211 
3025: 3021 3026 
3026: 3025 3028 
3027: 833 2926 3538 4252 
3028: 3026 3029 
3029: 3028 3030 
3030: 3029 3031 
3031: 3030 3032 
3032: 3031 3033 
3033: 3032 3034 
3034: 3033 3035 
3035: 3034 3037 
3036: 3922 3975 
3037: 3035 3039 
3038: 948 2885 
3039: 3037 3041 
3040: 1413 3958 
3041: 3039 3042 
3042: 3041 3043 
3043: 3042 3047 
3044: 1447 1555 
3045: 2627 3447 
3046: 1416 1450 
3047: 3043 3048 
3048: 3047 3050 
3049: 355 3631 4560 4716 4802 
3050: 3048 3051 
3051: 3050 3053 
3052: 493 2547 4381 
3053: 3051 3054 
3054: 3053 3055 
3055: 3054 3056 
3056: 3055 3059 
3057: 1304 1508 2815 
3058: 1372 3661 
3059: 3056 3060 
3060: 3059 3063 
3061: 1549 2646 2724 4000 
3062: 118 4653 
3063: 3060 3064 
3064: 3063 3069 
3065: 475 2145 3460 4298 
3066: 960 1049 2416 3893 
3067: 1198 1240 2051 
3068: 1896 4748 
3069: 3064 3070 
3070: 3069 3072 
3071: 819 2348 2504 3400 4574 
3072: 3070 3074 
3073: 968 1514 2435 2574 
3074: 3072 3078 
3075: 402 2835 3410 3706 
3076: 1531 4808 
3077: 1379 1851 2255 
3078: 3074 3080 
3079: 1916 2186 3537 
3080: 3078 3081 
3081: 3080 3082 
3082: 3081 3083 
3083: 3082 3085 
3084: 2465 4137 
3085: 3083 3086 
3086: 3085 3087 
3087: 3086 3090 
3088: 223 1237 2407 3136 3820 
3089: 563 597 1310 2248 
3090: 3087 3091 
3091: 3090 3092 
3092: 3091 3094 
3093: 117 997 3565 4007 
3094: 3092 3096 
3095: 582 663 
3096: 3094 3098 
3097: 2034 3545 
3098: 3096 3100 
3099: 2727 3124 3648 4282 
3100: 3098 3101 
3101: 3100 3103 
3102: 1395 1448 
3103: 3101 3104 
3104: 3103 3106 
3105: 575 1252 3298 
3106: 3104 3107 
3107: 3106 3109 
3108: 1230 2370 2986 
3109: 3107 3112 
3110: 1310 1725 2236 
3111: 272 2860 4825 
3112: 3109 3114 
3113: 320 2761 
3114: 3112 3115 
3115: 3114 3116 
3116: 3115 3117 
3117: 3116 3120 
3118: 1622 2140 4428 
3119: 3200 4170 
3120: 3117 3122 
3121: 816 4585 
3122: 3120 3126 
3123: 1756 2133 2391 2923 3300 
3124: 3001 3099 4711 
3125: 797 1573 
3126: 3122 3127 
3127: 3126 3128 
3128: 3127 3130 
3129: 1363 2377 2485 4053 4573 
3130: 3128 3133 
3131: 881 3677 4385 
3132: 114 2221 4214 
3133: 3130 3135 
3134: 2257 3589 
3135: 3133 3137 
3136: 1422 2134 3088 4805 
3137: 1945 3135 3138 
3138: 3137 3139 
3139: 3138 3144 
3140: 262 1590 
3141: 1092 1761 2298 3261 4428 
3142: 233 996 
3143: 1083 4643 
3144: 3139 3145 
3145: 3144 3147 
3146: 1816 2459 2898 
3147: 1326 3145 3149 
3148: 926 1745 2932 
3149: 3147 3150 
3150: 3149 3153 
3151: 763 1666 1676 4850 
3152: 231 2478 4002 4123 
3153: 3150 3155 
3154: 1526 2566 3486 3608 
3155: 3153 3159 
3156: 837 1316 
3157: 675 4447 
3158: 1402 2280 
3159: 3155 3165 
3160: 1261 2008 3842 
3161: 563 1714 3422 3640 3925 
3162: 316 2447 3902 
3163: 290 3606 3831 4738 
3164: 67 897 1609 
3165: 3159 3166 
3166: 3165 3170 
3167: 245 849 4162 4692 
3168: 153 4683 
3169: 1491 3923 4141 
3170: 3166 3176 
3171: 969 3600 4008 
3172: 197 1315 2669 
3173: 2143 2446 
3174: 3627 4022 4814 
3175: 1304 3342 3834 4425 
3176: 3170 3177 
3177: 3176 3178 
3178: 3177 3182 
3179: 2020 4076 
3180: 191 1754 
3181: 822 1632 2066 2634 
3182: 3178 3184 
3183: 2317 2359 
3184: 3182 3185 
3185: 3184 3186 
3186: 3185 3188 
3187: 634 2463 2768 
3188: 3186 3191 
3189: 1023 3366 
3190: 401 950 4192 
3191: 3188 3196 
3192: 969 1369 2988 4766 
3193: 810 910 2813 
3194: 1823 4700 
3195: 180 4216 4309 4816 
3196: 3191 3197 
3197: 3196 3198 
3198: 3197 3199 
3199: 3198 3201 
3200: 1088 2885 3119 
3201: 3199 3202 
3202: 3201 3203 
3203: 3202 3204 
3204: 3203 3205 
3205: 3204 3207 
3206: 2156 2441 
3207: 3205 3208 
3208: 3207 3213 
3209: 2742 3793 4907 
3210: 1790 3937 4752 4989 
3211: 211 449 1392 1714 
3212: 1057 1968 3302 
3213: 3208 3214 
3214: 3213 3215 
3215: 3214 3216 
3216: 3215 3222 
3217: 361 1565 2407 
3218: 97 3764 3785 4082 4368 
3219: 175 2466 2826 4204 4576 
3220: 1595 4509 
3221: 1247 3901 
3222: 3216 3223 
3223: 1101 3222 3224 
3224: 3223 3225 
3225: 3224 3227 
3226: 1858 4007 
3227: 3225 3228 
3228: 3227 3231 
3229: 2846 2927 3330 4533 
3230: 2168 3779 4228 4639 
3231: 3228 3232 
3232: 3231 3234 
3233: 566 3683 
3234: 3232 3239 
3235: 679 2243 
3236: 1101 1151 
3237: 60 158 1041 4841 4946 
3238: 945 1504 2884 
3239: 3234 3245 
3240: 1309 4548 
3241: 358 2026 3930 
3242: 198 2500 4287 
3243: 640 3524 3548 
3244: 3302 4752 
3245: 3239 3246 
3246: 3245 3247 
3247: 3246 3248 
3248: 3247 3251 
3249: 209 818 870 2623 
3250: 775 2526 2674 
3251: 3248 3252 
3252: 3251 3253 
3253: 3252 3257 
3254: 156 1031 1681 
3255: 105 3468 3506 
3256: 601 3949 
3257: 3253 3259 
3258: 1655 4260 4697 
3259: 3257 3260 
3260: 3259 3263 
3261: 2132 2372 2776 2879 3141 
3262: 413 3812 4901 4981 
3263: 3260 3270 
3264: 966 1060 1782 2554 4460 
3265: 534 1322 
3266: 1089 3927 
3267: 666 1742 4098 
3268: 290 1049 
3269: 300 3590 4168 
3270: 3263 3273 
3271: 517 4751 
3272: 989 4951 
3273: 3270 3274 
3274: 3273 3276 
3275: 313 1600 1622 2914 
3276: 3274 3279 
3277: 1620 2490 2948 4141 
3278: 343 2722 
3279: 3276 3280 
3280: 3279 3281 
3281: 3280 3284 
3282: 160 1048 1223 
3283: 768 1324 3917 
3284: 3281 3285 
3285: 3284 3287 
3286: 2234 2813 4330 
3287: 3285 3290 
3288: 4146 4195 
3289: 207 575 582 749 1485 
3290: 3287 3293 
3291: 1159 3406 4950 
3292: 1120 3734 4036 
3293: 3290 3294 
3294: 3293 3297 
3295: 668 3512 
3296: 1861 2975 3319 
3297: 3294 3299 
3298: 1356 3015 3105 
3299: 3297 3301 
3300: 811 1836 3123 3779 4890 
3301: 3299 3303 
3302: 1144 1760 3212 3244 3391 
3303: 3301 3304 
3304: 3303 3305 
3305: 3304 3314 
3306: 1142 3309 
3307: 2443 4026 4434 
3308: 2041 2180 2718 
3309: 424 3306 4507 
3310: 339 1796 4201 
3311: 669 1433 2455 2745 3396 
3312: 65 374 3396 
3313: 386 515 1736 
3314: 3305 3315 
3315: 3314 3316 
3316: 3315 3317 
3317: 3316 3318 
3318: 3317 3322 
3319: 2611 3296 
3320: 861 916 2993 3842 
3321: 196 1355 2129 2530 3833 
3322: 3318 3323 
3323: 3322 3326 
3324: 465 1694 
3325: 968 1760 4326 4994 
3326: 3323 3327 
3327: 3326 3328 
3328: 3327 3329 
3329: 3328 3331 
3330: 1454 2155 2811 3229 3673 
3331: 3329 3332 
3332: 3331 3333 
3333: 3332 3334 
3334: 3333 3338 
3335: 386 3708 3944 4998 
3336: 158 503 4542 4862 
3337: 2168 4024 
3338: 3334 3339 
3339: 3338 3345 
3340: 788 1008 3400 4575 4641 
3341: 80 4801 
3342: 23 2318 3175 
3343: 2318 3461 4905 
3344: 1582 4721 4942 
3345: 3339 3346 
3346: 3345 3348 
3347: 963 1190 2834 
3348: 3346 3351 
3349: 325 4869 
3350: 238 3542 
3351: 265 3348 3352 
3352: 3351 3353 
3353: 3352 3356 
3354: 674 2877 2893 4624 
3355: 1445 2923 4434 
3356: 3353 3357 
3357: 3356 3358 
3358: 3357 3359 
3359: 3358 3360 
3360: 3359 3363 
3361: 2773 3519 
3362: 309 1652 3406 3982 4543 
3363: 3360 3364 
3364: 3363 3365 
3365: 3364 3367 
3366: 1325 1615 3189 
3367: 3365 3368 
3368: 3367 3371 
3369: 78 1214 
3370: 2380 3403 4427 
3371: 3368 3375 
3372: 140 2155 4806 4859 
3373: 624 2385 2825 
3374: 789 2182 
3375: 3371 3376 
3376: 3375 3378 
3377: 253 284 1401 2086 3906 
3378: 3376 3380 
3379: 226 307 4215 
3380: 3378 3383 
3381: 1641 3023 4976 
3382: 916 2086 2216 4531 
3383: 3380 3386 
3384: 106 794 896 4498 
3385: 1232 1568 
3386: 3383 3389 
3387: 4 495 3820 4366 
3388: 427 463 
3389: 3386 3390 
3390: 3389 3393 
3391: 761 2137 3302 4055 
3392: 16 2689 3576 4639 
3393: 3390 3397 
3394: 641 2036 2701 3507 4601 
3395: 1129 2533 4330 
3396: 3311 3312 3470 
3397: 3393 3398 
3398: 3397 3399 
3399: 3398 3401 
3400: 2527 3071 3340 
3401: 3399 3402 
3402: 3401 3405 
3403: 1917 3370 3527 4114 
3404: 1728 2055 4081 
3405: 3402 3409 
3406: 1457 1515 3291 3362 
3407: 1348 3518 
3408: 1605 4013 
3409: 3405 3411 
3410: 1651 2400 2551 3075 4517 
3411: 3409 3413 
3412: 524 685 4132 4798 
3413: 3411 3415 
3414: 808 4846 
3415: 3413 3416 
3416: 3415 3417 
3417: 2559 3416 3418 
3418: 3417 3420 
3419: 1174 3814 
3420: 3418 3421 
3421: 3420 3424 
3422: 1444 1706 3161 4408 
3423: 3904 4349 
3424: 3421 3425 
3425: 3424 3426 
3426: 3425 3427 
3427: 3426 3430 
3428: 506 1525 
3429: 906 994 4452 
3430: 3427 3431 
3431: 3430 3433 
3432: 300 668 1271 2485 
3433: 3431 3434 3710 
3434: 3433 3436 
3435: 4212 4650 
3436: 3434 3440 
3437: 100 2070 4781 
3438: 1699 3819 
3439: 829 2309 2390 4548 4725 
3440: 3436 3441 
3441: 3440 3444 
3442: 483 1227 1706 
3443: 3563 4542 
3444: 3441 3450 
3445: 2182 3751 4842 
3446: 1675 4949 4973 
3447: 2615 3045 4543 
3448: 2005 4404 
3449: 1355 2706 3844 3911 
3450: 3444 3452 
3451: 376 1678 2485 
3452: 3450 3453 
3453: 80 3452 3455 
3454: 131 292 1759 3912 
3455: 3453 3457 
3456: 693 3838 4673 
3457: 3455 3458 
3458: 3457 3459 
3459: 3458 3462 
3460: 1336 2530 3065 
3461: 375 3343 4994 
3462: 3459 3463 
3463: 3462 3464 
3464: 3463 3467 
3465: 2035 2113 2317 4163 
3466: 780 2520 
3467: 3464 3469 
3468: 67 1284 3255 
3469: 3467 3471 
3470: 610 1689 3396 
3471: 3469 3472 
3472: 3471 3475 
3473: 1444 2536 4340 
3474: 2617 2954 4193 
3475: 3472 3476 
3476: 3475 3477 
3477: 3476 3483 
3478: 19 38 1363 2881 
3479: 2683 2795 3957 
3480: 716 1069 1807 4608 
3481: 1507 2991 4080 
3482: 931 2371 2893 
3483: 3477 3484 
3484: 3483 3485 
3485: 3484 3488 
3486: 1514 3154 4692 
3487: 781 1710 
3488: 3485 3489 
3489: 3488 3490 
3490: 3489 3492 
3491: 1604 2803 4006 
3492: 3490 3493 
3493: 3492 3494 
3494: 3493 3495 
3495: 3494 3498 
3496: 1772 2608 4339 
3497: 868 1650 2079 2844 
3498: 3495 3499 
3499: 3498 3501 
3500: 2085 4518 4757 
3501: 3499 3502 
3502: 3501 3503 
3503: 3502 3505 
3504: 484 2346 3957 
3505: 3503 3508 
3506: 598 1142 3255 
3507: 2279 3394 4109 
3508: 3505 3509 
3509: 3508 3513 
3510: 584 3752 4702 
3511: 196 269 3942 4650 
3512: 348 3295 4564 
3513: 3509 3515 
3514: 1216 1797 4526 
3515: 3513 3516 
3516: 3515 3520 
3517: 304 2343 
3518: 651 2389 3407 4240 4993 
3519: 930 1023 3361 4760 
3520: 3516 3521 
3521: 3520 3522 
3522: 3521 3523 
3523: 3522 3525 
3524: 2874 3243 4638 
3525: 3523 3526 
3526: 3525 3528 
3527: 955 2836 3403 4892 
3528: 3526 3532 
3529: 480 2277 
3530: 1285 1895 2950 
3531: 2815 3589 
3532: 3528 3535 
3533: 2019 3840 
3534: 129 4328 
3535: 3532 3539 
3536: 14 2715 2736 
3537: 1781 3079 4581 
3538: 1257 2011 2155 3005 3027 
3539: 3535 3540 
3540: 3539 3543 
3541: 1620 1864 4042 
3542: 1622 1916 1925 3017 3350 
3543: 3540 3549 
3544: 2582 3601 4002 
3545: 2787 2957 3097 
3546: 78 2552 
3547: 699 2642 3568 3930 
3548: 3243 3819 3902 3942 
3549: 3543 3550 
3550: 3549 3551 
3551: 3550 3552 
3552: 3551 3554 
3553: 878 996 4607 4736 
3554: 3552 3555 
3555: 3554 3557 
3556: 3925 4168 4780 
3557: 3555 3559 
3558: 209 1377 1648 2555 
3559: 3557 3562 
3560: 394 4770 
3561: 981 2262 
3562: 3559 3566 
3563: 1537 3443 4192 
3564: 979 4674 
3565: 483 1340 3093 4717 
3566: 3562 3567 
3567: 3566 3573 
3568: 2811 3547 4448 
3569: 1319 2588 3785 4136 4535 
3570: 56 1242 
3571: 955 2847 3572 3748 
3572: 476 2779 3571 
3573: 3567 3574 
3574: 3573 3577 
3575: 196 2331 3952 4157 
3576: 2104 3392 
3577: 3574 3579 
3578: 743 1937 2039 
3579: 3577 3581 
3580: 1089 1258 1567 
3581: 3579 3582 
3582: 3581 3583 
3583: 3582 3584 
3584: 3583 3585 
3585: 3584 3591 
3586: 2588 4875 
3587: 139 2370 
3588: 315 624 963 3816 4395 
3589: 3134 3531 
3590: 113 715 770 3269 
3591: 3585 3593 
3592: 605 4081 4284 
3593: 3591 3596 
3594: 485 1500 2401 2959 
3595: 4786 4864 
3596: 3593 3598 
3597: 2939 4316 4346 
3598: 3596 3599 
3599: 3598 3602 
3600: 3171 3677 4452 
3601: 880 1515 3544 4322 4779 
3602: 3599 3603 
3603: 3602 3604 
3604: 3603 3605 
3605: 3604 3610 
3606: 781 1043 3163 3851 3946 
3607: 289 1563 2709 
3608: 3154 4418 4520 
3609: 645 1499 2412 
3610: 3605 3612 
3611: 3647 3653 
3612: 3610 3613 
3613: 3612 3614 
3614: 3613 3615 
3615: 3614 3616 
3616: 3615 3617 
3617: 3616 3618 
3618: 3617 3619 
3619: 3618 3624 
3620: 1853 2768 
3621: 1791 2045 2568 3695 
3622: 3679 4978 
3623: 372 769 1848 3876 
3624: 3619 3625 
3625: 3624 3630 
3626: 1671 2489 3738 
3627: 309 558 2588 3174 
3628: 334 3821 
3629: 797 1116 2576 
3630: 3625 3633 
3631: 1715 2198 3049 4581 4958 
3632: 148 898 4085 
3633: 3630 3634 
3634: 3633 3636 
3635: 4008 4427 
3636: 3634 3639 
3637: 29 269 2019 
3638: 2768 2800 2992 
3639: 3636 3641 
3640: 1534 3161 3916 4971 
3641: 3639 3642 
3642: 3641 3643 
3643: 3642 3645 
3644: 1617 4381 
3645: 3643 3649 
3646: 1150 1678 2988 
3647: 1611 3611 4507 
3648: 814 1391 3099 4289 4507 
3649: 3645 3651 
3650: 407 1651 2116 4404 4980 
3651: 3649 3652 
3652: 3651 3654 
3653: 865 3611 
3654: 3652 3658 
3655: 263 862 1286 4680 
3656: 962 1282 
3657: 197 514 
3658: 3654 3659 
3659: 3658 3660 
3660: 3659 3663 
3661: 313 1342 2058 2218 3058 
3662: 1869 2678 4745 
3663: 3660 3664 
3664: 3663 3665 
3665: 3664 3666 
3666: 3665 3670 
3667: 3707 4021 
3668: 4079 4923 
3669: 93 4624 
3670: 3666 3671 
3671: 3670 3674 
3672: 392 1316 4939 
3673: 121 153 885 2734 3330 
3674: 3671 3678 
3675: 253 4947 
3676: 41 634 4781 
3677: 2676 2853 3131 3600 
3678: 3674 3680 
3679: 1933 3622 
3680: 3678 3681 
3681: 3680 3682 
3682: 3681 3685 
3683: 2552 2993 3233 
3684: 609 1611 2903 3812 
3685: 3682 3686 
3686: 3685 3687 
3687: 3686 3688 
3688: 3687 3689 
3689: 3688 3692 
3690: 1745 2770 
3691: 46 2177 2647 
3692: 3689 3693 
3693: 3692 3694 
3694: 3693 3696 
3695: 1534 3621 3837 
3696: 3694 3697 
3697: 3696 3699 
3698: 708 2672 4512 
3699: 3697 3701 
3700: 1050 2718 4346 
3701: 3699 3705 
3702: 1761 3848 
3703: 198 4184 
3704: 2298 4619 
3705: 3701 3708 
3706: 3075 4130 
3707: 1339 3667 
3708: 3335 3705 3711 
3709: 18 3015 
3710: 339 1582 3433 3754 
3711: 3708 3712 
3712: 3711 3713 
3713: 3712 3715 
3714: 2835 3001 
3715: 3713 3718 
3716: 749 1488 3941 
3717: 1019 2041 
3718: 3715 3719 
3719: 3718 3720 
3720: 3719 3723 
3721: 1103 3929 4643 
3722: 1402 4022 
3723: 3720 3724 
3724: 3723 3725 
3725: 3724 3729 
3726: 2466 3917 
3727: 4669 4790 
3728: 1099 1603 2494 2657 
3729: 3725 3731 
3730: 1801 1936 3811 4005 
3731: 3729 3732 
3732: 3731 3733 
3733: 3732 3735 
3734: 2100 3292 4950 
3735: 3733 3736 
3736: 3735 3737 
3737: 3736 3739 
3738: 1018 2211 3626 
3739: 3737 3740 
3740: 3739 3741 
3741: 3740 3742 
3742: 3741 3743 
3743: 3742 3744 
3744: 3743 3745 
3745: 3744 3746 
3746: 3745 3749 
3747: 1322 1805 2874 4394 
3748: 592 3571 4766 
3749: 3746 3753 
3750: 2919 4133 4876 
3751: 3445 4823 
3752: 114 790 3510 
3753: 3749 3755 
3754: 674 3710 4198 
3755: 3753 3756 
3756: 3755 3757 
3757: 3756 3758 
3758: 3757 3765 
3759: 675 1025 1192 4098 4650 
3760: 2903 4696 4927 
3761: 199 573 
3762: 1051 1516 2189 4825 4914 
3763: 344 452 
3764: 2634 3218 
3765: 3758 3766 
3766: 3765 3767 
3767: 3766 3768 
3768: 3767 3769 
3769: 3768 3771 
3770: 1698 2311 4938 
3771: 3769 3772 
3772: 3771 3773 
3773: 3772 3774 
3774: 3773 3776 
3775: 1060 3851 4489 
3776: 3774 3782 
3777: 618 951 2590 4413 4616 
3778: 574 4490 
3779: 1632 2809 3230 3300 
3780: 1695 2461 4809 
3781: 2457 4763 
3782: 3776 3783 
3783: 3782 3784 
3784: 3783 3786 
3785: 2057 3218 3569 3839 
3786: 3784 3790 
3787: 1638 2122 2173 
3788: 937 2759 3874 
3789: 1906 2279 2835 
3790: 3786 3792 
3791: 707 841 4131 
3792: 3790 3794 
3793: 823 1615 2578 2617 3209 
3794: 3792 3795 
3795: 3794 3797 
3796: 2113 3017 
3797: 3795 3798 
3798: 3797 3799 
3799: 3798 3800 
3800: 3799 3802 
3801: 417 1000 1017 
3802: 3800 3803 
3803: 3802 3804 
3804: 3803 3805 
3805: 3804 3810 
3806: 158 375 1841 3942 
3807: 1484 2320 2543 3958 
3808: 3870 4324 
3809: 105 198 4388 4477 
3810: 3805 3813 
3811: 3730 4056 
3812: 330 709 3262 3684 
3813: 3810 3817 
3814: 1719 3419 3861 
3815: 738 1115 2258 2504 
3816: 823 3588 
3817: 3813 3818 
3818: 3817 3824 
3819: 1969 3438 3548 4816 
3820: 411 2346 3088 3387 
3821: 2401 3628 
3822: 224 1176 4509 
3823: 1082 1944 2198 3940 
3824: 3818 3825 
3825: 3824 3827 
3826: 802 2234 2709 
3827: 3825 3829 
3828: 2354 2914 
3829: 3827 3830 
3830: 3829 3832 
3831: 46 2011 3163 
3832: 3830 3835 
3833: 487 781 3321 
3834: 366 2439 3175 
3835: 3832 3841 
3836: 1218 2036 4763 
3837: 2009 3695 4686 
3838: 634 1247 3456 4157 4220 
3839: 3785 4537 4650 
3840: 2258 2296 3533 
3841: 3835 3843 
3842: 3160 3320 
3843: 3841 3846 
3844: 465 1224 1369 3449 4062 
3845: 356 786 1488 2151 4030 
3846: 3843 3847 
3847: 3846 3849 
3848: 654 2173 3702 
3849: 3847 3854 
3850: 504 4893 
3851: 862 3606 3775 
3852: 180 482 2160 
3853: 695 1194 4900 
3854: 3849 3856 
3855: 668 1025 2917 
3856: 3854 3858 
3857: 1728 1816 
3858: 3856 3863 
3859: 2487 4729 4869 
3860: 1242 1441 2467 4698 4794 
3861: 3814 4009 
3862: 22 2618 2626 4573 
3863: 3858 3864 
3864: 3863 3865 
3865: 3864 3866 
3866: 3865 3868 
3867: 650 1797 
3868: 3866 3875 
3869: 1415 2997 3002 
3870: 440 654 3017 3808 
3871: 2109 3978 4062 
3872: 722 2210 2374 2966 
3873: 882 3901 4053 
3874: 1114 1869 2568 3788 
3875: 3868 3877 
3876: 2236 2584 3623 
3877: 3875 3878 
3878: 3877 3883 
3879: 1659 2121 2257 
3880: 328 1804 4155 4188 
3881: 1515 3949 
3882: 2639 2706 4138 
3883: 3878 3884 
3884: 3883 3886 
3885: 1317 1782 
3886: 3884 3887 
3887: 3886 3888 
3888: 3887 3889 
3889: 3888 3890 
3890: 3889 3891 
3891: 3890 3894 
3892: 125 2551 4560 
3893: 267 1272 1416 2755 3066 
3894: 3891 3895 
3895: 3894 3897 
3896: 948 2211 4693 4862 
3897: 3895 3900 
3898: 1346 2180 2459 
3899: 948 1369 1404 
3900: 3897 3903 
3901: 1525 3221 3873 
3902: 2396 3162 3548 
3903: 3900 3905 
3904: 2370 3423 4378 
3905: 3903 3908 
3906: 535 2636 3377 3930 
3907: 123 4200 
3908: 3905 3909 
3909: 3908 3913 
3910: 354 2178 4002 4253 
3911: 497 1825 3449 4648 
3912: 1020 3454 4026 4741 
3913: 3909 3914 
3914: 3913 3915 
3915: 3914 3918 
3916: 1514 1969 2787 3640 
3917: 813 3283 3726 
3918: 3915 3919 
3919: 3918 3921 
3920: 1414 4439 
3921: 3919 3924 
3922: 476 3036 
3923: 3169 4285 
3924: 3921 3926 
3925: 465 3161 3556 
3926: 3924 3928 
3927: 664 1234 1597 3266 4437 
3928: 3926 3931 
3929: 2175 2753 3721 
3930: 1238 3241 3547 3906 4858 
3931: 3928 3932 
3932: 3931 3933 
3933: 3932 3936 
3934: 153 2077 4659 
3935: 680 1635 2124 2359 
3936: 3933 3938 
3937: 3210 4407 
3938: 3936 3939 
3939: 3938 3945 
3940: 2887 3823 
3941: 734 2795 3716 
3942: 3511 3548 3806 
3943: 1234 1285 
3944: 91 93 1558 3335 4309 
3945: 3939 3947 
3946: 3606 4135 
3947: 3945 3951 
3948: 971 1867 4512 
3949: 3256 3881 
3950: 377 873 2245 
3951: 3947 3956 
3952: 615 1967 3575 4040 
3953: 354 2005 2642 
3954: 1437 2011 4005 4520 4967 
3955: 2701 2983 3968 
3956: 3951 3959 
3957: 1205 3479 3504 4340 4964 
3958: 3040 3807 
3959: 3956 3962 
3960: 2413 2844 2847 
3961: 1779 2191 4228 
3962: 3959 3963 
3963: 3962 3964 
3964: 3963 3965 
3965: 3964 3966 
3966: 3965 3967 
3967: 3966 3969 
3968: 616 1234 2779 3955 
3969: 3967 3970 
3970: 3969 3971 
3971: 3970 3973 
3972: 2206 4484 4809 
3973: 3971 3974 
3974: 192 3973 3977 
3975: 1116 1595 1651 2436 3036 
3976: 2221 2627 4868 
3977: 3974 3979 
3978: 1007 2150 3871 4415 4609 
3979: 3977 3980 
3980: 3979 3983 
3981: 115 512 2053 
3982: 854 2722 3362 
3983: 3980 3984 
3984: 3983 3985 
3985: 3984 3987 
3986: 357 1647 4184 
3987: 3985 3988 
3988: 3987 3989 
3989: 3988 3990 
3990: 3989 3991 
3991: 3990 3992 
3992: 3991 3993 
3993: 3992 3994 
3994: 3993 3995 
3995: 3994 3996 
3996: 3995 3998 
3997: 204 4132 4958 
3998: 3996 4003 
3999: 73 840 1830 2026 4772 
4000: 401 825 1730 3061 
4001: 417 1107 4827 
4002: 367 3152 3544 3910 4192 
4003: 3998 4010 
4004: 180 2972 4576 
4005: 475 1121 2589 3730 3954 
4006: 319 1987 3491 
4007: 249 3093 3226 
4008: 1172 2659 3171 3635 
4009: 863 2341 3861 
4010: 4003 4015 
4011: 705 907 1840 3020 
4012: 2920 3023 4386 4531 
4013: 1492 2474 3408 
4014: 1955 4555 
4015: 4010 4016 
4016: 4015 4017 
4017: 4016 4018 
4018: 4017 4023 
4019: 1398 2864 4601 
4020: 1060 4418 
4021: 1256 1546 3667 
4022: 1504 2972 3174 3722 4938 
4023: 4018 4025 
4024: 593 3337 
4025: 4023 4028 
4026: 209 3307 3912 
4027: 73 233 425 1815 
4028: 4025 4029 
4029: 4028 4032 
4030: 2007 2639 2761 3845 
4031: 1945 4216 4425 
4032: 4029 4033 
4033: 4032 4037 
4034: 1556 2773 4165 4339 
4035: 619 1840 4468 
4036: 2919 3292 
4037: 4033 4038 
4038: 4037 4041 
4039: 285 4340 4454 
4040: 937 3952 4149 4165 4555 
4041: 4038 4043 
4042: 669 769 951 3541 
4043: 4041 4044 
4044: 4043 4046 
4045: 1027 4149 
4046: 4044 4047 
4047: 4046 4049 
4048: 2741 2863 2990 
4049: 4047 4050 
4050: 4049 4051 
4051: 4050 4052 
4052: 4051 4054 
4053: 1027 3129 3873 
4054: 4052 4057 
4055: 383 438 695 761 3391 
4056: 3811 4178 
4057: 4054 4058 
4058: 4057 4060 
4059: 2239 4113 4920 
4060: 4058 4063 
4061: 598 1720 2123 4460 
4062: 1414 1454 2807 3844 3871 
4063: 4060 4064 
4064: 4063 4065 
4065: 4064 4066 
4066: 4065 4068 
4067: 1620 2530 
4068: 4066 4069 
4069: 4068 4070 
4070: 4069 4071 
4071: 4070 4073 
4072: 2618 4835 4847 
4073: 4071 4077 
4074: 4413 4795 
4075: 1186 2204 
4076: 296 3179 
4077: 4073 4078 
4078: 4077 4083 
4079: 881 3668 4747 
4080: 169 2395 3481 4779 
4081: 1944 3404 3592 
4082: 930 1231 2622 3218 
4083: 4078 4084 
4084: 4083 4087 
4085: 172 1417 3632 
4086: 167 377 1414 2255 
4087: 4084 4090 
4088: 658 1404 2186 
4089: 660 2013 2465 2887 
4090: 4087 4092 
4091: 21 214 2296 
4092: 4090 4093 
4093: 4092 4094 
4094: 4093 4095 
4095: 4094 4096 
4096: 4095 4099 
4097: 783 2511 
4098: 226 708 2908 3267 3759 
4099: 4096 4100 
4100: 4099 4101 
4101: 4100 4103 
4102: 943 1700 4669 
4103: 4101 4104 
4104: 4103 4105 
4105: 4104 4106 
4106: 4105 4107 
4107: 4106 4108 
4108: 4107 4110 
4109: 3507 4189 
4110: 4108 4111 
4111: 4110 4116 
4112: 218 1519 2361 
4113: 2589 4059 
4114: 223 274 2778 3403 
4115: 185 1273 4197 
4116: 4111 4117 
4117: 4116 4121 
4118: 1282 1551 
4119: 660 2020 2273 4381 
4120: 95 1445 2746 
4121: 4117 4122 
4122: 4121 4124 
4123: 1581 1602 1753 2813 3152 
4124: 4122 4126 
4125: 623 1707 4827 
4126: 4124 4129 
4127: 967 1200 1525 1810 4707 
4128: 93 2282 4302 4658 
4129: 4126 4139 
4130: 127 3706 4600 
4131: 193 1170 1388 3791 
4132: 174 3412 3997 
4133: 1478 2959 3750 
4134: 256 1278 2795 
4135: 2629 3946 
4136: 440 1294 3569 
4137: 3084 4738 4757 4901 
4138: 3882 4971 
4139: 4129 4140 
4140: 4139 4142 
4141: 3169 3277 
4142: 4140 4144 
4143: 894 910 2251 2886 
4144: 4142 4145 
4145: 4144 4147 
4146: 780 3288 
4147: 4145 4148 
4148: 4147 4151 
4149: 1932 4040 4045 
4150: 1682 2970 4799 
4151: 4148 4152 
4152: 2811 4151 4158 
4153: 1324 2626 3008 
4154: 6 524 4780 
4155: 1579 3880 4396 4930 
4156: 521 543 1172 
4157: 456 3575 3838 4284 
4158: 4152 4159 
4159: 4158 4160 
4160: 4159 4161 
4161: 4160 4171 
4162: 1171 3167 
4163: 2219 3465 4721 
4164: 878 2921 
4165: 213 4034 4040 
4166: 1457 4861 
4167: 1256 1846 
4168: 3269 3556 4613 
4169: 1031 4786 
4170: 2742 3119 4610 
4171: 4161 4172 
4172: 4171 4173 
4173: 4172 4174 
4174: 4173 4176 
4175: 1231 1398 2238 
4176: 4174 4177 
4177: 4176 4179 
4178: 1637 2153 4056 
4179: 4177 4180 
4180: 4179 4181 
4181: 4180 4183 
4182: 220 2150 
4183: 4181 4187 
4184: 574 3703 3986 4732 
4185: 1117 2089 4289 
4186: 774 2188 4656 
4187: 4183 4191 
4188: 2904 3880 
4189: 1866 4109 
4190: 1028 1628 
4191: 4187 4194 
4192: 2035 3190 3563 4002 
4193: 1392 2993 3474 4228 4923 
4194: 4191 4202 
4195: 639 817 2474 3288 
4196: 274 4794 
4197: 556 773 4115 
4198: 1638 3754 
4199: 448 1044 
4200: 2544 3907 
4201: 235 1346 2257 3310 
4202: 4194 4203 
4203: 4202 4205 
4204: 1280 2010 2689 3219 
4205: 4203 4206 
4206: 4205 4207 
4207: 4206 4208 
4208: 4207 4209 
4209: 4208 4210 
4210: 4209 4213 
4211: 798 1783 2520 3024 
4212: 115 326 400 3435 4841 
4213: 4210 4217 
4214: 793 3132 4509 
4215: 3379 4816 
4216: 1565 2840 3195 4031 
4217: 4213 4218 
4218: 805 4217 4219 
4219: 4218 4222 
4220: 1263 3838 4638 4847 
4221: 1541 2323 4619 
4222: 4219 4223 
4223: 4222 4225 
4224: 1385 2846 
4225: 4223 4226 
4226: 4225 4227 
4227: 4226 4229 
4228: 3230 3961 4193 
4229: 4227 4230 
4230: 4229 4231 
4231: 4230 4234 
4232: 1030 2937 
4233: 1254 2750 
4234: 4231 4235 
4235: 4234 4236 
4236: 4235 4237 
4237: 4236 4238 
4238: 4237 4239 
4239: 4238 4241 
4240: 1964 2736 3518 4423 
4241: 4239 4243 
4242: 669 1429 2834 
4243: 4241 4244 
4244: 4243 4245 
4245: 4244 4247 
4246: 265 2505 4326 4779 
4247: 4245 4248 
4248: 4247 4249 
4249: 4248 4254 
4250: 969 2950 
4251: 1833 1937 
4252: 252 2044 3027 
4253: 211 1350 3910 4805 
4254: 1495 4249 4255 
4255: 4254 4256 
4256: 4255 4257 
4257: 4256 4259 
4258: 1707 2448 4821 
4259: 4257 4261 
4260: 230 2914 3258 
4261: 4259 4262 
4262: 4261 4265 
4263: 77 87 1604 
4264: 2251 4847 
4265: 4262 4266 
4266: 4265 4267 
4267: 4266 4268 
4268: 4267 4269 
4269: 4268 4270 
4270: 4269 4271 
4271: 4270 4275 
4272: 2657 4846 
4273: 230 1506 1558 2337 
4274: 746 1106 1454 1563 4302 
4275: 4271 4280 
4276: 102 1048 2026 4309 
4277: 593 2022 4534 
4278: 641 2007 
4279: 1501 2101 2752 
4280: 4275 4281 
4281: 4280 4283 
4282: 31 3099 
4283: 4281 4286 
4284: 521 774 1536 3592 4157 
4285: 2642 3923 
4286: 4283 4290 
4287: 393 3242 
4288: 19 35 806 
4289: 616 746 1796 3648 4185 
4290: 4286 4291 
4291: 4290 4292 
4292: 4291 4293 
4293: 4292 4296 
4294: 1712 2954 
4295: 1225 2057 2150 2226 2815 
4296: 4293 4297 
4297: 4296 4299 
4298: 641 665 846 1047 3065 
4299: 4297 4306 
4300: 252 495 
4301: 795 2216 
4302: 4128 4274 4669 
4303: 2388 4779 
4304: 1029 2044 4537 
4305: 363 1423 
4306: 4299 4307 
4307: 4306 4308 
4308: 4307 4312 
4309: 357 2977 3195 3944 4276 
4310: 384 1129 4573 
4311: 651 988 
4312: 4308 4313 
4313: 4312 4315 
4314: 107 757 
4315: 4313 4317 
4316: 1185 2046 2678 3597 
4317: 4315 4318 
4318: 4317 4321 
4319: 594 1445 1959 4928 
4320: 419 601 
4321: 4318 4323 
4322: 1820 2639 3601 
4323: 4321 4325 
4324: 147 1172 3002 3808 
4325: 4323 4327 
4326: 3325 4246 
4327: 4325 4329 
4328: 2734 3534 
4329: 4327 4332 
4330: 3286 3395 4450 
4331: 1029 2463 2910 
4332: 4329 4333 
4333: 4332 4334 
4334: 4333 4335 
4335: 4334 4336 
4336: 4335 4337 
4337: 4336 4338 
4338: 4337 4341 
4339: 3496 4034 
4340: 2156 3473 3957 4039 
4341: 4338 4342 
4342: 4341 4343 
4343: 4342 4345 
4344: 2053 2689 4878 
4345: 4343 4347 
4346: 543 2765 3597 3700 
4347: 4345 4348 
4348: 4347 4350 
4349: 3423 4388 
4350: 4348 4351 
4351: 4350 4352 
4352: 4351 4353 
4353: 4352 4356 
4354: 854 960 
4355: 810 821 4748 
4356: 4353 4357 
4357: 4356 4360 
4358: 1713 2629 
4359: 159 1317 1353 1666 2686 
4360: 4357 4361 
4361: 4360 4362 
4362: 4361 4363 
4363: 4362 4364 
4364: 249 4363 4366 
4365: 2030 2160 
4366: 3387 4364 4367 
4367: 4366 4369 
4368: 488 1590 2500 3218 
4369: 4367 4370 
4370: 4369 4374 
4371: 1432 1470 2344 2765 
4372: 230 1082 4574 
4373: 426 1586 2642 
4374: 184 4370 4375 
4375: 4374 4376 
4376: 4375 4379 
4377: 836 1917 2206 2436 2928 
4378: 411 3904 
4379: 4376 4380 
4380: 4379 4382 
4381: 158 3052 3644 4119 
4382: 4380 4383 
4383: 4382 4384 
4384: 4383 4387 
4385: 1041 3131 
4386: 1386 4012 
4387: 4384 4389 
4388: 1044 2299 3809 4349 
4389: 4387 4392 
4390: 1245 4831 
4391: 492 4694 
4392: 4389 4393 
4393: 4392 4398 
4394: 374 2218 3747 
4395: 60 1557 1947 3588 
4396: 1484 4155 4951 
4397: 963 1198 1408 2010 
4398: 4393 4399 
4399: 4398 4400 
4400: 4399 4402 
4401: 155 429 1557 1730 
4402: 4400 4403 
4403: 4402 4406 
4404: 56 1268 3448 3650 
4405: 549 855 2651 
4406: 4403 4410 
4407: 1470 1862 2443 3937 
4408: 1386 1470 1817 2080 3422 
4409: 616 1518 4543 4674 
4410: 4406 4411 
4411: 4410 4412 
4412: 4411 4414 
4413: 1308 3777 4074 
4414: 4412 4417 
4415: 217 3978 4913 
4416: 619 1652 
4417: 4414 4419 
4418: 1793 3608 4020 
4419: 4417 4421 
4420: 967 2258 2309 4623 4922 
4421: 4419 4422 
4422: 4421 4426 
4423: 1615 1723 4240 
4424: 1086 4994 
4425: 828 3175 4031 
4426: 4422 4430 
4427: 1780 3370 3635 
4428: 2604 2787 3118 3141 
4429: 900 2284 2564 
4430: 4426 4431 
4431: 4430 4432 
4432: 4431 4433 
4433: 4432 4435 
4434: 524 2189 3307 3355 
4435: 4433 4436 
4436: 4435 4438 
4437: 665 1814 1949 2626 3927 
4438: 4436 4440 
4439: 2106 3920 
4440: 4438 4441 
4441: 4440 4442 
4442: 4441 4443 
4443: 4442 4444 
4444: 4443 4445 
4445: 4444 4446 
4446: 4445 4449 
4447: 1650 3157 
4448: 2441 3568 
4449: 4446 4451 
4450: 1605 2559 4330 
4451: 4449 4455 
4452: 855 1440 3429 3600 4518 
4453: 2044 2840 
4454: 222 4039 
4455: 4451 4456 
4456: 4455 4458 
4457: 2199 2970 
4458: 4456 4459 
4459: 4458 4461 
4460: 2682 3264 4061 
4461: 4459 4463 
4462: 192 1536 1537 
4463: 4461 4464 
4464: 4463 4465 
4465: 4464 4466 
4466: 4465 4469 
4467: 1520 4762 
4468: 1617 4035 4781 
4469: 4466 4470 
4470: 4469 4471 
4471: 4470 4474 
4472: 2337 2920 
4473: 1240 2641 4805 
4474: 4471 4475 
4475: 4474 4478 
4476: 315 338 2475 2692 2899 
4477: 1377 1492 2837 3809 
4478: 4475 4479 
4479: 4478 4480 
4480: 4479 4482 
4481: 3022 4515 4758 
4482: 4480 4483 
4483: 4482 4485 
4484: 1417 2122 3972 
4485: 4483 4486 
4486: 4485 4487 
4487: 4486 4488 
4488: 4487 4491 
4489: 1027 1426 3775 4827 
4490: 175 774 3778 
4491: 4488 4493 
4492: 870 993 2054 2926 
4493: 4491 4494 
4494: 4493 4495 
4495: 4494 4496 
4496: 4495 4497 
4497: 4496 4499 
4498: 320 3384 
4499: 4497 4500 
4500: 4499 4502 
4501: 367 862 
4502: 4500 4503 
4503: 4502 4505 
4504: 188 2384 
4505: 4503 4506 
4506: 4505 4508 
4507: 1338 2682 3309 3647 3648 
4508: 4506 4510 
4509: 1308 1969 3220 3822 4214 
4510: 4508 4511 
4511: 4510 4513 
4512: 334 1790 3698 3948 
4513: 4511 4514 
4514: 4513 4516 
4515: 881 2572 4481 
4516: 4514 4519 
4517: 559 1433 3410 4989 
4518: 1655 3500 4452 4831 
4519: 4516 4521 
4520: 155 1975 3608 3954 4808 
4521: 4519 4522 
4522: 4521 4523 
4523: 4522 4524 
4524: 4523 4525 
4525: 4524 4527 
4526: 401 1815 3514 
4527: 4525 4528 
4528: 4527 4530 
4529: 897 1734 2812 
4530: 4528 4536 
4531: 118 787 3382 4012 4718 
4532: 808 1477 
4533: 316 2002 3229 
4534: 1237 2222 2674 4277 
4535: 1172 3569 
4536: 4530 4538 
4537: 3839 4304 4982 
4538: 4536 4539 
4539: 4538 4540 
4540: 4539 4541 
4541: 4540 4547 
4542: 3336 3443 
4543: 118 2714 3362 3447 4409 
4544: 2087 2153 4550 
4545: 1003 4748 
4546: 203 1744 1861 
4547: 4541 4549 
4548: 483 3240 3439 
4549: 4547 4552 
4550: 74 4544 4809 
4551: 1944 1974 2244 
4552: 4549 4553 
4553: 4552 4556 
4554: 814 2760 
4555: 4014 4040 
4556: 4553 4557 
4557: 4556 4558 
4558: 4557 4561 
4559: 901 1974 3019 
4560: 2614 3049 3892 
4561: 4558 4562 
4562: 4561 4563 
4563: 4562 4565 
4564: 558 3512 4568 
4565: 4563 4567 
4566: 665 872 
4567: 4565 4569 
4568: 2761 3001 4564 
4569: 4567 4570 
4570: 4569 4572 
4571: 2679 2939 4640 
4572: 4570 4579 
4573: 3129 3862 4310 
4574: 1238 1850 2277 3071 4372 
4575: 771 3340 4946 
4576: 3219 4004 
4577: 556 1289 2825 
4578: 837 1851 1955 2395 
4579: 4572 4582 
4580: 377 2446 4876 
4581: 1153 2218 3537 3631 4930 
4582: 4579 4583 
4583: 4582 4584 
4584: 4583 4586 
4585: 487 1312 2282 2438 3121 
4586: 4584 4589 
4587: 555 833 2543 
4588: 794 974 1496 
4589: 4586 4590 
4590: 4589 4591 
4591: 2180 4590 4593 
4592: 210 644 738 1846 2908 
4593: 4591 4594 
4594: 4593 4597 
4595: 101 2087 
4596: 45 160 2463 
4597: 4594 4598 
4598: 4597 4599 
4599: 4598 4602 
4600: 1168 2576 4130 
4601: 211 390 3394 4019 
4602: 4599 4603 
4603: 4602 4605 
4604: 822 2475 
4605: 4603 4606 
4606: 4605 4612 
4607: 199 602 3553 4780 
4608: 1308 1836 2803 3480 
4609: 2382 3978 
4610: 334 679 4170 
4611: 1275 2163 2443 2772 
4612: 4606 4615 
4613: 2567 4168 4905 4933 
4614: 243 1326 4821 
4615: 4612 4618 
4616: 1319 2652 2759 3777 
4617: 1906 2107 
4618: 4615 4622 
4619: 1597 2267 3704 4221 4979 
4620: 284 1703 
4621: 968 1502 
4622: 4618 4625 
4623: 939 1350 4420 4973 
4624: 1969 3354 3669 
4625: 4622 4626 
4626: 4625 4627 
4627: 4626 4629 
4628: 594 1008 1348 
4629: 4627 4630 
4630: 4629 4631 
4631: 4630 4632 
4632: 4631 4633 
4633: 4632 4634 
4634: 4633 4635 
4635: 4634 4636 
4636: 4635 4637 
4637: 4636 4642 
4638: 636 761 2280 3524 4220 
4639: 28 386 3018 3230 3392 
4640: 484 4571 4717 
4641: 849 919 1407 3340 
4642: 4637 4644 
4643: 235 945 2854 3143 3721 
4644: 4642 4645 
4645: 4644 4646 
4646: 4645 4647 
4647: 4646 4649 
4648: 1681 3911 4662 
4649: 4647 4652 
4650: 2544 3435 3511 3759 3839 
4651: 56 1379 2256 3004 
4652: 4649 4654 
4653: 1547 3062 
4654: 4652 4657 
4655: 185 472 919 
4656: 580 2286 2659 4186 
4657: 4654 4660 
4658: 81 2299 2446 4128 
4659: 1964 3934 4873 
4660: 4657 4663 
4661: 1097 1476 4852 
4662: 2544 4648 
4663: 4660 4664 
4664: 4663 4665 
4665: 4664 4670 
4666: 663 2175 2669 
4667: 2438 2820 
4668: 1144 1194 1828 4732 
4669: 1324 1814 3727 4102 4302 
4670: 4665 4671 
4671: 4670 4672 
4672: 4671 4675 
4673: 360 3456 
4674: 819 3564 4409 
4675: 4672 4676 
4676: 4675 4677 
4677: 4676 4678 
4678: 4677 4679 
4679: 4678 4681 
4680: 1305 3655 
4681: 4679 4682 
4682: 4681 4684 
4683: 149 1205 2601 3014 3168 
4684: 4682 4685 
4685: 4684 4688 
4686: 1520 1626 3837 
4687: 390 1613 1754 
4688: 4685 4689 
4689: 4688 4690 
4690: 4689 4691 
4691: 4690 4695 
4692: 1325 3167 3486 
4693: 906 3896 
4694: 1813 4391 
4695: 4691 4701 
4696: 336 3760 
4697: 1786 1893 3258 
4698: 238 280 2533 3860 
4699: 836 2517 
4700: 293 966 1500 3194 
4701: 1426 4695 4703 
4702: 1546 3510 
4703: 4701 4704 
4704: 4703 4705 
4705: 4704 4706 
4706: 4705 4708 
4707: 77 223 830 4127 
4708: 4706 4709 
4709: 4708 4710 
4710: 4709 4714 
4711: 23 2478 2834 3124 
4712: 513 573 1325 
4713: 939 2608 4865 
4714: 4710 4715 
4715: 4714 4719 
4716: 1103 3049 
4717: 3565 4640 4820 
4718: 515 4531 
4719: 4715 4720 
4720: 4719 4722 
4721: 1156 3344 4163 
4722: 4720 4723 
4723: 4722 4724 
4724: 4723 4726 
4725: 833 904 1441 3439 
4726: 4724 4728 
4727: 167 419 2155 2608 
4728: 4726 4731 
4729: 1810 3859 
4730: 1834 2114 
4731: 4728 4734 
4732: 4184 4668 4935 
4733: 381 1989 1996 4942 
4734: 4731 4735 
4735: 4734 4737 
4736: 3553 4863 
4737: 4735 4739 
4738: 181 257 816 3163 4137 
4739: 4737 4740 
4740: 4739 4742 
4741: 1511 1648 1822 3912 
4742: 4740 4743 
4743: 4742 4744 
4744: 4743 4746 
4745: 3662 4760 
4746: 2326 4744 4749 
4747: 285 680 1567 2210 4079 
4748: 365 2950 3068 4355 4545 
4749: 4746 4753 
4750: 147 1344 2348 4989 
4751: 346 631 1850 3271 
4752: 652 3210 3244 
4753: 363 4749 4754 
4754: 4753 4755 
4755: 4754 4756 
4756: 4755 4759 
4757: 3500 4137 
4758: 1638 2668 4481 
4759: 4756 4765 
4760: 2740 3519 4745 
4761: 203 1124 
4762: 716 4467 
4763: 230 1632 3781 3836 4875 
4764: 1151 2511 2925 
4765: 4759 4767 
4766: 2320 2454 3192 3748 
4767: 4765 4768 
4768: 4767 4769 
4769: 4768 4771 
4770: 1669 3560 
4771: 4769 4774 
4772: 880 2070 3999 
4773: 438 1645 2809 
4774: 4771 4775 
4775: 4774 4776 
4776: 4775 4777 
4777: 4776 4778 
4778: 4777 4782 
4779: 3601 4080 4246 4303 
4780: 2037 2210 3556 4154 4607 
4781: 3437 3676 4468 
4782: 4778 4783 
4783: 4782 4784 
4784: 4783 4785 
4785: 4784 4787 
4786: 666 3595 4169 
4787: 4785 4788 
4788: 4787 4789 
4789: 4788 4791 
4790: 129 394 3727 
4791: 4789 4793 
4792: 1252 1521 
4793: 4791 4796 
4794: 672 2417 3860 4196 
4795: 748 1694 4074 
4796: 4793 4797 
4797: 4796 4800 
4798: 404 768 962 1514 3412 
4799: 2435 4150 4868 
4800: 4797 4803 
4801: 624 734 2398 3341 
4802: 907 2183 2812 2930 3049 
4803: 4800 4804 
4804: 4803 4807 
4805: 1432 2864 3136 4253 4473 
4806: 12 2530 3372 
4807: 4804 4810 
4808: 3076 4520 
4809: 185 3780 3972 4550 
4810: 4807 4811 
4811: 4810 4812 
4812: 4811 4813 
4813: 4812 4815 
4814: 1496 3174 
4815: 4813 4818 
4816: 3195 3819 4215 
4817: 714 1171 
4818: 1005 4815 4819 
4819: 4818 4822 
4820: 16 2183 4717 
4821: 1313 1395 2236 4258 4614 
4822: 4819 4824 
4823: 1944 2461 3751 
4824: 111 4822 4826 
4825: 919 2039 3111 3762 
4826: 4824 4828 
4827: 1511 4001 4125 4489 
4828: 4826 4830 
4829: 1782 2009 2976 
4830: 4828 4832 
4831: 1569 2441 4390 4518 
4832: 4830 4833 
4833: 4832 4834 
4834: 4833 4836 
4835: 997 2584 4072 
4836: 4834 4837 
4837: 4836 4838 
4838: 4837 4840 
4839: 714 1602 1910 2168 2659 
4840: 4838 4843 
4841: 634 1866 3237 4212 
4842: 111 2929 3445 4869 
4843: 4840 4844 
4844: 4843 4845 
4845: 4844 4849 
4846: 2044 3414 4272 
4847: 425 4072 4220 4264 
4848: 937 2555 
4849: 4845 4851 
4850: 1944 3151 
4851: 4849 4853 
4852: 227 369 2119 2734 4661 
4853: 4851 4854 
4854: 4853 4855 
4855: 4854 4856 
4856: 4855 4857 
4857: 4856 4860 
4858: 1084 1114 3930 
4859: 74 2100 2151 3372 
4860: 4857 4866 
4861: 290 1892 4166 
4862: 2417 3336 3896 
4863: 393 4736 
4864: 1284 1553 3595 
4865: 1916 2541 4713 
4866: 4860 4867 
4867: 27 4866 4870 
4868: 427 2772 3976 4799 
4869: 892 3349 3859 4842 
4870: 4867 4871 
4871: 4870 4872 
4872: 4871 4874 
4873: 757 2932 4659 
4874: 4872 4877 
4875: 2709 3586 4763 
4876: 1570 1974 3750 4580 
4877: 4874 4879 
4878: 1419 1470 2887 4344 
4879: 4877 4880 
4880: 4879 4881 
4881: 4880 4882 
4882: 4881 4883 
4883: 4882 4884 
4884: 4883 4885 
4885: 4884 4886 
4886: 4885 4887 
4887: 4886 4889 
4888: 1214 2369 2614 
4889: 4887 4891 
4890: 1159 3300 
4891: 4889 4894 
4892: 3527 4987 
4893: 833 2788 3850 
4894: 4891 4895 
4895: 4894 4896 
4896: 4895 4897 
4897: 4896 4898 
4898: 4897 4899 
4899: 4898 4902 
4900: 1387 2103 3853 
4901: 2733 3262 4137 
4902: 4899 4903 
4903: 4902 4904 
4904: 4903 4906 
4905: 341 836 3343 4613 4982 
4906: 4904 4908 
4907: 1272 2132 2700 3209 
4908: 4906 4909 
4909: 4908 4911 
4910: 82 552 760 1417 2384 
4911: 4909 4912 
4912: 4911 4915 
4913: 1744 2163 2389 4415 
4914: 323 465 3762 4952 
4915: 4912 4916 
4916: 4915 4917 
4917: 4916 4918 
4918: 4917 4919 
4919: 4918 4925 
4920: 146 4059 
4921: 433 2035 2206 
4922: 1725 4420 
4923: 658 3668 4193 
4924: 70 310 805 
4925: 4919 4926 
4926: 4925 4929 
4927: 845 943 3760 
4928: 1190 4319 
4929: 4926 4932 
4930: 2210 4155 4581 
4931: 67 1216 1609 2750 
4932: 4929 4934 
4933: 1457 2927 4613 
4934: 4932 4936 
4935: 330 1346 1783 4732 
4936: 4934 4937 
4937: 4936 4943 
4938: 988 1762 2765 3770 4022 
4939: 357 610 3672 
4940: 136 1034 1186 1270 
4941: 512 2589 
4942: 192 875 2768 3344 4733 
4943: 4937 4945 
4944: 797 1986 2372 
4945: 4943 4948 
4946: 181 2309 3237 4575 
4947: 786 787 2371 3675 
4948: 4945 4953 
4949: 941 3446 
4950: 769 1325 3291 3734 
4951: 3272 4396 
4952: 2067 4914 
4953: 4948 4954 
4954: 4953 4955 
4955: 4954 4956 
4956: 4955 4957 
4957: 4956 4959 
4958: 1210 1681 2584 3631 3997 
4959: 4957 4960 
4960: 4959 4961 
4961: 4960 4962 
4962: 4961 4963 
4963: 4962 4965 
4964: 813 835 3957 
4965: 4963 4966 
4966: 4965 4968 
4967: 131 344 3954 
4968: 4966 4969 
4969: 4968 4970 
4970: 4969 4974 
4971: 485 890 1272 3640 4138 
4972: 95 97 1869 
4973: 3446 4623 
4974: 4970 4975 
4975: 709 4974 4977 
4976: 1036 2125 2371 3381 
4977: 4975 4984 
4978: 53 56 3622 
4979: 709 2056 4619 
4980: 463 613 3650 
4981: 495 498 1491 1645 3262 
4982: 1633 1924 2165 4537 4905 
4983: 197 1600 2400 
4984: 4977 4985 
4985: 4984 4986 
4986: 4985 4990 
4987: 916 4892 
4988: 438 1169 2673 
4989: 1099 2637 3210 4517 4750 
4990: 4986 4995 
4991: 2385 2551 
4992: 139 2202 2284 
4993: 1959 3518 
4994: 1020 3325 3461 4424 
4995: 4990 4996 
4996: 4995 4997 
4997: 4996 4999 
4998: 1356 1431 3335 
4999: 4997 
44