0: 1 
1: 0 2 
2: 1 3 
3: 2 4 4449 
4: 3 5 
5: 4 6 
6: 5 7 
7: 6 8 
8: 7 11 
9: 1606 2189 3278 
10: 1558 3811 
11: 8 12 
12: 11 13 
13: 12 14 
14: 13 16 
15: 1166 1647 3764 
16: 14 17 
17: 16 20 
18: 605 805 2690 3805 4011 
19: 656 3824 4214 4570 
20: 17 22 
21: 331 1467 3548 4683 
22: 20 24 
23: 517 1079 1768 1775 
24: 22 25 
25: 24 27 
26: 1074 3700 
27: 25 34 
28: 681 3715 
29: 3233 4685 4990 
30: 1894 2281 3748 
31: 364 947 1269 2582 
32: 1356 1663 
33: 928 2222 2252 2589 
34: 27 37 
35: 146 1430 3597 4083 4290 
36: 896 3852 
37: 34 39 
38: 818 1267 3197 3497 3849 
39: 37 41 
40: 1363 3020 
41: 39 42 
42: 41 43 
43: 42 44 
44: 43 46 
45: 359 3410 3648 
46: 44 47 
47: 46 48 
48: 47 52 
49: 1079 1708 4649 
50: 1194 1388 2546 
51: 886 1836 2921 3022 
52: 48 53 
53: 52 56 
54: 299 947 3196 
55: 847 986 1554 4553 4755 
56: 53 57 
57: 56 62 
58: 863 3459 3878 
59: 2877 3667 
60: 442 1538 4060 4706 
61: 1821 3937 4309 
62: 57 63 
63: 62 64 
64: 63 66 
65: 84 334 343 
66: 64 68 
67: 2608 2730 3218 
68: 66 70 
69: 912 1056 1568 
70: 68 72 
71: 2196 2575 3024 4575 
72: 70 73 
73: 72 74 
74: 73 77 
75: 115 1287 3182 
76: 1548 1600 1808 3204 3278 
77: 74 78 
78: 77 79 
79: 78 80 
80: 79 85 
81: 575 1666 4263 
82: 493 2573 3111 4751 
83: 1692 2016 3138 4998 
84: 65 1889 2146 4388 
85: 80 86 
86: 85 91 
87: 3133 3188 
88: 1049 1800 4652 
89: 120 1347 3385 
90: 334 426 1874 2416 3352 
91: 86 94 
92: 538 1246 3954 4190 4352 
93: 160 3160 3190 3317 4049 
94: 91 96 
95: 433 1612 4399 4967 
96: 94 98 
97: 1781 3698 4082 4697 
98: 96 101 
99: 299 373 1262 
100: 301 1414 2324 4613 4680 
101: 98 104 
102: 634 1163 3437 
103: 348 502 2486 2815 
104: 101 106 
105: 1041 1411 3080 3735 
106: 104 107 
107: 106 108 
108: 107 114 
109: 588 768 1841 2473 
110: 394 927 931 
111: 780 869 1281 4905 
112: 647 676 
113: 406 2299 2633 3071 3629 
114: 108 117 
115: 75 292 828 1303 1541 
116: 990 4400 4645 
117: 114 118 
118: 117 121 
119: 690 1337 
120: 89 2219 
121: 118 123 
122: 1963 3816 3897 4944 
123: 121 125 
124: 1120 1917 2194 3888 4699 
125: 123 127 
126: 1787 1959 2017 3590 
127: 125 128 
128: 127 130 
129: 1269 1805 
130: 128 132 
131: 260 931 1326 2860 
132: 130 133 
133: 132 134 
134: 133 137 
135: 163 1678 2272 2381 
136: 163 3203 3952 
137: 134 143 
138: 2506 3656 3814 4097 4635 
139: 774 4706 
140: 1004 1999 
141: 1021 3195 3251 3542 3803 
142: 361 2775 4118 
143: 137 149 
144: 1800 2573 3111 3320 
145: 451 1545 2595 3113 3125 
146: 35 1842 2751 4039 
147: 1003 4281 4668 
148: 3660 3663 
149: 143 150 
150: 149 151 
151: 150 152 
152: 151 153 
153: 152 154 
154: 153 155 
155: 154 157 
156: 2077 2745 4054 
157: 155 162 
158: 587 3295 
159: 550 1611 2271 4967 
160: 93 273 595 1411 
161: 1013 3554 4825 
162: 157 164 
163: 135 136 535 2741 4369 
164: 162 165 
165: 164 166 
166: 165 168 
167: 930 3645 4373 
168: 166 170 
169: 2581 2633 
170: 168 172 
171: 1710 1809 3197 
172: 170 173 
173: 172 175 
174: 775 2255 4226 
175: 173 176 
176: 175 180 
177: 909 3073 4824 
178: 866 3766 4609 4693 
179: 1571 3898 4167 
180: 176 181 
181: 180 182 
182: 181 184 
183: 1414 2036 3759 4535 
184: 182 185 
185: 184 186 
186: 185 189 
187: 807 2208 2304 3002 
188: 819 1155 2087 2424 4559 
189: 186 192 
190: 222 396 870 1250 
191: 212 879 4282 4638 
192: 189 194 
193: 615 2543 4358 4966 
194: 192 195 
195: 194 198 
196: 749 785 4316 
197: 2770 4956 
198: 195 199 
199: 198 203 
200: 1111 2718 3332 4641 
201: 1965 3247 3488 4386 
202: 2488 3796 4892 
203: 199 204 
204: 203 207 
205: 1038 1501 1973 
206: 1006 2196 3398 3765 
207: 204 210 
208: 4052 4302 4706 
209: 441 882 1123 3357 
210: 207 211 
211: 210 214 
212: 191 811 1049 1836 2494 
213: 3610 4741 4774 
214: 211 215 
215: 214 217 
216: 1059 2577 3650 4300 4382 
217: 215 218 
218: 217 219 
219: 218 221 
220: 363 2719 3843 4011 4287 
221: 219 223 
222: 190 1124 1238 4078 
223: 221 225 
224: 3194 4553 4718 
225: 223 226 
226: 225 227 
227: 226 228 
228: 227 229 
229: 228 230 
230: 229 231 
231: 230 235 
232: 1211 1267 1543 1836 
233: 1726 1973 3256 3852 4968 
234: 1475 1556 1653 2370 
235: 231 237 
236: 1284 2997 3091 
237: 235 238 
238: 237 241 
239: 2222 2543 4504 
240: 395 1312 3985 
241: 238 243 4762 
242: 2147 4999 
243: 241 244 
244: 243 246 
245: 2826 4482 
246: 244 247 
247: 246 248 
248: 247 249 
249: 248 252 
250: 2847 3885 4799 
251: 3129 4247 4576 
252: 249 253 
253: 252 254 
254: 253 255 
255: 254 256 
256: 255 262 
257: 535 2118 2674 3335 4070 
258: 292 3015 3133 
259: 928 1065 2892 2950 3411 
260: 131 3352 3747 
261: 660 3861 
262: 256 264 
263: 1171 2259 2845 3398 4842 
264: 262 266 
265: 545 1037 
266: 264 268 
267: 844 4094 
268: 266 269 
269: 268 271 
270: 1251 1347 3090 3284 4844 
271: 269 280 
272: 1357 1605 2439 
273: 160 369 638 1686 3749 
274: 4032 4405 4710 
275: 2622 3195 
276: 1854 1940 2233 3772 3782 
277: 1107 2963 3766 3820 
278: 510 773 2776 3879 
279: 666 3854 4749 
280: 271 281 
281: 280 283 
282: 366 2557 4406 
283: 281 284 
284: 283 287 
285: 626 2595 
286: 1787 2516 4558 
287: 284 289 
288: 2357 3008 
289: 287 290 
290: 289 293 
291: 2997 4077 4314 
292: 115 258 305 1840 1976 
293: 290 294 
294: 293 296 
295: 1761 2515 3012 
296: 294 297 
297: 296 298 
298: 297 300 
299: 54 99 612 2274 
300: 298 307 
301: 100 2473 
302: 2165 2442 2841 4703 
303: 1903 2246 
304: 387 2452 3631 3842 4563 
305: 292 4398 4779 
306: 766 909 2359 3512 
307: 300 308 
308: 307 309 
309: 308 314 
310: 832 1449 1745 2688 
311: 695 4492 
312: 431 1410 2530 3433 3847 
313: 496 1079 3474 4971 
314: 309 315 
315: 314 316 
316: 315 317 
317: 316 318 
318: 317 319 
319: 318 321 
320: 353 1138 2020 4061 4994 
321: 319 323 
322: 615 1928 2461 2542 4463 
323: 321 325 
324: 1229 2611 3043 3159 
325: 323 327 
326: 3308 3962 4054 
327: 325 328 
328: 327 329 
329: 328 332 
330: 377 1006 2005 3097 
331: 21 401 698 3339 
332: 329 333 
333: 332 335 
334: 65 90 603 2402 
335: 333 336 
336: 335 338 
337: 1041 4309 
338: 336 340 
339: 615 679 1461 3784 
340: 338 341 
341: 340 344 
342: 976 2130 3233 4310 
343: 65 2187 2875 3390 4622 
344: 341 347 
345: 1651 1930 3069 3474 
346: 614 2688 4098 4158 
347: 344 351 
348: 103 829 1220 
349: 2010 2759 3265 3276 4421 
350: 1113 1221 
351: 347 352 
352: 351 354 
353: 320 484 
354: 352 356 
355: 2300 3026 3460 4995 
356: 354 357 
357: 356 358 
358: 357 362 
359: 45 2197 
360: 1122 4888 
361: 142 1112 2615 3031 
362: 358 365 
363: 220 3030 4442 4580 
364: 31 2177 2665 
365: 362 367 
366: 282 706 2460 3026 3418 
367: 365 368 
368: 367 371 
369: 273 1930 2754 4045 
370: 724 3160 3871 4402 4703 
371: 368 372 
372: 371 374 
373: 99 1664 3419 
374: 372 375 
375: 374 379 
376: 675 1240 2368 
377: 330 1600 1775 3024 
378: 2645 2984 3239 3427 4428 
379: 375 381 
380: 996 3067 4990 
381: 379 383 
382: 384 896 2411 3712 
383: 381 386 
384: 382 1551 
385: 431 499 1028 2928 
386: 383 388 
387: 304 1718 1970 2220 
388: 386 389 
389: 388 393 
390: 634 838 1939 3577 3955 
391: 592 3328 3535 
392: 1404 4757 
393: 389 400 
394: 110 2408 2488 4204 
395: 240 670 3543 4131 
396: 190 2665 
397: 850 4113 4408 
398: 2750 2764 2912 3939 
399: 2375 2704 4131 4482 
400: 393 402 
401: 331 457 896 1320 3637 
402: 400 404 
403: 1882 3365 3944 
404: 402 405 
405: 404 407 
406: 113 1112 1216 3108 3858 
407: 405 410 
408: 3101 3320 
409: 2304 2444 2950 
410: 407 412 
411: 959 2318 2557 4263 
412: 410 413 
413: 412 414 
414: 413 415 
415: 414 417 
416: 1992 4208 
417: 415 419 
418: 2780 3930 4994 
419: 417 422 
420: 858 3102 4733 4782 
421: 1611 1759 3019 
422: 419 427 
423: 2521 2719 3476 
424: 629 2941 3861 
425: 646 850 2992 4866 4980 
426: 90 2563 3594 4870 
427: 422 428 
428: 427 432 
429: 1400 3369 4709 
430: 695 1440 3930 
431: 312 385 705 1086 
432: 428 434 
433: 95 1466 3184 
434: 432 444 
435: 1440 2158 2895 
436: 2639 2900 4617 
437: 1333 1413 2181 4005 4275 
438: 3097 3171 3582 4841 
439: 1100 2511 3539 
440: 1151 3038 3128 4563 
441: 209 788 964 1773 4731 
442: 60 2471 2909 4638 
443: 1547 1775 2169 2861 
444: 434 446 
445: 1274 2366 2703 3164 3937 
446: 444 449 
447: 3498 4268 4427 
448: 2032 3251 4994 
449: 446 450 
450: 449 452 
451: 145 834 858 
452: 450 453 
453: 452 454 
454: 453 455 
455: 454 456 1529 
456: 455 458 
457: 401 634 711 3799 4590 
458: 456 459 
459: 458 462 
460: 978 1449 2657 3542 
461: 2309 2771 4417 
462: 459 463 
463: 462 464 
464: 463 465 
465: 464 467 
466: 907 1409 2329 2443 4000 
467: 465 468 
468: 467 469 
469: 468 470 
470: 469 472 
471: 619 719 1247 2676 
472: 470 474 
473: 2506 3681 4784 
474: 472 475 
475: 474 476 
476: 475 477 
477: 476 478 
478: 477 480 
479: 1234 2994 
480: 478 482 
481: 1502 1879 4500 4909 
482: 480 485 
483: 584 4747 4888 
484: 353 3067 
485: 482 487 
486: 3889 3894 
487: 485 488 
488: 487 491 
489: 2820 3439 
490: 1182 3282 3597 
491: 488 495 
492: 706 1094 
493: 82 1380 4566 
494: 1252 1407 2656 3753 
495: 491 501 
496: 313 613 1612 
497: 1296 2256 4762 
498: 2099 2153 3390 
499: 385 1900 3486 
500: 904 4182 
501: 495 503 
502: 103 1240 2167 3667 4355 
503: 501 505 
504: 910 2583 2662 3315 3657 
505: 503 507 
506: 1708 3968 
507: 505 508 
508: 507 511 
509: 2058 2533 3450 4214 
510: 278 977 
511: 508 512 
512: 511 515 
513: 1310 1743 2113 3090 
514: 4143 4747 
515: 512 516 
516: 515 519 
517: 23 2215 3019 3209 3648 
518: 1707 3591 4417 4513 
519: 516 520 
520: 519 521 
521: 520 522 
522: 521 523 
523: 522 524 
524: 523 525 
525: 524 526 
526: 525 527 
527: 526 528 
528: 527 530 
529: 797 1304 
530: 528 539 
531: 2214 4612 
532: 2251 3177 3213 3529 
533: 1396 3736 4683 
534: 3081 3737 4551 4944 
535: 163 257 594 1761 1801 
536: 1216 4018 4186 
537: 2889 3220 4394 
538: 92 1462 2290 4482 4880 
539: 530 540 
540: 539 541 
541: 540 544 
542: 1386 3522 4408 
543: 2786 3597 4018 
544: 541 546 
545: 265 1591 
546: 544 547 
547: 546 548 
548: 547 549 
549: 548 551 
550: 159 2636 4399 
551: 549 552 
552: 551 553 
553: 552 554 
554: 553 557 
555: 727 773 2748 4068 4778 
556: 956 3237 4529 
557: 554 558 
558: 557 559 
559: 558 563 
560: 1418 4447 
561: 3784 3807 4121 4189 
562: 1231 1499 1504 2877 4074 
563: 559 564 
564: 563 566 
565: 1684 1949 
566: 564 567 
567: 566 568 
568: 567 570 
569: 1310 3780 4590 
570: 568 571 
571: 570 572 
572: 571 579 
573: 1273 3435 
574: 2222 3173 3179 3954 
575: 81 1144 4023 
576: 2901 3452 3929 
577: 1364 4293 4648 
578: 1407 2915 
579: 572 580 
580: 579 581 
581: 580 586 
582: 864 1280 2862 3597 4458 
583: 695 3138 4486 4900 
584: 483 1849 
585: 752 3436 
586: 581 589 
587: 158 1779 4072 
588: 109 2825 4148 4688 
589: 586 590 
590: 589 591 
591: 590 596 
592: 391 4033 4673 
593: 766 1810 4697 4783 
594: 535 1209 3557 3814 
595: 160 1386 2119 4186 4234 
596: 591 597 
597: 596 606 
598: 2666 3626 3866 4975 
599: 2875 3748 
600: 1406 2148 4421 
601: 817 1005 1585 3400 4971 
602: 1585 1703 2892 
603: 334 2887 
604: 764 2447 3786 4150 
605: 18 2311 2583 3153 4860 
606: 597 607 
607: 606 608 
608: 607 610 
609: 3352 4453 4621 
610: 608 611 
611: 610 616 
612: 299 885 905 
613: 496 2176 3499 
614: 346 4200 4209 
615: 193 322 339 3702 
616: 611 620 
617: 3622 4548 4615 4785 
618: 1467 2542 4600 
619: 471 872 2530 4057 
620: 616 621 3119 
621: 620 623 
622: 4817 4936 
623: 621 627 
624: 1764 2909 3610 4705 4938 
625: 2051 3057 3060 3338 
626: 285 2172 3753 
627: 623 628 
628: 627 630 
629: 424 4536 
630: 628 633 
631: 703 2154 
632: 1138 1164 3801 4186 4826 
633: 630 635 
634: 102 390 457 1761 4524 
635: 633 636 
636: 635 637 
637: 636 639 
638: 273 1009 4606 4994 
639: 637 640 
640: 639 643 
641: 1677 3150 
642: 1650 3163 
643: 640 648 
644: 1315 3561 3996 4402 
645: 2063 4669 
646: 425 930 3927 4086 4745 
647: 112 844 1858 2358 4204 
648: 643 651 
649: 690 1313 2462 4407 
650: 1231 1925 2389 2755 4238 
651: 648 653 
652: 1449 1619 2144 3887 4855 
653: 651 654 
654: 653 655 
655: 654 659 
656: 19 4428 4463 4884 
657: 1563 2930 
658: 1851 4169 
659: 655 661 
660: 261 2020 2441 4196 
661: 659 662 
662: 661 663 
663: 662 664 
664: 663 667 
665: 998 1284 3928 
666: 279 1458 2364 
667: 664 668 
668: 667 673 
669: 1721 3741 4214 4503 4910 
670: 395 1501 2623 
671: 1856 2031 3243 4114 
672: 2038 2849 3157 3795 
673: 668 674 
674: 673 677 
675: 376 1976 2488 
676: 112 2757 4726 
677: 674 678 
678: 677 683 
679: 339 934 2242 3197 3830 
680: 1090 1341 1844 3509 4316 
681: 28 2174 2452 
682: 1262 2574 2818 3299 4989 
683: 678 684 
684: 683 689 
685: 1025 2215 2849 4328 
686: 822 4751 4866 
687: 2041 3038 3650 
688: 1021 3339 3981 
689: 684 692 
690: 119 649 
691: 910 1247 1276 1720 
692: 689 694 
693: 3390 4442 
694: 692 699 
695: 311 430 583 2632 3682 
696: 2256 2802 4775 
697: 2028 3821 
698: 331 1256 3529 
699: 694 708 
700: 1667 2641 
701: 3803 4456 4855 
702: 2132 2142 4148 
703: 631 1410 3728 4969 
704: 3327 3736 4956 
705: 431 3801 4959 
706: 366 492 4723 4917 
707: 854 2112 2674 3508 4625 
708: 699 709 
709: 708 712 
710: 997 1523 3262 3327 
711: 457 996 1422 3814 
712: 709 713 
713: 712 714 
714: 713 718 
715: 1650 3717 
716: 2607 4599 
717: 1056 1841 4790 
718: 714 720 
719: 471 1151 2331 4632 
720: 718 721 
721: 720 723 
722: 1507 2357 4880 
723: 721 726 
724: 370 1177 2100 2631 
725: 1561 1730 2521 2674 3499 
726: 723 728 
727: 555 1352 4817 
728: 726 729 
729: 728 731 
730: 769 4418 4463 
731: 729 732 
732: 731 733 
733: 732 734 
734: 733 736 
735: 1001 2000 
736: 734 737 
737: 736 738 
738: 737 739 
739: 738 741 
740: 748 1591 2757 3332 4215 
741: 739 742 
742: 741 746 
743: 997 4692 
744: 1025 1605 2414 2815 
745: 1586 1729 2268 
746: 742 747 
747: 746 748 
748: 740 747 750 
749: 196 2191 
750: 748 751 
751: 750 753 
752: 585 2994 
753: 751 754 
754: 753 755 
755: 754 756 
756: 755 757 
757: 756 758 
758: 757 759 
759: 758 760 
760: 759 762 
761: 1003 2233 2298 3761 
762: 760 765 
763: 1339 1903 3265 
764: 604 2134 3892 4746 
765: 762 767 
766: 306 593 2954 
767: 765 776 
768: 109 1350 1516 3639 4565 
769: 730 1361 1720 2238 3947 
770: 2701 4085 4194 
771: 1011 2208 2920 4539 
772: 2452 3340 3365 3419 4783 
773: 278 555 1881 
774: 139 3222 
775: 174 2134 3365 4884 
776: 767 778 
777: 1780 1790 1953 4068 4520 
778: 776 779 
779: 778 781 
780: 111 3854 4054 
781: 779 782 
782: 781 783 
783: 782 784 
784: 783 787 
785: 196 2022 4524 
786: 1897 2322 2472 
787: 784 790 
788: 441 1155 2050 3418 
789: 875 2082 3788 4036 
790: 787 791 
791: 790 795 
792: 3340 3519 3776 3809 4036 
793: 1066 2571 3350 
794: 2097 2984 3796 
795: 791 796 
796: 795 799 
797: 529 1966 3081 3928 
798: 1033 2890 4287 4502 
799: 796 800 
800: 799 801 
801: 800 802 
802: 801 804 
803: 1618 1726 2515 3971 
804: 802 806 
805: 18 3802 4706 
806: 804 809 
807: 187 3519 4158 
808: 1618 2979 
809: 806 815 
810: 1029 1414 3854 3859 
811: 212 1413 1882 3717 
812: 2091 3711 
813: 841 2100 4782 
814: 818 1302 3711 4297 
815: 809 820 
816: 2947 4626 
817: 601 3174 3821 3919 
818: 38 814 
819: 188 3646 4539 
820: 815 821 
821: 820 830 
822: 686 3350 
823: 1637 3850 
824: 2563 2696 3660 4785 
825: 956 1171 4277 4685 
826: 1303 1623 1625 2796 3878 
827: 1033 2801 
828: 115 1132 1395 3700 4352 
829: 348 1703 2608 2719 
830: 821 831 
831: 830 833 
832: 310 1128 1590 
833: 831 835 
834: 451 1734 2762 3189 
835: 833 837 
836: 2476 2964 3949 4193 
837: 835 839 
838: 390 1069 4112 
839: 837 840 
840: 839 842 
841: 813 1020 4302 4479 
842: 840 843 
843: 842 846 
844: 267 647 1197 2994 
845: 4086 4560 
846: 843 851 
847: 55 930 
848: 2187 3547 
849: 2962 3764 4400 4417 
850: 397 425 1596 4486 4827 
851: 846 853 
852: 3533 4682 
853: 851 855 
854: 707 1557 3954 4547 
855: 853 856 
856: 855 860 
857: 1069 1238 1775 4089 
858: 420 451 1083 2779 3365 
859: 1971 2148 3949 
860: 856 861 
861: 860 862 
862: 861 865 
863: 58 2876 
864: 582 1591 
865: 862 867 
866: 178 1262 4141 4167 4217 
867: 865 868 
868: 867 871 
869: 111 3132 4068 
870: 190 2281 3535 
871: 868 874 
872: 619 4430 
873: 2072 3988 
874: 871 876 
875: 789 2889 3207 4098 
876: 874 877 
877: 876 884 
878: 1132 2779 2786 4978 
879: 191 1223 
880: 2317 3349 3390 3864 
881: 1048 1595 2869 
882: 209 1919 2410 
883: 1442 1450 3246 3570 3908 
884: 877 887 
885: 612 3256 3312 
886: 51 2105 2439 4668 
887: 884 888 
888: 887 889 
889: 888 891 
890: 1586 3928 
891: 889 895 
892: 1662 4772 4806 
893: 916 1372 3834 
894: 1801 2669 4239 
895: 891 897 
896: 36 382 401 4785 
897: 895 898 
898: 897 900 
899: 1239 2712 3202 4567 
900: 898 902 
901: 2101 3077 
902: 900 903 
903: 902 906 
904: 500 967 4800 
905: 612 2875 3898 
906: 903 908 
907: 466 1107 1768 3796 
908: 906 911 
909: 177 306 1823 4322 4791 
910: 504 691 2600 3690 
911: 908 913 
912: 69 2622 
913: 911 915 
914: 1637 1982 3922 
915: 913 917 
916: 893 1324 
917: 915 918 
918: 917 919 
919: 918 921 
920: 2256 3646 
921: 919 922 
922: 921 923 
923: 922 924 
924: 923 925 
925: 924 926 
926: 925 929 
927: 110 3750 
928: 33 259 2361 
929: 926 933 
930: 167 646 847 4646 
931: 110 131 1679 4620 
932: 1177 1621 2069 
933: 929 935 
934: 679 1786 3437 3444 
935: 933 938 
936: 2563 2945 3893 4189 
937: 1549 2134 4459 4496 
938: 935 942 
939: 997 3512 3780 4460 4617 
940: 1392 2130 4215 4425 4435 
941: 1038 1049 2094 
942: 938 944 
943: 1928 2902 3552 
944: 942 946 
945: 1515 2861 3824 4310 
946: 944 948 
947: 31 54 
948: 946 951 
949: 3401 4682 
950: 1879 2015 2132 4314 
951: 948 953 
952: 1515 3370 3459 
953: 951 955 
954: 2058 2574 4063 4766 
955: 953 958 
956: 556 825 3083 4636 4920 
957: 3558 4600 
958: 955 960 
959: 411 1568 
960: 958 961 
961: 960 962 
962: 961 965 
963: 1142 3687 4428 
964: 441 1671 1792 2194 2501 
965: 962 966 
966: 965 968 
967: 904 1198 3307 4957 
968: 966 969 
969: 968 971 
970: 2860 3060 3597 3758 4553 
971: 969 972 
972: 971 973 
973: 972 974 
974: 973 975 
975: 974 979 
976: 342 1168 1619 2221 
977: 510 4539 
978: 460 4095 
979: 975 984 
980: 1232 3526 3812 3963 
981: 1753 2968 4481 
982: 1100 1398 3495 
983: 2619 3608 4239 4594 
984: 979 985 4462 
985: 984 988 
986: 55 1443 1990 
987: 2130 2233 4316 
988: 985 989 
989: 988 993 
990: 116 1515 1662 3150 4749 
991: 2640 3084 3220 3370 3584 
992: 1209 1518 4736 4790 
993: 989 994 
994: 993 995 
995: 994 999 
996: 380 711 2174 2232 2762 
997: 710 743 939 1565 3203 
998: 665 3127 3544 3759 4233 
999: 995 1000 
1000: 999 1008 
1001: 735 1574 3711 
1002: 1925 2848 4202 
1003: 147 761 2617 3989 
1004: 140 2068 
1005: 601 1313 4199 4287 
1006: 206 330 3069 4060 
1007: 1339 2189 3091 3308 4736 
1008: 1000 1010 
1009: 638 2204 4379 
1010: 1008 1012 
1011: 771 1751 2785 
1012: 1010 1015 
1013: 161 2758 3667 
1014: 1649 4098 4494 
1015: 1012 1016 
1016: 1015 1017 
1017: 1016 1018 
1018: 1017 1024 
1019: 1259 1583 2218 4147 
1020: 841 1514 3248 
1021: 141 688 1091 2619 3311 
1022: 1137 1441 1745 2148 4796 
1023: 2370 4642 
1024: 1018 1030 
1025: 685 744 1908 4304 
1026: 1366 4202 
1027: 2035 4254 4624 
1028: 385 1519 2844 4624 
1029: 810 3276 4378 
1030: 1024 1031 
1031: 1030 1032 
1032: 1031 1034 
1033: 798 827 1287 3608 
1034: 1032 1035 
1035: 1034 1036 
1036: 1035 1040 
1037: 265 1364 2876 
1038: 205 941 2259 2424 3589 
1039: 2848 4453 
1040: 1036 1043 
1041: 105 337 4194 4619 
1042: 1303 1724 3153 3236 3468 
1043: 1040 1044 
1044: 1043 1045 
1045: 1044 1046 
1046: 1045 1047 
1047: 1046 1050 
1048: 881 1362 2847 3639 4592 
1049: 88 212 941 1240 3759 
1050: 1047 1051 
1051: 1050 1052 
1052: 1051 1054 
1053: 1154 1720 3326 3454 
1054: 1052 1055 
1055: 1054 1057 
1056: 69 717 
1057: 1055 1058 
1058: 1057 1059 
1059: 216 1058 1060 
1060: 1059 1063 
1061: 1911 3047 
1062: 2200 4790 
1063: 1060 1064 
1064: 1063 1067 
1065: 259 1246 3033 4837 
1066: 793 2660 3390 
1067: 1064 1068 
1068: 1067 1070 
1069: 838 857 2617 
1070: 1068 1071 
1071: 1070 1072 
1072: 1071 1073 
1073: 1072 1075 
1074: 26 3284 3660 4481 
1075: 1073 1076 
1076: 1075 1077 
1077: 1076 1078 
1078: 1077 1080 
1079: 23 49 313 2357 4363 
1080: 1078 1082 
1081: 3523 4480 4808 
1082: 1080 1085 
1083: 858 1727 4667 
1084: 3212 4562 
1085: 1082 1088 
1086: 431 1570 1858 
1087: 1267 2678 3656 4275 
1088: 1085 1092 
1089: 1540 3288 4528 
1090: 680 2074 2327 
1091: 1021 2301 
1092: 1088 1095 
1093: 3125 4352 
1094: 492 3528 
1095: 1092 1096 
1096: 1095 1097 
1097: 1096 1098 
1098: 1097 1099 
1099: 1098 1103 
1100: 439 982 1824 4319 
1101: 2355 3333 
1102: 2017 2330 2531 
1103: 1099 1104 
1104: 1103 1105 
1105: 1104 1106 
1106: 1105 1108 
1107: 277 907 
1108: 1106 1109 
1109: 1108 1110 
1110: 1109 1114 
1111: 200 2206 3437 
1112: 361 406 3043 4293 4891 
1113: 350 1780 2566 3256 3650 
1114: 1110 1116 
1115: 2016 3249 4705 
1116: 1114 1117 
1117: 1116 1118 
1118: 1117 1119 
1119: 1118 1125 
1120: 124 1229 1839 4193 4299 
1121: 2947 3871 4635 
1122: 360 4746 
1123: 209 2955 3930 
1124: 222 1725 2355 
1125: 1119 1126 
1126: 1125 1129 
1127: 3156 3340 
1128: 832 2153 
1129: 1126 1131 
1130: 2653 2985 3101 3868 
1131: 1129 1136 
1132: 828 878 1755 
1133: 1339 1443 3714 4384 
1134: 1459 1542 1623 3356 4044 
1135: 1680 1812 3324 4474 
1136: 1131 1139 
1137: 1022 4052 
1138: 320 632 1781 
1139: 1136 1140 
1140: 1139 1141 
1141: 1140 1143 
1142: 963 3554 
1143: 1141 1145 
1144: 575 3789 
1145: 1143 1146 
1146: 1145 1149 
1147: 1229 1666 
1148: 4141 4766 4774 
1149: 1146 1152 
1150: 1279 1349 4089 4674 
1151: 440 719 2281 2589 4071 
1152: 1149 1153 
1153: 1152 1157 
1154: 1053 2400 2665 
1155: 188 788 1380 1763 3541 
1156: 2177 3730 3813 
1157: 1153 1158 
1158: 1157 1159 
1159: 1158 1160 
1160: 1159 1161 
1161: 1160 1165 
1162: 1808 3122 4775 
1163: 102 1974 2069 3700 
1164: 632 3472 4276 
1165: 1161 1169 
1166: 15 1844 2023 2142 
1167: 1465 1623 3851 
1168: 976 2443 3051 3220 4827 
1169: 1165 1173 
1170: 1221 2064 4121 
1171: 263 825 
1172: 2211 4726 
1173: 1169 1174 
1174: 1173 1175 
1175: 1174 1176 
1176: 1175 1178 
1177: 724 932 1936 3600 
1178: 1176 1181 
1179: 1621 2204 2434 4297 4673 
1180: 4452 4502 
1181: 1178 1183 
1182: 490 1669 2815 
1183: 1181 1184 
1184: 1183 1185 
1185: 1184 1188 
1186: 1653 2026 
1187: 1541 3021 4203 4565 
1188: 1185 1190 
1189: 1512 1949 3069 3425 3450 
1190: 1188 1192 
1191: 3485 4824 
1192: 1190 1193 
1193: 1192 1195 
1194: 50 1381 4039 
1195: 1193 1199 
1196: 2274 3813 3952 
1197: 844 2521 2633 4402 
1198: 967 2844 3546 
1199: 1195 1200 
1200: 1199 1201 
1201: 1200 1204 
1202: 1523 2074 
1203: 1809 2334 3196 
1204: 1201 1206 
1205: 2188 2631 3370 4513 
1206: 1204 1207 
1207: 1206 1210 
1208: 2937 3058 4674 
1209: 594 992 1551 3317 3948 
1210: 1207 1212 
1211: 232 3523 
1212: 1210 1213 
1213: 1212 1214 
1214: 1213 1215 
1215: 1214 1217 
1216: 406 536 2069 2443 4322 
1217: 1215 1219 
1218: 2416 3163 3331 
1219: 1217 1224 
1220: 348 3838 
1221: 350 1170 2506 
1222: 1653 2136 2653 3638 4182 
1223: 879 2667 4084 
1224: 1219 1225 
1225: 1224 1226 
1226: 1225 1227 
1227: 1226 1228 
1228: 1227 1230 
1229: 324 1120 1147 4338 4443 
1230: 1228 1233 
1231: 562 650 1962 3526 3707 
1232: 980 1680 1844 2094 
1233: 1230 1235 
1234: 479 2619 4442 
1235: 1233 1236 
1236: 1235 1237 
1237: 1236 1242 
1238: 222 857 1861 
1239: 899 1783 1938 
1240: 376 502 1049 3883 
1241: 3077 3894 
1242: 1237 1243 
1243: 1242 1244 
1244: 1243 1245 
1245: 1244 1249 
1246: 92 1065 1349 1729 2552 
1247: 471 691 1729 4267 
1248: 3468 3687 
1249: 1245 1253 
1250: 190 1668 4196 
1251: 270 2301 
1252: 494 3178 4129 
1253: 1249 1255 
1254: 1494 4599 
1255: 1253 1257 
1256: 698 2010 
1257: 1255 1258 
1258: 1257 1260 
1259: 1019 2058 2075 
1260: 1258 1261 
1261: 1260 1264 
1262: 99 682 866 1362 3717 
1263: 3593 3708 4682 
1264: 1261 1266 
1265: 3818 4597 
1266: 1264 1268 
1267: 38 232 1087 4904 
1268: 1266 1270 
1269: 31 129 1549 3749 3944 
1270: 1268 1271 
1271: 1270 1272 
1272: 1271 1278 
1273: 573 3021 
1274: 445 1721 4425 4806 
1275: 3990 4314 4807 
1276: 691 2211 2825 3030 4001 
1277: 1516 2676 
1278: 1272 1282 
1279: 1150 2143 4638 
1280: 582 1954 3366 4826 
1281: 111 1652 1789 2366 3893 
1282: 1278 1283 
1283: 1282 1286 
1284: 236 665 2050 3847 
1285: 2992 3662 3848 
1286: 1283 1288 
1287: 75 1033 3425 3485 4902 
1288: 1286 1289 
1289: 1288 1290 
1290: 1289 1291 
1291: 1290 1292 
1292: 1291 1293 
1293: 1292 1298 
1294: 3800 3871 3880 
1295: 1648 2201 
1296: 497 3805 4984 
1297: 1574 1911 2516 
1298: 1293 1299 
1299: 1298 1300 
1300: 1299 1306 
1301: 2222 3292 3443 
1302: 814 1815 
1303: 115 826 1042 2219 
1304: 529 2206 2660 3608 4597 
1305: 2977 3929 
1306: 1300 1308 
1307: 1709 4474 4612 
1308: 1306 1316 
1309: 1529 1585 1720 2895 3842 
1310: 513 569 1426 3019 4282 
1311: 1760 2620 2892 4984 
1312: 240 4958 4999 
1313: 649 1005 2057 2845 
1314: 2099 2492 3026 4603 
1315: 644 1563 2765 
1316: 1308 1317 
1317: 1316 1318 
1318: 1317 1319 
1319: 1318 1321 3802 
1320: 401 3519 
1321: 1319 1322 
1322: 1321 1323 
1323: 1322 1325 
1324: 916 1499 3772 
1325: 1323 1327 
1326: 131 4172 
1327: 1325 1328 
1328: 1327 1331 
1329: 3681 4082 
1330: 2884 4713 
1331: 1328 1332 
1332: 1331 1336 
1333: 437 2636 4969 
1334: 1561 4748 
1335: 1754 2424 4189 
1336: 1332 1338 
1337: 119 3263 
1338: 1336 1340 
1339: 763 1007 1133 
1340: 1338 1345 
1341: 680 1519 2488 2654 
1342: 2467 3526 4203 4623 4888 
1343: 3208 3996 
1344: 1684 3173 3541 4459 
1345: 1340 1351 
1346: 1467 2977 
1347: 89 270 1858 3660 4482 
1348: 2215 2759 2937 
1349: 1150 1246 2011 2579 3786 
1350: 768 3820 3908 4032 
1351: 1345 1354 
1352: 727 1537 2542 
1353: 2503 3123 
1354: 1351 1355 
1355: 1354 1358 
1356: 32 1379 3602 
1357: 272 3362 3375 4185 
1358: 1355 1360 
1359: 1946 3443 4968 
1360: 1358 1367 
1361: 769 2584 4269 4371 
1362: 1048 1262 2723 4837 
1363: 40 4407 4620 
1364: 577 1037 2028 3575 
1365: 2462 3867 4282 4588 4973 
1366: 1026 2559 3246 4857 
1367: 1360 1369 
1368: 3612 4976 
1369: 1367 1370 
1370: 1369 1371 
1371: 1370 1373 
1372: 893 2666 4094 4112 4918 
1373: 1371 1374 
1374: 1373 1375 
1375: 1374 1376 
1376: 1375 1377 
1377: 1376 1383 
1378: 1440 2164 2299 
1379: 1356 2540 
1380: 493 1155 2081 3632 
1381: 1194 1708 3551 3814 
1382: 3123 3920 4693 4710 
1383: 1377 1384 
1384: 1383 1385 
1385: 1384 1387 
1386: 542 595 3049 4580 4612 
1387: 1385 1389 
1388: 50 1494 1823 
1389: 1387 1390 
1390: 1389 1391 
1391: 1390 1393 
1392: 940 1446 2240 
1393: 1391 1394 
1394: 1393 1397 
1395: 828 2196 2371 
1396: 533 2815 3693 3731 
1397: 1394 1401 
1398: 982 3591 4418 
1399: 3864 4674 
1400: 429 1578 1719 2113 2272 
1401: 1397 1405 
1402: 4293 4672 
1403: 1652 2181 2434 4452 
1404: 392 3963 
1405: 1401 1408 
1406: 600 2691 
1407: 494 578 1986 2171 2579 
1408: 1405 1412 
1409: 466 2168 
1410: 312 703 3623 4257 
1411: 105 160 2884 4207 
1412: 1408 1415 
1413: 437 811 4806 
1414: 100 183 810 2174 3552 
1415: 1412 1416 
1416: 1415 1417 
1417: 1416 1419 
1418: 560 1485 4529 
1419: 1417 1420 
1420: 1419 1421 
1421: 1420 1423 
1422: 711 3577 
1423: 1421 1424 
1424: 1423 1425 
1425: 1424 1427 
1426: 1310 4784 
1427: 1425 1428 
1428: 1427 1429 
1429: 1428 1431 
1430: 35 3476 4719 
1431: 1429 1432 
1432: 1431 1433 
1433: 1432 1435 
1434: 1718 2470 2495 2816 3043 
1435: 1433 1436 
1436: 1435 1437 
1437: 1436 1439 
1438: 1552 3300 
1439: 1437 1444 
1440: 430 435 1378 1703 1778 
1441: 1022 2941 3270 
1442: 883 2542 3672 
1443: 986 1133 1518 1751 
1444: 1439 1448 
1445: 2765 3551 3885 4462 
1446: 1392 1662 
1447: 2265 2460 4309 
1448: 1444 1451 
1449: 310 460 652 2224 3577 
1450: 883 1535 2805 3288 4174 
1451: 1448 1452 
1452: 1451 1453 
1453: 1452 1454 
1454: 1453 1455 
1455: 1454 1457 
1456: 1460 3719 
1457: 1455 1463 
1458: 666 1543 2003 
1459: 1134 1583 2639 3851 4457 
1460: 1456 3709 4168 
1461: 339 3167 3637 4925 
1462: 538 3021 3991 4967 
1463: 1457 1468 
1464: 2098 4661 
1465: 1167 2747 
1466: 433 2414 4254 4307 
1467: 21 618 1346 
1468: 1463 1470 
1469: 4174 4609 
1470: 1468 1474 
1471: 1782 4531 
1472: 1934 2584 3332 3666 
1473: 1554 3913 4918 
1474: 1470 1476 
1475: 234 4745 
1476: 1474 1477 
1477: 1476 1479 
1478: 1849 2304 2693 3971 3978 
1479: 1477 1480 
1480: 1479 1481 
1481: 1480 1482 
1482: 1481 1486 
1483: 1773 2158 2589 3759 
1484: 3028 4036 4626 
1485: 1418 3035 3216 4641 
1486: 1482 1487 
1487: 1486 1488 
1488: 1487 1489 
1489: 1488 1490 
1490: 1489 1491 
1491: 1490 1493 
1492: 2899 3509 
1493: 1491 1495 
1494: 1254 1388 3607 4262 4766 
1495: 1493 1496 
1496: 1495 1497 
1497: 1496 1498 
1498: 1497 1500 
1499: 562 1324 3512 3786 3952 
1500: 1498 1503 
1501: 205 670 
1502: 481 1556 2531 2914 
1503: 1500 1506 
1504: 562 3167 3712 4143 4512 
1505: 2054 4145 4233 4239 4557 
1506: 1503 1509 
1507: 722 2792 2984 3240 
1508: 2042 4117 4481 
1509: 1506 1511 
1510: 1586 2074 2500 4083 4723 
1511: 1509 1513 
1512: 1189 2869 2875 2945 
1513: 1511 1517 
1514: 1020 3488 4062 
1515: 945 952 990 4265 4904 
1516: 768 1277 3031 3803 
1517: 1513 1520 
1518: 992 1443 4588 4985 
1519: 1028 1341 4443 
1520: 1517 1521 
1521: 1520 1522 
1522: 1521 1524 
1523: 710 1202 1794 
1524: 1522 1525 
1525: 1524 1526 
1526: 1525 1528 
1527: 3327 4705 
1528: 1526 1530 
1529: 455 1309 2849 
1530: 1528 1531 
1531: 1530 1532 
1532: 1531 1533 
1533: 1532 1534 
1534: 1533 1536 
1535: 1450 3035 4177 4844 
1536: 1534 1539 
1537: 1352 3844 
1538: 60 3398 
1539: 1536 1544 
1540: 1089 1780 3850 4381 4541 
1541: 115 1187 2371 2667 
1542: 1134 1662 3427 3795 
1543: 232 1458 2473 3709 4944 
1544: 1539 1546 
1545: 145 2824 4394 4492 
1546: 1544 1550 
1547: 443 3166 3776 3843 4991 
1548: 76 2324 2882 4917 
1549: 937 1269 4369 
1550: 1546 1553 
1551: 384 1209 2835 3730 4297 
1552: 1438 4615 
1553: 1550 1555 
1554: 55 1473 
1555: 1553 1559 
1556: 234 1502 1881 2058 3893 
1557: 854 2049 2490 2861 4969 
1558: 10 4825 
1559: 1555 1562 
1560: 2164 3454 
1561: 725 1334 1634 
1562: 1559 1564 
1563: 657 1315 3150 
1564: 1562 1566 
1565: 997 3487 4208 4449 
1566: 1564 1567 
1567: 1566 1569 
1568: 69 959 2895 4654 
1569: 1567 1572 
1570: 1086 3626 4045 
1571: 179 2748 3999 
1572: 1569 1577 
1573: 1793 2829 
1574: 1001 1297 2338 3607 4942 
1575: 2117 4114 4190 4431 
1576: 4054 4275 4459 4531 
1577: 1572 1579 
1578: 1400 2491 3587 4757 4838 
1579: 1577 1580 
1580: 1579 1581 
1581: 1580 1582 
1582: 1581 1587 
1583: 1019 1459 3961 
1584: 2497 3282 
1585: 601 602 1309 2017 
1586: 745 890 1510 3339 4230 
1587: 1582 1589 
1588: 2404 2873 3033 3816 
1589: 1587 1592 
1590: 832 2047 4406 
1591: 545 740 864 1754 2710 
1592: 1589 1593 
1593: 1592 1594 
1594: 1593 1595 
1595: 881 1594 1597 
1596: 850 2118 3444 3902 4405 
1597: 1595 1598 
1598: 1597 1599 
1599: 1598 1601 
1600: 76 377 3691 
1601: 1599 1602 
1602: 1601 1604 
1603: 2903 3251 
1604: 1602 1607 
1605: 272 744 1930 4619 
1606: 9 3705 4304 
1607: 1604 1608 
1608: 1607 1609 
1609: 1608 1610 
1610: 1609 1613 
1611: 159 421 2644 3557 4678 
1612: 95 496 2447 3513 
1613: 1610 1614 
1614: 1613 1615 
1615: 1614 1616 
1616: 1615 1622 
1617: 2007 2994 4399 
1618: 803 808 3278 4089 
1619: 652 976 
1620: 2072 2108 3691 
1621: 932 1179 2647 3171 4352 
1622: 1616 1624 
1623: 826 1134 1167 
1624: 1622 1626 
1625: 826 2334 4172 4619 
1626: 1624 1628 
1627: 2022 4686 
1628: 1626 1630 
1629: 2689 3199 
1630: 1628 1631 
1631: 1630 1632 
1632: 1631 1633 
1633: 1632 1635 
1634: 1561 3948 4475 
1635: 1633 1636 
1636: 1635 1638 
1637: 823 914 1965 4381 
1638: 1636 1640 
1639: 4209 4648 
1640: 1638 1641 
1641: 1640 1642 
1642: 1641 1643 
1643: 1642 1646 
1644: 1824 2404 4092 
1645: 2645 3129 3594 4946 
1646: 1643 1655 
1647: 15 2759 4958 
1648: 1295 2422 
1649: 1014 4378 
1650: 642 715 
1651: 345 3102 3656 3824 
1652: 1281 1403 2862 3981 4451 
1653: 234 1186 1222 3310 3718 
1654: 2837 3095 
1655: 1646 1656 
1656: 1655 1658 
1657: 1968 2590 4196 4937 
1658: 1656 1659 
1659: 1658 1660 
1660: 1659 1661 
1661: 1660 1665 
1662: 892 990 1446 1542 4407 
1663: 32 3174 
1664: 373 2713 3793 
1665: 1661 1670 
1666: 81 1147 2323 3779 
1667: 700 3110 
1668: 1250 2848 
1669: 1182 2143 4317 4589 
1670: 1665 1672 
1671: 964 2111 4512 4958 
1672: 1670 1673 
1673: 1672 1674 
1674: 1673 1675 
1675: 1674 1676 
1676: 1675 1681 
1677: 641 2341 2511 4318 
1678: 135 2696 4995 
1679: 931 2144 4548 
1680: 1135 1232 1806 3409 3512 
1681: 1676 1682 
1682: 1681 1683 
1683: 1682 1685 
1684: 565 1344 2322 3519 
1685: 1683 1687 
1686: 273 2317 4280 
1687: 1685 1688 
1688: 1687 1689 
1689: 1688 1690 
1690: 1689 1691 
1691: 1690 1693 
1692: 83 3667 3918 
1693: 1691 1694 
1694: 1693 1695 
1695: 1694 1696 
1696: 1695 1697 
1697: 1696 1699 
1698: 2713 3606 4325 
1699: 1697 1700 
1700: 1699 1704 
1701: 2194 3031 4882 
1702: 2962 4209 4555 4986 
1703: 602 829 1440 2015 2505 
1704: 1700 1705 
1705: 1704 1706 
1706: 1705 1711 
1707: 518 3192 4800 
1708: 49 506 1381 4184 4368 
1709: 1307 2837 3132 3650 
1710: 171 1971 2199 3031 3404 
1711: 1706 1712 
1712: 1711 1713 
1713: 1712 1714 
1714: 1713 1715 
1715: 1714 1716 
1716: 1715 1717 
1717: 1716 1722 
1718: 387 1434 2516 2725 3849 
1719: 1400 1847 4450 
1720: 691 769 1053 1309 3338 
1721: 669 1274 1992 2147 3119 
1722: 1717 1723 
1723: 1722 1728 
1724: 1042 2845 4384 
1725: 1124 2124 3528 
1726: 233 803 3498 3509 
1727: 1083 3283 
1728: 1723 1731 
1729: 745 1246 1247 3357 
1730: 725 2416 3030 3068 3653 
1731: 1728 1732 
1732: 1731 1733 
1733: 1732 1736 
1734: 834 3214 3755 4796 4980 
1735: 2728 3184 4150 4632 
1736: 1733 1737 
1737: 1736 1738 
1738: 1737 1739 
1739: 1738 1740 
1740: 1739 1741 
1741: 1740 1742 
1742: 1741 1744 
1743: 513 2772 3711 
1744: 1742 1746 
1745: 310 1022 4837 
1746: 1744 1747 
1747: 1746 1748 
1748: 1747 1749 
1749: 1748 1750 
1750: 1749 1752 
1751: 1011 1443 1958 4826 
1752: 1750 1762 
1753: 981 2191 3270 4505 
1754: 1335 1591 4355 4390 
1755: 1132 2873 4032 
1756: 2810 3535 
1757: 3333 3818 
1758: 1868 3882 
1759: 421 4388 4974 
1760: 1311 4841 4860 4880 
1761: 295 535 634 2144 3830 
1762: 1752 1765 
1763: 1155 2163 2313 2506 3024 
1764: 624 3955 
1765: 1762 1766 
1766: 1765 1767 
1767: 1766 1770 
1768: 23 907 
1769: 2476 3410 4182 
1770: 1767 1771 
1771: 1770 1772 
1772: 1771 1774 
1773: 441 1483 2371 4475 
1774: 1772 1776 
1775: 23 377 443 857 4466 
1776: 1774 1777 
1777: 1776 1784 
1778: 1440 2039 2300 4141 
1779: 587 2117 
1780: 777 1113 1540 4458 
1781: 97 1138 3349 
1782: 1471 4499 
1783: 1239 2999 4870 
1784: 1777 1785 
1785: 1784 1788 
1786: 934 3080 4274 
1787: 126 286 2804 2835 
1788: 1785 1791 
1789: 1281 2666 3225 3982 
1790: 777 3188 3587 3979 
1791: 1788 1795 
1792: 964 2307 3412 4835 
1793: 1573 3024 3328 3508 4178 
1794: 1523 2985 3981 4750 
1795: 1791 1796 
1796: 1795 1797 
1797: 1796 1798 
1798: 1797 1799 
1799: 1798 1804 
1800: 88 144 3038 
1801: 535 894 2666 
1802: 3178 3764 4465 
1803: 4643 4661 
1804: 1799 1807 
1805: 129 4938 
1806: 1680 2135 3160 
1807: 1804 1814 
1808: 76 1162 2829 4049 4956 
1809: 171 1203 4355 
1810: 593 4643 4853 
1811: 2897 4390 4998 
1812: 1135 3645 3849 
1813: 1963 3097 
1814: 1807 1816 
1815: 1302 4023 4743 
1816: 1814 1818 
1817: 2820 3166 4795 
1818: 1816 1819 
1819: 1818 1820 
1820: 1819 1822 
1821: 61 2384 2688 3508 
1822: 1820 1825 
1823: 909 1388 2662 4293 
1824: 1100 1644 4559 
1825: 1822 1826 
1826: 1825 1829 
1827: 2656 4573 
1828: 1971 2699 
1829: 1826 1831 
1830: 1863 2677 3487 
1831: 1829 1832 
1832: 1831 1833 
1833: 1832 1834 
1834: 1833 1835 
1835: 1834 1837 2334 
1836: 51 212 232 
1837: 1835 1838 
1838: 1837 1843 
1839: 1120 1963 4574 
1840: 292 2000 4027 
1841: 109 717 1925 3202 4914 
1842: 146 2461 2989 3589 3651 
1843: 1838 1846 
1844: 680 1166 1232 
1845: 2169 3212 3375 3982 4957 
1846: 1843 1848 
1847: 1719 3076 
1848: 1846 1850 
1849: 584 1478 3725 4457 
1850: 1848 1852 
1851: 658 2602 3301 
1852: 1850 1853 
1853: 1852 1855 
1854: 276 2164 2220 2545 
1855: 1853 1857 
1856: 671 1879 2041 3183 3690 
1857: 1855 1859 
1858: 647 1086 1347 4312 
1859: 1857 1860 
1860: 1859 1862 
1861: 1238 2076 3947 
1862: 1860 1864 
1863: 1830 3799 3896 4144 4600 
1864: 1862 1865 
1865: 1864 1866 
1866: 1865 1867 
1867: 1866 1871 
1868: 1758 4808 
1869: 1931 2824 4121 4277 
1870: 1894 4402 
1871: 1867 1872 
1872: 1871 1873 
1873: 1872 1875 
1874: 90 2031 
1875: 1873 1876 
1876: 1875 1878 
1877: 2861 4001 4529 
1878: 1876 1880 
1879: 481 950 1856 3335 3879 
1880: 1878 1883 
1881: 773 1556 2105 4325 4562 
1882: 403 811 3357 4223 
1883: 1880 1884 
1884: 1883 1885 
1885: 1884 1886 
1886: 1885 1887 
1887: 1886 1890 
1888: 3600 3630 3773 
1889: 84 2036 
1890: 1887 1891 
1891: 1890 1892 
1892: 1891 1893 
1893: 1892 1895 
1894: 30 1870 
1895: 1893 1896 
1896: 1895 1898 
1897: 786 4647 
1898: 1896 1899 
1899: 1898 1901 
1900: 499 2182 2257 3331 4177 
1901: 1899 1902 
1902: 1901 1904 
1903: 303 763 3175 
1904: 1902 1906 
1905: 2105 3657 3748 3844 4331 
1906: 1904 1907 
1907: 1906 1909 
1908: 1025 2315 2500 3999 
1909: 1907 1910 
1910: 1909 1913 
1911: 1061 1297 3411 3922 4280 
1912: 3378 3977 
1913: 1910 1914 
1914: 1913 1918 
1915: 2724 2915 3339 3850 4990 
1916: 2710 4836 
1917: 124 2208 3166 3629 
1918: 1914 1920 
1919: 882 2148 2632 4313 
1920: 1918 1921 
1921: 1920 1923 
1922: 4185 4322 
1923: 1921 1924 
1924: 1923 1926 
1925: 650 1002 1841 2039 4875 
1926: 1924 1927 
1927: 1926 1929 
1928: 322 943 4807 
1929: 1927 1932 
1930: 345 369 1605 2639 2723 
1931: 1869 2734 4878 
1932: 1929 1937 
1933: 2480 3810 4335 4967 
1934: 1472 2208 2963 4455 4489 
1935: 3953 4673 
1936: 1177 2330 
1937: 1932 1941 
1938: 1239 2633 
1939: 390 4489 
1940: 276 2402 
1941: 1937 1942 
1942: 1941 1943 
1943: 1942 1944 
1944: 1943 1945 
1945: 1944 1947 
1946: 1359 1973 4457 4987 
1947: 1945 1950 
1948: 2342 4451 
1949: 565 1189 4210 
1950: 1947 1951 
1951: 1950 1952 
1952: 1951 1955 
1953: 777 2400 3012 
1954: 1280 3682 3816 
1955: 1952 1956 
1956: 1955 1959 
1957: 2418 3071 3809 
1958: 1751 3473 3509 4686 
1959: 126 1956 1960 
1960: 1959 1964 
1961: 2742 3834 4307 4358 
1962: 1231 2135 3054 3741 4649 
1963: 122 1813 1839 2784 4590 
1964: 1960 1969 
1965: 201 1637 3862 4479 
1966: 797 2592 3055 
1967: 1970 3626 3961 
1968: 1657 4602 
1969: 1964 1972 
1970: 387 1967 2246 
1971: 859 1710 1828 4405 
1972: 1969 1975 
1973: 205 233 1946 
1974: 1163 2298 3408 
1975: 1972 1977 
1976: 292 675 2521 3508 
1977: 1975 1978 
1978: 1977 1979 
1979: 1978 1980 
1980: 1979 1981 
1981: 1980 1982 
1982: 914 1981 1983 
1983: 1982 1985 
1984: 3506 4270 4564 
1985: 1983 1987 
1986: 1407 2043 3114 3370 
1987: 1985 1988 
1988: 1987 1989 
1989: 1988 1991 
1990: 986 3127 3999 
1991: 1989 1993 
1992: 416 1721 4269 4422 
1993: 1991 1994 
1994: 1993 1995 
1995: 1994 1996 
1996: 1995 1997 
1997: 1996 1998 
1998: 1997 2002 
1999: 140 3889 
2000: 735 1840 3715 
2001: 3275 4597 
2002: 1998 2004 
2003: 1458 2607 2754 2835 3320 
2004: 2002 2006 
2005: 330 2331 4019 
2006: 2004 2009 
2007: 1617 2143 
2008: 2113 2359 
2009: 2006 2012 
2010: 349 1256 2490 2786 
2011: 1349 3109 3239 3315 
2012: 2009 2013 
2013: 2012 2014 
2014: 2013 2018 
2015: 950 1703 4265 4539 
2016: 83 1115 2105 
2017: 126 1102 1585 2435 
2018: 2014 2019 
2019: 2018 2021 
2020: 320 660 3988 4405 4669 
2021: 2019 2024 
2022: 785 1627 3108 3634 
2023: 1166 2704 
2024: 2021 2027 
2025: 2453 4673 
2026: 1186 4039 
2027: 2024 2029 
2028: 697 1364 3802 
2029: 2027 2030 
2030: 2029 2034 
2031: 671 1874 2784 4417 
2032: 448 3821 
2033: 3263 4880 
2034: 2030 2037 
2035: 1027 2444 2484 3199 4974 
2036: 183 1889 2516 4193 4619 
2037: 2034 2040 
2038: 672 3765 4319 
2039: 1778 1925 2097 2933 3220 
2040: 2037 2044 
2041: 687 1856 3286 4119 
2042: 1508 4646 4676 
2043: 1986 2989 4178 
2044: 2040 2045 
2045: 2044 2046 
2046: 2045 2048 
2047: 1590 2242 
2048: 2046 2053 
2049: 1557 3236 
2050: 788 1284 3731 4168 
2051: 625 3784 
2052: 3002 4034 4305 
2053: 2048 2055 
2054: 1505 3411 3802 
2055: 2053 2056 
2056: 2055 2060 
2057: 1313 2836 4568 4685 
2058: 509 954 1259 1556 3816 
2059: 2957 2974 4642 
2060: 2056 2061 
2061: 2060 2062 
2062: 2061 2066 
2063: 645 4309 
2064: 1170 3574 3799 4669 
2065: 4119 4726 
2066: 2062 2067 
2067: 2066 2070 
2068: 1004 3955 4921 
2069: 932 1163 1216 2661 
2070: 2067 2071 
2071: 2070 2073 
2072: 873 1620 3709 
2073: 2071 2078 
2074: 1090 1202 1510 2816 
2075: 1259 4719 
2076: 1861 2919 4214 
2077: 156 2552 2699 4824 
2078: 2073 2079 
2079: 2078 2083 
2080: 2275 4411 
2081: 1380 4891 
2082: 789 2187 4234 
2083: 2079 2084 
2084: 2083 2085 
2085: 2084 2086 
2086: 2085 2088 
2087: 188 3897 4072 
2088: 2086 2089 
2089: 2088 2090 
2090: 2089 2093 
2091: 812 3620 
2092: 2232 2631 2748 3193 4262 
2093: 2090 2095 
2094: 941 1232 3628 4672 
2095: 2093 2096 
2096: 2095 2102 
2097: 794 2039 2112 4270 
2098: 1464 3784 4012 
2099: 498 1314 2696 3138 
2100: 724 813 3160 
2101: 901 4780 
2102: 2096 2103 
2103: 2102 2104 
2104: 2103 2106 
2105: 886 1881 1905 2016 2453 
2106: 2104 2107 
2107: 2106 2109 
2108: 1620 2289 4681 
2109: 2107 2114 
2110: 2818 4624 4975 
2111: 1671 4778 
2112: 707 2097 3425 
2113: 513 1400 2008 2712 
2114: 2109 2115 
2115: 2114 2116 
2116: 2115 2120 
2117: 1575 1779 2631 3955 4774 
2118: 257 1596 2189 4504 4573 
2119: 595 4614 
2120: 2116 2121 
2121: 2120 2122 
2122: 2121 2123 
2123: 2122 2126 
2124: 1725 4116 
2125: 2255 2805 3175 3949 
2126: 2123 2127 
2127: 2126 2129 
2128: 3372 3488 4398 
2129: 2127 2131 
2130: 342 940 987 
2131: 2129 2133 
2132: 702 950 2877 3921 
2133: 2131 2137 
2134: 764 775 937 2841 4390 
2135: 1806 1962 3356 3945 4917 
2136: 1222 2963 4528 4721 4866 
2137: 2133 2138 
2138: 2137 2139 
2139: 2138 2140 
2140: 2139 2141 
2141: 2140 2145 
2142: 702 1166 
2143: 1279 1669 2007 4854 
2144: 652 1679 1761 3575 4692 
2145: 2141 2149 
2146: 84 3020 3528 4344 4920 
2147: 242 1721 3807 
2148: 600 859 1022 1919 4914 
2149: 2145 2151 
2150: 4702 4875 
2151: 2149 2152 
2152: 2151 2155 
2153: 498 1128 3060 
2154: 631 3054 3055 3340 4309 
2155: 2152 2156 
2156: 2155 2159 
2157: 2665 4503 4945 
2158: 435 1483 2172 2757 3705 
2159: 2156 2160 
2160: 2159 2162 
2161: 2703 3357 4762 
2162: 2160 2166 
2163: 1763 2255 4430 4903 4947 
2164: 1378 1560 1854 3978 4757 
2165: 302 2480 3303 4492 
2166: 2162 2170 
2167: 502 4553 
2168: 1409 4409 
2169: 443 1845 
2170: 2166 2173 3825 
2171: 1407 3195 3898 
2172: 626 2158 4197 
2173: 2170 2175 
2174: 681 996 1414 4912 
2175: 2173 2179 
2176: 613 2259 2974 4800 4840 
2177: 364 1156 
2178: 2268 3616 
2179: 2175 2180 
2180: 2179 2183 
2181: 437 1403 3600 
2182: 1900 3872 4936 
2183: 2180 2185 
2184: 3737 4210 
2185: 2183 2186 
2186: 2185 2192 
2187: 343 848 2082 
2188: 1205 3249 4061 4799 
2189: 9 1007 2118 2562 4190 
2190: 2392 3185 4798 
2191: 749 1753 2704 
2192: 2186 2193 
2193: 2192 2198 
2194: 124 964 1701 4287 4925 
2195: 2480 2595 2786 
2196: 71 206 1395 
2197: 359 4430 4547 
2198: 2193 2202 
2199: 1710 2490 3561 4656 
2200: 1062 4451 
2201: 1295 4167 4672 
2202: 2198 2203 
2203: 2202 2205 
2204: 1009 1179 3127 3888 4395 
2205: 2203 2209 
2206: 1111 1304 2870 3701 3920 
2207: 2876 3171 4678 
2208: 187 771 1917 1934 3909 
2209: 2205 2210 
2210: 2209 2212 
2211: 1172 1276 3717 
2212: 2210 2213 
2213: 2212 2216 
2214: 531 2861 3690 4942 
2215: 517 685 1348 2646 
2216: 2213 2217 
2217: 2216 2223 
2218: 1019 2661 3946 3953 4989 
2219: 120 1303 4112 
2220: 387 1854 4694 
2221: 976 3133 3702 4268 
2222: 33 239 574 1301 2252 
2223: 2217 2225 
2224: 1449 4270 
2225: 2223 2226 
2226: 2225 2227 
2227: 2226 2228 
2228: 2227 2229 
2229: 2228 2231 
2230: 3681 3831 3955 4000 4427 
2231: 2229 2235 
2232: 996 2092 3409 
2233: 276 761 987 4234 4998 
2234: 2341 3872 4688 
2235: 2231 2236 
2236: 2235 2237 
2237: 2236 2239 
2238: 769 2375 4494 4959 
2239: 2237 2241 
2240: 1392 3237 
2241: 2239 2243 
2242: 679 2047 3292 4910 
2243: 2241 2244 
2244: 2243 2245 
2245: 2244 2247 
2246: 303 1970 
2247: 2245 2248 
2248: 2247 2249 
2249: 2248 2250 
2250: 2249 2253 
2251: 532 2364 3295 3880 4005 
2252: 33 2222 2645 
2253: 2250 2261 
2254: 2792 3411 4189 
2255: 174 2125 2163 
2256: 497 696 920 
2257: 1900 4409 4745 
2258: 2887 4078 
2259: 263 1038 2176 
2260: 2780 3271 3681 4212 
2261: 2253 2262 
2262: 2261 2263 
2263: 2262 2264 
2264: 2263 2266 
2265: 1447 2309 2390 3133 4220 
2266: 2264 2267 
2267: 2266 2270 
2268: 745 2178 3183 
2269: 3076 3706 3780 3866 4475 
2270: 2267 2273 
2271: 159 3936 4563 
2272: 135 1400 4945 
2273: 2270 2276 
2274: 299 1196 2758 
2275: 2080 2798 
2276: 2273 2277 
2277: 2276 2278 
2278: 2277 2279 
2279: 2278 2280 
2280: 2279 2283 
2281: 30 870 1151 2710 
2282: 4013 4683 4728 4903 
2283: 2280 2284 
2284: 2283 2285 
2285: 2284 2287 
2286: 2804 3209 3786 4389 4500 
2287: 2285 2288 
2288: 2287 2291 
2289: 2108 2492 2728 
2290: 538 2299 3497 
2291: 2288 2292 
2292: 2291 2293 
2293: 2292 2294 
2294: 2293 2295 
2295: 2294 2296 
2296: 2295 2297 
2297: 2296 2302 
2298: 761 1974 2557 3178 
2299: 113 1378 2290 3275 4528 
2300: 355 1778 4576 
2301: 1091 1251 
2302: 2297 2303 
2303: 2302 2305 
2304: 187 409 1478 2495 4806 
2305: 2303 2306 
2306: 2305 2308 
2307: 1792 3717 
2308: 2306 2310 
2309: 461 2265 
2310: 2308 2314 
2311: 605 3115 4472 4599 4646 
2312: 2747 4055 
2313: 1763 4688 
2314: 2310 2319 
2315: 1908 3331 4642 4954 
2316: 3543 4027 4555 4709 4920 
2317: 880 1686 
2318: 411 4152 
2319: 2314 2320 
2320: 2319 2321 
2321: 2320 2325 
2322: 786 1684 3419 3922 4480 
2323: 1666 3491 4990 
2324: 100 1548 2918 3557 
2325: 2321 2326 
2326: 2325 2332 
2327: 1090 2947 2983 4860 
2328: 2741 3645 
2329: 466 4102 
2330: 1102 1936 4236 
2331: 719 2005 3369 3801 
2332: 2326 2333 
2333: 2332 2335 
2334: 1203 1625 1835 
2335: 2333 2336 
2336: 2335 2337 
2337: 2336 2339 
2338: 1574 3257 3600 4044 4363 
2339: 2337 2340 
2340: 2339 2343 
2341: 1677 2234 2955 3735 
2342: 1948 2790 3776 
2343: 2340 2344 
2344: 2343 2345 
2345: 2344 2346 
2346: 2345 2347 
2347: 2346 2348 
2348: 2347 2349 
2349: 2348 2350 
2350: 2349 2351 
2351: 2350 2353 
2352: 2713 4381 
2353: 2351 2354 
2354: 2353 2356 
2355: 1101 1124 4811 
2356: 2354 2360 
2357: 288 722 1079 4281 
2358: 647 3623 
2359: 306 2008 
2360: 2356 2362 
2361: 928 4818 
2362: 2360 2365 
2363: 3498 3672 
2364: 666 2251 2699 
2365: 2362 2367 
2366: 445 1281 4119 4418 
2367: 2365 2369 
2368: 376 2557 3310 
2369: 2367 2372 
2370: 234 1023 3308 4382 
2371: 1395 1541 1773 3057 4296 
2372: 2369 2373 3352 
2373: 2372 2374 
2374: 2373 2376 
2375: 399 2238 4814 
2376: 2374 2377 
2377: 2376 2378 
2378: 2377 2379 
2379: 2378 2380 
2380: 2379 2383 
2381: 135 2680 
2382: 2663 2765 4145 4743 
2383: 2380 2385 
2384: 1821 4197 4460 
2385: 2383 2386 
2386: 2385 2387 
2387: 2386 2388 
2388: 2387 2391 
2389: 650 4783 
2390: 2265 3848 4118 
2391: 2388 2393 
2392: 2190 2410 3372 3739 3938 
2393: 2391 2394 
2394: 2393 2395 
2395: 2394 2396 
2396: 2395 2397 
2397: 2396 2399 
2398: 4212 4262 
2399: 2397 2401 
2400: 1154 1953 4795 
2401: 2399 2403 
2402: 334 1940 2964 3465 4491 
2403: 2401 2405 
2404: 1588 1644 2449 4371 
2405: 2403 2406 
2406: 2405 2407 
2407: 2406 2409 
2408: 394 2506 3047 4374 
2409: 2407 2412 
2410: 882 2392 3670 
2411: 382 2701 4294 
2412: 2409 2413 
2413: 2412 2417 
2414: 744 1466 2640 
2415: 3718 3939 
2416: 90 1218 1730 
2417: 2413 2418 
2418: 1957 2417 2419 
2419: 2418 2420 
2420: 2419 2421 
2421: 2420 2423 
2422: 1648 2579 4807 4937 
2423: 2421 2425 
2424: 188 1038 1335 4299 
2425: 2423 2426 
2426: 2425 2427 
2427: 2426 2428 
2428: 2427 2429 
2429: 2428 2430 
2430: 2429 2432 
2431: 2801 3465 4256 4655 4957 
2432: 2430 2433 
2433: 2432 2436 
2434: 1179 1403 2930 3385 
2435: 2017 2566 3079 
2436: 2433 2437 
2437: 2436 2438 
2438: 2437 2440 
2439: 272 886 
2440: 2438 2445 
2441: 660 4099 
2442: 302 3044 3631 
2443: 466 1168 1216 2693 3669 
2444: 409 2035 4700 
2445: 2440 2446 
2446: 2445 2448 
2447: 604 1612 3699 4418 
2448: 2446 2450 
2449: 2404 4902 
2450: 2448 2451 
2451: 2450 2454 
2452: 304 681 772 3883 4524 
2453: 2025 2105 3257 3852 
2454: 2451 2455 
2455: 2454 2456 
2456: 2455 2457 
2457: 2456 2459 
2458: 3248 3278 4921 
2459: 2457 2463 
2460: 366 1447 2762 3377 
2461: 322 1842 4792 
2462: 649 1365 3522 
2463: 2459 2464 
2464: 2463 2465 
2465: 2464 2466 
2466: 2465 2468 
2467: 1342 4012 4139 4746 
2468: 2466 2469 
2469: 2468 2474 
2470: 1434 4842 
2471: 442 2824 4826 
2472: 786 3375 4371 
2473: 109 301 1543 
2474: 2469 2475 3433 
2475: 2474 2477 
2476: 836 1769 4173 
2477: 2475 2478 
2478: 2477 2479 
2479: 2478 2482 
2480: 1933 2165 2195 
2481: 3049 3327 
2482: 2479 2483 
2483: 2482 2485 
2484: 2035 3822 
2485: 2483 2487 
2486: 103 3648 
2487: 2485 2489 
2488: 202 394 675 1341 2576 
2489: 2487 2491 
2490: 1557 2010 2199 2592 
2491: 1578 2489 2493 
2492: 1314 2289 4851 
2493: 2491 2496 
2494: 212 2952 4435 
2495: 1434 2304 4389 
2496: 2493 2499 
2497: 1584 3301 
2498: 2663 2911 
2499: 2496 2502 
2500: 1510 1908 3271 3671 
2501: 964 3737 3866 
2502: 2499 2504 
2503: 1353 4027 
2504: 2502 2507 
2505: 1703 2790 4413 
2506: 138 473 1221 1763 2408 
2507: 2504 2509 
2508: 2891 3090 3203 
2509: 2507 2510 
2510: 2509 2512 
2511: 439 1677 3360 3513 
2512: 2510 2513 
2513: 2512 2514 
2514: 2513 2517 
2515: 295 803 3667 
2516: 286 1297 1718 2036 3164 
2517: 2514 2518 
2518: 2517 2519 
2519: 2518 2520 
2520: 2519 2522 
2521: 423 725 1197 1976 4808 
2522: 2520 2523 
2523: 2522 2525 
2524: 3167 3488 3741 4442 
2525: 2523 2527 
2526: 3553 3776 4167 4753 
2527: 2525 2528 
2528: 2527 2529 
2529: 2528 2532 
2530: 312 619 
2531: 1102 1502 3033 
2532: 2529 2534 
2533: 509 3153 
2534: 2532 2535 
2535: 2534 2536 
2536: 2535 2537 
2537: 2536 2538 
2538: 2537 2539 
2539: 2538 2541 
2540: 1379 4676 
2541: 2539 2544 
2542: 322 618 1352 1442 3709 
2543: 193 239 3850 4257 
2544: 2541 2547 
2545: 1854 4935 
2546: 50 3055 
2547: 2544 2548 
2548: 2547 2549 
2549: 2548 2551 
2550: 2619 4215 
2551: 2549 2553 
2552: 1246 2077 3518 4215 4395 
2553: 2551 2555 
2554: 3043 3486 3868 3908 
2555: 2553 2560 
2556: 3869 4305 
2557: 282 411 2298 2368 4149 
2558: 2790 2984 3739 4162 
2559: 1366 3518 4854 
2560: 2555 2561 
2561: 2560 2564 
2562: 2189 2784 3129 3132 4322 
2563: 426 824 936 4186 4921 
2564: 2561 2565 
2565: 2564 2567 
2566: 1113 2435 2728 4405 
2567: 2565 2568 
2568: 2567 2569 
2569: 2568 2570 
2570: 2569 2578 
2571: 793 4141 4938 
2572: 3393 4727 
2573: 82 144 2920 3018 
2574: 682 954 
2575: 71 2698 3885 4860 
2576: 2488 4702 
2577: 216 3110 4723 4916 
2578: 2570 2580 
2579: 1349 1407 2422 3284 4811 
2580: 2578 2585 
2581: 169 2829 4524 4986 
2582: 31 2729 3090 3208 
2583: 504 605 2792 4404 4673 
2584: 1361 1472 
2585: 2580 2586 
2586: 2585 2587 
2587: 2586 2588 
2588: 2587 2591 
2589: 33 1151 1483 
2590: 1657 3282 3335 3546 
2591: 2588 2593 
2592: 1966 2490 3452 4147 4857 
2593: 2591 2594 
2594: 2593 2596 
2595: 145 285 2195 4034 4668 
2596: 2594 2597 
2597: 2596 2599 
2598: 2815 4449 
2599: 2597 2601 
2600: 910 3844 4923 
2601: 2599 2603 
2602: 1851 3801 
2603: 2601 2604 
2604: 2603 2605 
2605: 2604 2606 
2606: 2605 2612 
2607: 716 2003 4406 4623 4624 
2608: 67 829 2836 4909 4916 
2609: 3690 4022 4039 
2610: 3371 3570 
2611: 324 4971 
2612: 2606 2613 
2613: 2612 2614 
2614: 2613 2616 
2615: 361 4688 4693 
2616: 2614 2621 
2617: 1003 1069 
2618: 4061 4156 
2619: 983 1021 1234 2550 
2620: 1311 2745 3964 4681 
2621: 2616 2624 
2622: 275 912 3728 
2623: 670 4011 
2624: 2621 2626 
2625: 3189 3755 4955 
2626: 2624 2627 
2627: 2626 2628 
2628: 2627 2629 
2629: 2628 2630 
2630: 2629 2634 
2631: 724 1205 2092 2117 4892 
2632: 695 1919 3634 
2633: 113 169 1197 1938 3315 
2634: 2630 2635 
2635: 2634 2637 
2636: 550 1333 2770 2808 
2637: 2635 2638 
2638: 2637 2642 
2639: 436 1459 1930 3538 4299 
2640: 991 2414 4194 
2641: 700 4719 4794 
2642: 2638 2643 
2643: 2642 2648 
2644: 1611 4128 4388 
2645: 378 1645 2252 4395 4842 
2646: 2215 2775 3243 3622 
2647: 1621 2730 
2648: 2643 2649 
2649: 2648 2650 
2650: 2649 2651 
2651: 2650 2652 
2652: 2651 2655 
2653: 1130 1222 3109 4148 
2654: 1341 2983 3248 4300 
2655: 2652 2658 
2656: 494 1827 3776 
2657: 460 2669 2796 3748 
2658: 2655 2659 
2659: 2658 2664 
2660: 1066 1304 3547 
2661: 2069 2218 3714 
2662: 504 1823 4615 
2663: 2382 2498 3699 4746 4978 
2664: 2659 2668 
2665: 364 396 1154 2157 
2666: 598 1372 1789 1801 3406 
2667: 1223 1541 3015 3653 3820 
2668: 2664 2670 
2669: 894 2657 3362 3698 
2670: 2668 2671 
2671: 2670 2672 
2672: 2671 2673 
2673: 2672 2675 
2674: 257 707 725 4969 
2675: 2673 2679 
2676: 471 1277 
2677: 1830 3494 3728 3878 3898 
2678: 1087 3073 4791 
2679: 2675 2681 
2680: 2381 3522 3851 
2681: 2679 2682 
2682: 2681 2683 
2683: 2682 2684 
2684: 2683 2686 
2685: 3338 4063 
2686: 2684 2687 
2687: 2686 2692 
2688: 310 346 1821 3098 3366 
2689: 1629 2960 4442 
2690: 18 3459 4590 
2691: 1406 3925 
2692: 2687 2694 
2693: 1478 2443 
2694: 2692 2695 
2695: 2694 2700 
2696: 824 1678 2099 
2697: 3896 4005 4199 
2698: 2575 4811 
2699: 1828 2077 2364 2718 3590 
2700: 2695 2702 
2701: 770 2411 4568 
2702: 2700 2705 
2703: 445 2161 3317 3462 
2704: 399 2023 2191 3195 3227 
2705: 2702 2706 
2706: 2705 2707 
2707: 2706 2708 
2708: 2707 2709 
2709: 2708 2711 
2710: 1591 1916 2281 2793 
2711: 2709 2714 
2712: 899 2113 3782 4116 
2713: 1664 1698 2352 
2714: 2711 2715 
2715: 2714 2716 
2716: 2715 2717 
2717: 2716 2720 
2718: 200 2699 
2719: 220 423 829 4168 
2720: 2717 2721 
2721: 2720 2722 
2722: 2721 2726 
2723: 1362 1930 
2724: 1915 4681 
2725: 1718 4247 4505 
2726: 2722 2727 
2727: 2726 2731 
2728: 1735 2289 2566 3730 4870 
2729: 2582 3810 4116 4703 
2730: 67 2647 
2731: 2727 2732 
2732: 2731 2733 
2733: 2732 2735 
2734: 1931 2976 4178 4851 
2735: 2733 2736 
2736: 2735 2737 
2737: 2736 2738 
2738: 2737 2739 
2739: 2738 2743 
2740: 3113 4382 
2741: 163 2328 
2742: 1961 4104 
2743: 2739 2744 
2744: 2743 2746 
2745: 156 2620 2997 3542 
2746: 2744 2749 
2747: 1465 2312 
2748: 555 1571 2092 4992 
2749: 2746 2752 
2750: 398 3939 
2751: 146 3646 3766 4318 4882 
2752: 2749 2753 
2753: 2752 2756 
2754: 369 2003 2765 2876 4060 
2755: 650 3115 4363 
2756: 2753 2760 
2757: 676 740 2158 3810 
2758: 1013 2274 2957 
2759: 349 1348 1647 
2760: 2756 2761 
2761: 2760 2763 
2762: 834 996 2460 4474 
2763: 2761 2766 
2764: 398 3288 3449 3612 3991 
2765: 1315 1445 2382 2754 4592 
2766: 2763 2767 
2767: 2766 2768 
2768: 2767 2769 
2769: 2768 2771 
2770: 197 2636 4143 
2771: 461 2769 2773 
2772: 1743 3433 
2773: 2771 2774 
2774: 2773 2777 
2775: 142 2646 3719 4462 
2776: 278 3653 4199 4503 
2777: 2774 2778 
2778: 2777 2781 
2779: 858 878 3883 
2780: 418 2260 4830 
2781: 2778 2782 
2782: 2781 2783 
2783: 2782 2787 
2784: 1963 2031 2562 
2785: 1011 2974 4987 
2786: 543 878 2010 2195 4076 
2787: 2783 2788 
2788: 2787 2789 
2789: 2788 2791 
2790: 2342 2505 2558 4395 
2791: 2789 2794 
2792: 1507 2254 2583 4538 
2793: 2710 3208 4409 4699 
2794: 2791 2795 
2795: 2794 2797 
2796: 826 2657 3888 4382 
2797: 2795 2799 
2798: 2275 3882 
2799: 2797 2800 
2800: 2799 2803 
2801: 827 2431 4384 
2802: 696 2871 3859 
2803: 2800 2806 
2804: 1787 2286 4207 4293 4697 
2805: 1450 2125 3183 4083 
2806: 2803 2807 
2807: 2806 2809 
2808: 2636 3918 4694 
2809: 2807 2811 
2810: 1756 4271 
2811: 2809 2812 
2812: 2811 2814 
2813: 3197 3263 3747 4936 
2814: 2812 2817 
2815: 103 744 1182 1396 2598 
2816: 1434 2074 3401 4609 4927 
2817: 2814 2819 
2818: 682 2110 3060 3498 
2819: 2817 2821 
2820: 489 1817 
2821: 2819 2822 
2822: 2821 2823 
2823: 2822 2827 
2824: 1545 1869 2471 4177 4269 
2825: 588 1276 3858 
2826: 245 3793 
2827: 2823 2828 
2828: 2827 2830 
2829: 1573 1808 2581 3132 4851 
2830: 2828 2831 
2831: 2830 2832 
2832: 2831 2834 
2833: 3749 4184 4472 
2834: 2832 2838 
2835: 1551 1787 2003 2936 4974 
2836: 2057 2608 4324 
2837: 1654 1709 3539 
2838: 2834 2839 
2839: 2838 2840 
2840: 2839 2842 
2841: 302 2134 3809 4374 
2842: 2840 2843 
2843: 2842 2846 
2844: 1028 1198 
2845: 263 1313 1724 3462 4398 
2846: 2843 2851 
2847: 250 1048 3539 
2848: 1002 1039 1668 
2849: 672 685 1529 4421 
2850: 4092 4116 4274 
2851: 2846 2852 
2852: 2851 2853 
2853: 2852 2854 
2854: 2853 2855 
2855: 2854 2856 
2856: 2855 2857 
2857: 2856 2858 
2858: 2857 2859 
2859: 2858 2863 
2860: 131 970 3681 
2861: 443 945 1557 1877 2214 
2862: 582 1652 
2863: 2859 2864 
2864: 2863 2865 
2865: 2864 2866 
2866: 2865 2867 
2867: 2866 2868 
2868: 2867 2872 
2869: 881 1512 3758 
2870: 2206 4623 
2871: 2802 4946 
2872: 2868 2874 
2873: 1588 1755 
2874: 2872 2878 
2875: 343 599 905 1512 
2876: 863 1037 2207 2754 3552 
2877: 59 562 2132 4927 
2878: 2874 2879 
2879: 2878 2880 
2880: 2879 2881 
2881: 2880 2883 
2882: 1548 4128 4233 
2883: 2881 2885 
2884: 1330 1411 
2885: 2883 2886 
2886: 2885 2888 
2887: 603 2258 4169 
2888: 2886 2893 
2889: 537 875 3410 3497 4052 
2890: 798 3246 3326 4262 
2891: 2508 3978 
2892: 259 602 1311 4411 4612 
2893: 2888 2894 
2894: 2893 2896 
2895: 435 1309 1568 2924 
2896: 2894 2898 
2897: 1811 3311 4589 
2898: 2896 2902 
2899: 1492 3370 4422 4626 4826 
2900: 436 3821 4380 4413 
2901: 576 3922 4747 4852 
2902: 943 2898 2904 
2903: 1603 3503 
2904: 2902 2905 
2905: 2904 2906 
2906: 2905 2907 
2907: 2906 2908 
2908: 2907 2910 
2909: 442 624 
2910: 2908 2913 
2911: 2498 3326 3672 
2912: 398 3616 4916 
2913: 2910 2916 
2914: 1502 3768 
2915: 578 1915 3081 
2916: 2913 2917 
2917: 2916 2922 
2918: 2324 3651 4636 
2919: 2076 3551 
2920: 771 2573 3602 3780 
2921: 51 3589 4625 
2922: 2917 2925 
2923: 2989 4480 
2924: 2895 4392 
2925: 2922 2926 
2926: 2925 2929 
2927: 3216 3412 
2928: 385 3801 
2929: 2926 2931 
2930: 657 2434 4942 
2931: 2929 2932 
2932: 2931 2934 
2933: 2039 4147 
2934: 2932 2935 
2935: 2934 2938 
2936: 2835 4646 
2937: 1208 1348 2976 
2938: 2935 2939 
2939: 2938 2940 
2940: 2939 2942 
2941: 424 1441 
2942: 2940 2943 
2943: 2942 2944 
2944: 2943 2946 
2945: 936 1512 3712 4835 
2946: 2944 2948 
2947: 816 1121 2327 
2948: 2946 2949 
2949: 2948 2951 
2950: 259 409 4927 
2951: 2949 2956 
2952: 2494 4247 4486 
2953: 3867 4086 4733 4958 
2954: 766 4904 
2955: 1123 2341 
2956: 2951 2958 
2957: 2059 2758 3880 4267 
2958: 2956 2959 
2959: 2958 2961 
2960: 2689 3521 
2961: 2959 2965 
2962: 849 1702 4951 
2963: 277 1934 2136 3069 3541 
2964: 836 2402 3889 4555 
2965: 2961 2966 
2966: 2965 2967 
2967: 2966 2969 
2968: 981 4466 4878 
2969: 2967 2970 
2970: 2969 2971 
2971: 2970 2972 
2972: 2971 2973 
2973: 2972 2975 
2974: 2059 2176 2785 4265 4613 
2975: 2973 2978 
2976: 2734 2937 3721 4892 
2977: 1305 1346 4973 
2978: 2975 2980 
2979: 808 4084 4620 
2980: 2978 2981 
2981: 2980 2982 
2982: 2981 2986 
2983: 2327 2654 3896 
2984: 378 794 1507 2558 
2985: 1130 1794 3985 4411 4905 
2986: 2982 2988 
2987: 4733 4921 
2988: 2986 2990 
2989: 1842 2043 2923 
2990: 2988 2991 
2991: 2990 2993 
2992: 425 1285 
2993: 2991 2995 
2994: 479 752 844 1617 
2995: 2993 2996 
2996: 2995 2998 
2997: 236 291 2745 3123 4409 
2998: 2996 3000 
2999: 1783 3630 4097 
3000: 2998 3001 
3001: 3000 3003 
3002: 187 2052 3829 
3003: 3001 3004 
3004: 3003 3005 
3005: 3004 3006 
3006: 3005 3007 
3007: 3006 3009 
3008: 288 4071 
3009: 3007 3010 
3010: 3009 3011 
3011: 3010 3013 
3012: 295 1953 
3013: 3011 3014 
3014: 3013 3016 
3015: 258 2667 4294 
3016: 3014 3017 
3017: 3016 3023 
3018: 2573 4287 
3019: 421 517 1310 
3020: 40 2146 
3021: 1187 1273 1462 
3022: 51 3109 3628 
3023: 3017 3025 
3024: 71 377 1763 1793 4069 
3025: 3023 3027 
3026: 355 366 1314 4728 
3027: 3025 3029 
3028: 1484 3779 
3029: 3027 3032 
3030: 363 1276 1730 4647 4912 
3031: 361 1516 1701 1710 4331 
3032: 3029 3034 
3033: 1065 1588 2531 4791 
3034: 3032 3037 
3035: 1485 1535 
3036: 4050 4887 
3037: 3034 3039 
3038: 440 687 1800 3485 
3039: 3037 3040 
3040: 3039 3041 3498 
3041: 3040 3042 
3042: 3041 3045 
3043: 324 1112 1434 2554 
3044: 2442 4092 4312 
3045: 3042 3046 
3046: 3045 3048 
3047: 1061 2408 3552 4551 
3048: 3046 3050 
3049: 1386 2481 3996 4139 
3050: 3048 3052 
3051: 1168 3339 4491 
3052: 3050 3053 
3053: 3052 3056 
3054: 1962 2154 4564 
3055: 1966 2154 2546 3393 
3056: 3053 3059 
3057: 625 2371 3218 3854 4482 
3058: 1208 3538 4264 
3059: 3056 3061 
3060: 625 970 2153 2818 4304 
3061: 3059 3062 
3062: 3061 3063 
3063: 3062 3064 
3064: 3063 3065 
3065: 3064 3066 
3066: 3065 3070 
3067: 380 484 4071 
3068: 1730 4635 
3069: 345 1006 1189 2963 4984 
3070: 3066 3072 
3071: 113 1957 
3072: 3070 3074 
3073: 177 2678 3303 3691 
3074: 3072 3075 
3075: 3074 3078 
3076: 1847 2269 4039 
3077: 901 1241 4914 
3078: 3075 3082 
3079: 2435 3824 3910 
3080: 105 1786 
3081: 534 797 2915 4036 
3082: 3078 3085 
3083: 956 3122 4541 
3084: 991 3473 4371 
3085: 3082 3086 
3086: 3085 3087 
3087: 3086 3089 
3088: 3634 3936 
3089: 3087 3092 
3090: 270 513 2508 2582 
3091: 236 1007 3909 4421 
3092: 3089 3093 
3093: 3092 3094 
3094: 3093 3096 
3095: 1654 3097 3663 
3096: 3094 3099 
3097: 330 438 1813 3095 4881 
3098: 2688 4749 
3099: 3096 3100 
3100: 3099 3103 
3101: 408 1130 
3102: 420 1651 3182 
3103: 3100 3104 
3104: 3103 3105 
3105: 3104 3106 
3106: 3105 3107 
3107: 3106 3112 
3108: 406 2022 3476 3625 
3109: 2011 2653 3022 
3110: 1667 2577 4078 
3111: 82 144 3735 3888 4944 
3112: 3107 3117 
3113: 145 2740 3452 3971 
3114: 1986 4520 
3115: 2311 2755 4811 
3116: 4948 4952 
3117: 3112 3118 
3118: 3117 3120 
3119: 620 1721 3362 3541 
3120: 3118 3121 
3121: 3120 3124 
3122: 1162 3083 
3123: 1353 1382 2997 4451 4533 
3124: 3121 3126 
3125: 145 1093 4953 
3126: 3124 3130 
3127: 998 1990 2204 3879 3883 
3128: 440 3803 4032 4428 
3129: 251 1645 2562 4463 
3130: 3126 3131 
3131: 3130 3134 
3132: 869 1709 2562 2829 4239 
3133: 87 258 2221 2265 3813 
3134: 3131 3135 
3135: 3134 3136 
3136: 3135 3137 
3137: 3136 3139 
3138: 83 583 2099 3202 4203 
3139: 3137 3140 
3140: 3139 3141 
3141: 3140 3142 
3142: 3141 3143 
3143: 3142 3144 
3144: 3143 3145 
3145: 3144 3146 
3146: 3145 3147 
3147: 3146 3148 
3148: 3147 3149 
3149: 3148 3151 
3150: 641 990 1563 3618 
3151: 3149 3152 
3152: 3151 3154 
3153: 605 1042 2533 4835 
3154: 3152 3155 
3155: 3154 3158 
3156: 1127 3929 
3157: 672 4178 4836 
3158: 3155 3161 
3159: 324 4780 
3160: 93 370 1806 2100 
3161: 3158 3162 
3162: 3161 3165 
3163: 642 1218 3831 
3164: 445 2516 3283 4144 
3165: 3162 3168 
3166: 1547 1817 1917 4810 
3167: 1461 1504 2524 
3168: 3165 3169 
3169: 3168 3170 
3170: 3169 3172 
3171: 438 1621 2207 
3172: 3170 3176 
3173: 574 1344 3880 
3174: 817 1663 
3175: 1903 2125 4973 
3176: 3172 3180 
3177: 532 3834 4322 
3178: 1252 1802 2298 
3179: 574 3320 3626 
3180: 3176 3181 
3181: 3180 3186 
3182: 75 3102 4734 
3183: 1856 2268 2805 3263 4888 
3184: 433 1735 3338 4082 
3185: 2190 4062 4845 
3186: 3181 3187 
3187: 3186 3191 
3188: 87 1790 3404 4656 
3189: 834 2625 4392 4685 
3190: 93 3580 
3191: 3187 3198 
3192: 1707 3214 4779 
3193: 2092 3627 
3194: 224 4369 
3195: 141 275 2171 2704 3931 
3196: 54 1203 3700 4766 
3197: 38 171 679 2813 
3198: 3191 3200 
3199: 1629 2035 4204 4368 
3200: 3198 3201 
3201: 3200 3205 
3202: 899 1841 3138 
3203: 136 997 2508 3444 3622 
3204: 76 3844 4855 
3205: 3201 3206 
3206: 3205 3211 
3207: 875 3706 4166 
3208: 1343 2582 2793 
3209: 517 2286 3487 3606 
3210: 3506 3938 4621 
3211: 3206 3215 
3212: 1084 1845 4557 
3213: 532 4169 4269 
3214: 1734 3192 3240 3725 4703 
3215: 3211 3217 
3216: 1485 2927 4450 4667 4910 
3217: 3215 3219 
3218: 67 3057 
3219: 3217 3221 
3220: 537 991 1168 2039 
3221: 3219 3223 
3222: 774 4456 
3223: 3221 3224 
3224: 3223 3226 
3225: 1789 4807 
3226: 3224 3228 
3227: 2704 3632 4444 
3228: 3226 3229 
3229: 3228 3230 
3230: 3229 3231 
3231: 3230 3232 
3232: 3231 3234 
3233: 29 342 3385 
3234: 3232 3235 
3235: 3234 3238 
3236: 1042 2049 3842 4984 
3237: 556 2240 4262 
3238: 3235 3241 
3239: 378 2011 3699 
3240: 1507 3214 4520 
3241: 3238 3242 
3242: 3241 3244 
3243: 671 2646 4189 
3244: 3242 3245 
3245: 3244 3250 
3246: 883 1366 2890 
3247: 201 4855 
3248: 1020 2458 2654 
3249: 1115 2188 
3250: 3245 3252 
3251: 141 448 1603 4129 
3252: 3250 3253 
3253: 3252 3254 
3254: 3253 3255 
3255: 3254 3258 
3256: 233 885 1113 4210 
3257: 2338 2453 4285 4451 
3258: 3255 3259 
3259: 3258 3260 
3260: 3259 3261 
3261: 3260 3264 
3262: 710 4748 
3263: 1337 2033 2813 3183 3552 
3264: 3261 3266 
3265: 349 763 3548 3630 
3266: 3264 3267 
3267: 3266 3268 
3268: 3267 3269 
3269: 3268 3272 
3270: 1441 1753 4027 4331 
3271: 2260 2500 3721 
3272: 3269 3273 
3273: 3272 3274 
3274: 3273 3277 
3275: 2001 2299 3308 4923 
3276: 349 1029 3299 4538 
3277: 3274 3279 
3278: 9 76 1618 2458 4852 
3279: 3277 3280 
3280: 3279 3281 
3281: 3280 3285 
3282: 490 1584 2590 
3283: 1727 3164 4989 
3284: 270 1074 2579 4635 4885 
3285: 3281 3287 
3286: 2041 4984 
3287: 3285 3289 
3288: 1089 1450 2764 3460 3725 
3289: 3287 3290 
3290: 3289 3291 
3291: 3290 3293 
3292: 1301 2242 3494 
3293: 3291 3294 
3294: 3293 3296 
3295: 158 2251 3618 
3296: 3294 3297 
3297: 3296 3298 
3298: 3297 3302 
3299: 682 3276 3439 3608 3822 
3300: 1438 3922 
3301: 1851 2497 3945 
3302: 3298 3304 
3303: 2165 3073 
3304: 3302 3305 
3305: 3304 3306 
3306: 3305 3309 
3307: 967 3627 
3308: 326 1007 2370 3275 3878 
3309: 3306 3313 
3310: 1653 2368 4005 
3311: 1021 2897 4689 4692 
3312: 885 3651 3812 
3313: 3309 3314 
3314: 3313 3316 
3315: 504 2011 2633 4156 4713 
3316: 3314 3318 
3317: 93 1209 2703 4373 
3318: 3316 3319 
3319: 3318 3321 
3320: 144 408 2003 3179 
3321: 3319 3322 
3322: 3321 3323 
3323: 3322 3325 
3324: 1135 4178 4237 
3325: 3323 3329 
3326: 1053 2890 2911 4304 4985 
3327: 704 710 1527 2481 4099 
3328: 391 1793 3332 3575 
3329: 3325 3330 
3330: 3329 3334 
3331: 1218 1900 2315 3711 4536 
3332: 200 740 1472 3328 4921 
3333: 1101 1757 3755 
3334: 3330 3337 
3335: 257 1879 2590 
3336: 3352 3838 4862 
3337: 3334 3341 
3338: 625 1720 2685 3184 3607 
3339: 331 688 1586 1915 3051 
3340: 772 792 1127 2154 4069 
3341: 3337 3342 
3342: 3341 3343 
3343: 3342 3344 
3344: 3343 3345 
3345: 3344 3346 
3346: 3345 3347 
3347: 3346 3348 
3348: 3347 3351 
3349: 880 1781 
3350: 793 822 
3351: 3348 3353 
3352: 90 260 609 2372 3336 
3353: 3351 3354 
3354: 3353 3355 
3355: 3354 3358 
3356: 1134 2135 3848 4220 
3357: 209 1729 1882 2161 3990 
3358: 3355 3359 
3359: 3358 3364 
3360: 2511 3779 4932 
3361: 4089 4400 
3362: 1357 2669 3119 
3363: 3796 4654 
3364: 3359 3367 4078 
3365: 403 772 775 858 
3366: 1280 2688 
3367: 3364 3368 
3368: 3367 3373 
3369: 429 2331 3737 3921 
3370: 952 991 1205 1986 2899 
3371: 2610 3656 
3372: 2128 2392 3522 4379 
3373: 3368 3374 
3374: 3373 3376 
3375: 1357 1845 2472 
3376: 3374 3379 
3377: 2460 4866 
3378: 1912 3590 3968 4166 
3379: 3376 3380 
3380: 3379 3381 
3381: 3380 3382 
3382: 3381 3383 
3383: 3382 3384 
3384: 3383 3386 
3385: 89 2434 3233 3919 4681 
3386: 3384 3387 
3387: 3386 3388 
3388: 3387 3391 
3389: 3911 4005 4168 4280 
3390: 343 498 693 880 1066 
3391: 3388 3392 
3392: 3391 3394 
3393: 2572 3055 
3394: 3392 3395 
3395: 3394 3396 
3396: 3395 3397 
3397: 3396 3399 
3398: 206 263 1538 
3399: 3397 3402 
3400: 601 3699 4316 
3401: 949 2816 3997 
3402: 3399 3403 
3403: 3402 3405 
3404: 1710 3188 4324 
3405: 3403 3407 
3406: 2666 3651 3962 4590 4632 
3407: 3405 3413 
3408: 1974 3843 4149 
3409: 1680 2232 
3410: 45 1769 2889 
3411: 259 1911 2054 2254 3825 
3412: 1792 2927 3909 
3413: 3407 3414 
3414: 3413 3415 
3415: 3414 3416 
3416: 3415 3417 
3417: 3416 3420 
3418: 366 788 3712 
3419: 373 772 2322 
3420: 3417 3421 
3421: 3420 3422 
3422: 3421 3423 
3423: 3422 3424 
3424: 3423 3426 
3425: 1189 1287 2112 4094 4271 
3426: 3424 3428 
3427: 378 1542 
3428: 3426 3429 
3429: 3428 3430 
3430: 3429 3431 
3431: 3430 3432 
3432: 3431 3434 
3433: 312 2474 2772 
3434: 3432 3438 
3435: 573 3985 4751 4862 
3436: 585 3785 
3437: 102 934 1111 3910 
3438: 3434 3440 
3439: 489 3299 
3440: 3438 3441 
3441: 3440 3442 
3442: 3441 3445 
3443: 1301 1359 
3444: 934 1596 3203 3765 
3445: 3442 3446 
3446: 3445 3447 
3447: 3446 3448 
3448: 3447 3451 
3449: 2764 3666 
3450: 509 1189 3887 4750 
3451: 3448 3453 
3452: 576 2592 3113 
3453: 3451 3455 
3454: 1053 1560 3544 3947 
3455: 3453 3456 
3456: 3455 3457 
3457: 3456 3458 
3458: 3457 3461 
3459: 58 952 2690 
3460: 355 3288 4282 4516 4995 
3461: 3458 3463 
3462: 2703 2845 3735 4611 
3463: 3461 3464 
3464: 3463 3466 
3465: 2402 2431 4833 
3466: 3464 3467 
3467: 3466 3469 
3468: 1042 1248 
3469: 3467 3470 
3470: 3469 3471 
3471: 3470 3475 
3472: 1164 4085 
3473: 1958 3084 
3474: 313 345 4300 
3475: 3471 3477 
3476: 423 1430 3108 
3477: 3475 3478 
3478: 3477 3480 
3479: 3864 4328 
3480: 3478 3481 
3481: 3480 3482 
3482: 3481 3483 
3483: 3482 3484 
3484: 3483 3489 
3485: 1191 1287 3038 
3486: 499 2554 3814 4203 4500 
3487: 1565 1830 3209 
3488: 201 1514 2128 2524 
3489: 3484 3490 
3490: 3489 3492 
3491: 2323 4408 
3492: 3490 3493 
3493: 3492 3496 
3494: 2677 3292 4325 
3495: 982 3910 
3496: 3493 3500 
3497: 38 2290 2889 3705 
3498: 447 1726 2363 2818 3040 
3499: 613 725 4672 
3500: 3496 3501 
3501: 3500 3502 
3502: 3501 3504 
3503: 2903 4862 4887 
3504: 3502 3505 
3505: 3504 3507 
3506: 1984 3210 4057 4747 
3507: 3505 3510 
3508: 707 1793 1821 1976 4951 
3509: 680 1492 1726 1958 
3510: 3507 3511 
3511: 3510 3514 
3512: 306 939 1499 1680 3691 
3513: 1612 2511 
3514: 3511 3515 
3515: 3514 3516 
3516: 3515 3517 
3517: 3516 3520 
3518: 2552 2559 4944 
3519: 792 807 1320 1684 
3520: 3517 3524 
3521: 2960 4778 
3522: 542 2462 2680 3372 
3523: 1081 1211 3753 
3524: 3520 3525 
3525: 3524 3527 
3526: 980 1231 1342 3741 
3527: 3525 3530 
3528: 1094 1725 2146 4277 4780 
3529: 532 698 
3530: 3527 3531 
3531: 3530 3532 
3532: 3531 3534 
3533: 852 4296 
3534: 3532 3536 
3535: 391 870 1756 
3536: 3534 3537 
3537: 3536 3545 
3538: 2639 3058 
3539: 439 2837 2847 
3540: 3765 4166 4800 
3541: 1155 1344 2963 3119 3574 
3542: 141 460 2745 
3543: 395 2316 3813 4641 
3544: 998 3454 3622 
3545: 3537 3550 
3546: 1198 2590 
3547: 848 2660 
3548: 21 3265 3894 4384 4444 
3549: 4214 4606 4903 
3550: 3545 3553 
3551: 1381 1445 2919 
3552: 943 1414 2876 3047 3263 
3553: 2526 3550 3555 
3554: 161 1142 4458 
3555: 3553 3556 
3556: 3555 3559 
3557: 594 1611 2324 
3558: 957 3910 3920 
3559: 3556 3560 
3560: 3559 3562 
3561: 644 2199 3910 
3562: 3560 3563 
3563: 3562 3564 
3564: 3563 3565 
3565: 3564 3566 
3566: 3565 3567 
3567: 3566 3568 
3568: 3567 3569 
3569: 3568 3571 
3570: 883 2610 4177 4533 
3571: 3569 3573 
3572: 4850 4891 
3573: 3571 3576 
3574: 2064 3541 4285 4380 4841 
3575: 1364 2144 3328 
3576: 3573 3578 
3577: 390 1422 1449 
3578: 3576 3579 
3579: 3578 3581 
3580: 3190 4606 4870 
3581: 3579 3583 
3582: 438 4533 4755 
3583: 3581 3585 
3584: 991 3977 4102 4117 
3585: 3583 3586 
3586: 3585 3588 
3587: 1578 1790 4536 
3588: 3586 3592 
3589: 1038 1842 2921 4034 
3590: 126 2699 3378 3852 
3591: 518 1398 
3592: 3588 3595 
3593: 1263 3780 
3594: 426 1645 4197 4535 
3595: 3592 3598 
3596: 4478 4971 
3597: 35 490 543 582 970 
3598: 3595 3599 
3599: 3598 3601 
3600: 1177 1888 2181 2338 3946 
3601: 3599 3603 
3602: 1356 2920 3622 4966 
3603: 3601 3604 
3604: 3603 3605 
3605: 3604 3609 
3606: 1698 3209 3869 3981 
3607: 1494 1574 3338 3985 3997 
3608: 983 1033 1304 3299 4827 
3609: 3605 3611 
3610: 213 624 3630 4870 
3611: 3609 3613 
3612: 1368 2764 4113 4298 4573 
3613: 3611 3614 
3614: 3613 3615 
3615: 3614 3617 
3616: 2178 2912 
3617: 3615 3619 
3618: 3150 3295 4686 
3619: 3617 3621 
3620: 2091 3908 4625 
3621: 3619 3624 
3622: 617 2646 3203 3544 3602 
3623: 1410 2358 
3624: 3621 3633 
3625: 3108 3953 4193 
3626: 598 1570 1967 3179 3662 
3627: 3193 3307 
3628: 2094 3022 
3629: 113 1917 4541 
3630: 1888 2999 3265 3610 4388 
3631: 304 2442 
3632: 1380 3227 3930 4223 
3633: 3624 3635 
3634: 2022 2632 3088 4102 
3635: 3633 3636 
3636: 3635 3640 
3637: 401 1461 3931 
3638: 1222 3961 4575 
3639: 768 1048 4001 4076 4496 
3640: 3636 3641 
3641: 3640 3642 
3642: 3641 3643 
3643: 3642 3644 
3644: 3643 3647 
3645: 167 1812 2328 
3646: 819 920 2751 4785 4974 
3647: 3644 3649 
3648: 45 517 2486 3718 4400 
3649: 3647 3652 
3650: 216 687 1113 1709 
3651: 1842 2918 3312 3406 4335 
3652: 3649 3654 
3653: 1730 2667 2776 
3654: 3652 3655 
3655: 3654 3658 
3656: 138 1087 1651 3371 
3657: 504 1905 4264 4494 
3658: 3655 3659 
3659: 3658 3661 
3660: 148 824 1074 1347 
3661: 3659 3664 
3662: 1285 3626 4280 
3663: 148 3095 
3664: 3661 3665 
3665: 3664 3668 
3666: 1472 3449 
3667: 59 502 1013 1692 2515 
3668: 3665 3673 
3669: 2443 3774 3889 4147 4221 
3670: 2410 4097 
3671: 2500 4208 
3672: 1442 2363 2911 3866 4118 
3673: 3668 3674 
3674: 3673 3675 
3675: 3674 3676 
3676: 3675 3677 
3677: 3676 3678 
3678: 3677 3679 
3679: 3678 3680 
3680: 3679 3683 
3681: 473 1329 2230 2260 2860 
3682: 695 1954 3937 4709 
3683: 3680 3684 
3684: 3683 3685 
3685: 3684 3686 
3686: 3685 3688 
3687: 963 1248 
3688: 3686 3689 
3689: 3688 3692 
3690: 910 1856 2214 2609 4775 
3691: 1600 1620 3073 3512 4298 
3692: 3689 3694 
3693: 1396 4680 4905 
3694: 3692 3695 
3695: 3694 3696 
3696: 3695 3697 
3697: 3696 3703 
3698: 97 2669 
3699: 2447 2663 3239 3400 4841 
3700: 26 828 1163 3196 4548 
3701: 2206 4701 
3702: 615 2221 4991 
3703: 3697 3704 
3704: 3703 3710 
3705: 1606 2158 3497 3803 4528 
3706: 2269 3207 4885 
3707: 1231 3748 4374 4800 4848 
3708: 1263 4296 4316 
3709: 1460 1543 2072 2542 3782 
3710: 3704 3713 
3711: 812 814 1001 1743 3331 
3712: 382 1504 2945 3418 4971 
3713: 3710 3716 
3714: 1133 2661 4805 
3715: 28 2000 3893 4689 
3716: 3713 3720 3892 
3717: 715 811 1262 2211 2307 
3718: 1653 2415 3648 
3719: 1456 2775 4472 4680 4686 
3720: 3716 3722 
3721: 2976 3271 
3722: 3720 3723 
3723: 3722 3724 
3724: 3723 3726 
3725: 1849 3214 3288 4381 
3726: 3724 3727 
3727: 3726 3729 
3728: 703 2622 2677 3944 
3729: 3727 3732 
3730: 1156 1551 2728 4516 
3731: 1396 2050 4811 
3732: 3729 3733 
3733: 3732 3734 
3734: 3733 3738 
3735: 105 2341 3111 3462 
3736: 533 704 
3737: 534 2184 2501 3369 4602 
3738: 3734 3740 
3739: 2392 2558 3876 
3740: 3738 3742 
3741: 669 1962 2524 3526 3843 
3742: 3740 3743 
3743: 3742 3744 
3744: 3743 3745 
3745: 3744 3751 
3746: 3892 4741 
3747: 260 2813 4994 
3748: 30 599 1905 2657 3707 
3749: 273 1269 2833 4685 
3750: 927 4562 
3751: 3745 3752 
3752: 3751 3754 
3753: 494 626 3523 4070 
3754: 3752 3756 
3755: 1734 2625 3333 
3756: 3754 3757 
3757: 3756 3760 
3758: 970 2869 4755 4905 
3759: 183 998 1049 1483 
3760: 3757 3762 
3761: 761 4219 
3762: 3760 3763 
3763: 3762 3767 
3764: 15 849 1802 
3765: 206 2038 3444 3540 4887 
3766: 178 277 2751 3861 3968 
3767: 3763 3769 
3768: 2914 4853 
3769: 3767 3770 
3770: 3769 3771 
3771: 3770 3773 
3772: 276 1324 4850 
3773: 1888 3771 3774 
3774: 3669 3773 3775 
3775: 3774 3777 
3776: 792 1547 2342 2526 2656 
3777: 3775 3778 
3778: 3777 3781 
3779: 1666 3028 3360 
3780: 569 939 2269 2920 3593 
3781: 3778 3783 
3782: 276 2712 3709 
3783: 3781 3787 
3784: 339 561 2051 2098 4636 
3785: 3436 3871 
3786: 604 1349 1499 2286 
3787: 3783 3790 
3788: 789 4074 
3789: 1144 3849 
3790: 3787 3791 
3791: 3790 3792 
3792: 3791 3794 
3793: 1664 2826 
3794: 3792 3797 
3795: 672 1542 
3796: 202 794 907 3363 
3797: 3794 3798 
3798: 3797 3804 
3799: 457 1863 2064 3920 
3800: 1294 3888 4098 
3801: 632 705 2331 2602 2928 
3802: 805 1319 2028 2054 
3803: 141 701 1516 3128 3705 
3804: 3798 3806 
3805: 18 1296 3928 
3806: 3804 3808 
3807: 561 2147 4149 
3808: 3806 3815 
3809: 792 1957 2841 4380 
3810: 1933 2729 2757 
3811: 10 3991 
3812: 980 3312 
3813: 1156 1196 3133 3543 
3814: 138 594 711 1381 3486 
3815: 3808 3817 
3816: 122 1588 1954 2058 
3817: 3815 3819 
3818: 1265 1757 4719 
3819: 3817 3823 
3820: 277 1350 2667 4703 
3821: 697 817 2032 2900 4567 
3822: 2484 3299 
3823: 3819 3826 
3824: 19 945 1651 3079 
3825: 2170 3411 4845 
3826: 3823 3827 
3827: 3826 3828 
3828: 3827 3832 
3829: 3002 4068 4443 
3830: 679 1761 4655 4838 
3831: 2230 3163 4395 
3832: 3828 3833 
3833: 3832 3835 
3834: 893 1961 3177 4310 
3835: 3833 3836 
3836: 3835 3837 
3837: 3836 3839 
3838: 1220 3336 
3839: 3837 3840 
3840: 3839 3841 
3841: 3840 3845 
3842: 304 1309 3236 
3843: 220 1547 3408 3741 
3844: 1537 1905 2600 3204 
3845: 3841 3846 
3846: 3845 3853 
3847: 312 1284 4149 
3848: 1285 2390 3356 4117 
3849: 38 1718 1812 3789 
3850: 823 1540 1915 2543 
3851: 1167 1459 2680 
3852: 36 233 2453 3590 
3853: 3846 3855 
3854: 279 780 810 3057 3864 
3855: 3853 3856 
3856: 3855 3857 
3857: 3856 3860 
3858: 406 2825 
3859: 810 2802 4054 4530 
3860: 3857 3863 
3861: 261 424 3766 
3862: 1965 3919 
3863: 3860 3865 
3864: 880 1399 3479 3854 
3865: 3863 3870 
3866: 598 2269 2501 3672 4555 
3867: 1365 2953 4844 
3868: 1130 2554 4701 4955 
3869: 2556 3606 4645 
3870: 3865 3873 
3871: 370 1121 1294 3785 
3872: 2182 2234 
3873: 3870 3874 
3874: 3873 3875 
3875: 3874 3877 
3876: 3739 4594 
3877: 3875 3881 
3878: 58 826 2677 3308 
3879: 278 1879 3127 
3880: 1294 2251 2957 3173 4252 
3881: 3877 3884 
3882: 1758 2798 4935 
3883: 1240 2452 2779 3127 4319 
3884: 3881 3886 
3885: 250 1445 2575 
3886: 3884 3890 
3887: 652 3450 3982 4576 
3888: 124 2204 2796 3111 3800 
3889: 486 1999 2964 3669 4450 
3890: 3886 3891 
3891: 3890 3895 
3892: 764 3716 3746 
3893: 936 1281 1556 3715 
3894: 486 1241 3548 4669 
3895: 3891 3899 
3896: 1863 2697 2983 
3897: 122 2087 
3898: 179 905 2171 2677 
3899: 3895 3900 
3900: 3899 3901 
3901: 3900 3903 
3902: 1596 4148 
3903: 3901 3904 
3904: 3903 3905 
3905: 3904 3906 
3906: 3905 3907 
3907: 3906 3911 
3908: 883 1350 2554 3620 
3909: 2208 3091 3412 4196 4799 
3910: 3079 3437 3495 3558 3561 
3911: 3389 3907 3912 
3912: 3911 3914 
3913: 1473 4741 
3914: 3912 3915 
3915: 3914 3916 
3916: 3915 3917 
3917: 3916 3923 
3918: 1692 2808 3937 4389 4710 
3919: 817 3385 3862 4109 4462 
3920: 1382 2206 3558 3799 
3921: 2132 3369 4472 
3922: 914 1911 2322 2901 3300 
3923: 3917 3924 
3924: 3923 3926 
3925: 2691 4492 
3926: 3924 3932 
3927: 646 4678 
3928: 665 797 890 3805 
3929: 576 1305 3156 
3930: 418 430 1123 3632 4731 
3931: 3195 3637 4172 
3932: 3926 3933 
3933: 3932 3934 
3934: 3933 3935 
3935: 3934 3940 
3936: 2271 3088 
3937: 61 445 3682 3918 4012 
3938: 2392 3210 4413 
3939: 398 2415 2750 
3940: 3935 3941 
3941: 3940 3942 
3942: 3941 3943 
3943: 3942 3950 
3944: 403 1269 3728 4295 
3945: 2135 3301 
3946: 2218 3600 3981 4588 4938 
3947: 769 1861 3454 3948 4990 
3948: 1209 1634 3947 
3949: 836 859 2125 4958 
3950: 3943 3951 
3951: 3950 3956 
3952: 136 1196 1499 4317 
3953: 1935 2218 3625 
3954: 92 574 854 4887 
3955: 390 1764 2068 2117 2230 
3956: 3951 3957 
3957: 3956 3959 
3958: 4068 4652 
3959: 3957 3960 
3960: 3959 3965 
3961: 1583 1967 3638 4750 
3962: 326 3406 
3963: 980 1404 4772 
3964: 2620 4782 
3965: 3960 3966 
3966: 3965 3967 
3967: 3966 3969 
3968: 506 3378 3766 4118 4918 
3969: 3967 3970 
3970: 3969 3972 
3971: 803 1478 3113 
3972: 3970 3973 
3973: 3972 3974 
3974: 3973 3975 
3975: 3974 3976 
3976: 3975 3979 
3977: 1912 3584 
3978: 1478 2164 2891 4948 
3979: 1790 3976 3980 
3980: 3979 3983 
3981: 688 1652 1794 3606 3946 
3982: 1789 1845 3887 
3983: 3980 3984 
3984: 3983 3986 
3985: 240 2985 3435 3607 4670 
3986: 3984 3987 
3987: 3986 3992 
3988: 873 2020 3990 4050 4312 
3989: 1003 4152 
3990: 1275 3357 3988 4053 4609 
3991: 1462 2764 3811 
3992: 3987 3993 
3993: 3992 3994 
3994: 3993 3995 
3995: 3994 3998 
3996: 644 1343 3049 4380 4951 
3997: 3401 3607 4162 
3998: 3995 4002 
3999: 1571 1908 1990 
4000: 466 2230 4226 
4001: 1276 1877 3639 
4002: 3998 4003 
4003: 4002 4004 
4004: 4003 4006 
4005: 437 2251 2697 3310 3389 
4006: 4004 4007 
4007: 4006 4008 
4008: 4007 4009 
4009: 4008 4010 
4010: 4009 4013 
4011: 18 220 2623 4285 
4012: 2098 2467 3937 
4013: 2282 4010 4014 
4014: 4013 4015 
4015: 4014 4017 
4016: 4338 4799 
4017: 4015 4020 
4018: 536 543 4918 
4019: 2005 4265 4363 
4020: 4017 4021 
4021: 4020 4024 
4022: 2609 4074 4746 
4023: 575 1815 4459 
4024: 4021 4025 
4025: 4024 4026 
4026: 4025 4028 
4027: 1840 2316 2503 3270 
4028: 4026 4029 
4029: 4028 4030 
4030: 4029 4031 
4031: 4030 4035 
4032: 274 1350 1755 3128 4263 
4033: 592 4302 
4034: 2052 2595 3589 4952 
4035: 4031 4037 
4036: 789 792 1484 3081 4444 
4037: 4035 4038 
4038: 4037 4040 
4039: 146 1194 2026 2609 3076 
4040: 4038 4041 
4041: 4040 4042 
4042: 4041 4043 
4043: 4042 4046 
4044: 1134 2338 4551 
4045: 369 1570 
4046: 4043 4048 
4047: 4882 4916 
4048: 4046 4051 
4049: 93 1808 
4050: 3036 3988 4358 
4051: 4048 4056 
4052: 208 1137 2889 4739 
4053: 3990 4076 4576 
4054: 156 326 780 1576 3859 
4055: 2312 4313 
4056: 4051 4058 
4057: 619 3506 4418 
4058: 4056 4059 
4059: 4058 4064 
4060: 60 1006 2754 
4061: 320 2188 2618 
4062: 1514 3185 
4063: 954 2685 4252 
4064: 4059 4065 
4065: 4064 4066 
4066: 4065 4067 
4067: 4066 4073 
4068: 555 777 869 3829 3958 
4069: 3024 3340 4888 
4070: 257 3753 4204 
4071: 1151 3008 3067 
4072: 587 2087 4992 
4073: 4067 4075 
4074: 562 3788 4022 
4075: 4073 4079 
4076: 2786 3639 4053 4536 
4077: 291 4298 
4078: 222 2258 3110 3364 
4079: 4075 4080 
4080: 4079 4081 
4081: 4080 4087 
4082: 97 1329 3184 
4083: 35 1510 2805 4355 
4084: 1223 2979 
4085: 770 3472 4747 
4086: 646 845 2953 
4087: 4081 4088 
4088: 4087 4090 
4089: 857 1150 1618 3361 
4090: 4088 4091 
4091: 4090 4093 
4092: 1644 2850 3044 
4093: 4091 4096 
4094: 267 1372 3425 4533 4985 
4095: 978 4791 
4096: 4093 4100 
4097: 138 2999 3670 
4098: 346 875 1014 3800 4221 
4099: 2441 3327 4102 
4100: 4096 4101 
4101: 4100 4103 
4102: 2329 3584 3634 4099 
4103: 4101 4105 
4104: 2742 4775 
4105: 4103 4106 
4106: 4105 4107 
4107: 4106 4108 
4108: 4107 4109 
4109: 3919 4108 4110 
4110: 4109 4111 
4111: 4110 4115 
4112: 838 1372 2219 
4113: 397 3612 4966 4987 
4114: 671 1575 4721 
4115: 4111 4120 
4116: 2124 2712 2729 2850 
4117: 1508 3584 3848 
4118: 142 2390 3672 3968 4967 
4119: 2041 2065 2366 
4120: 4115 4122 
4121: 561 1170 1869 
4122: 4120 4123 
4123: 4122 4124 
4124: 4123 4125 
4125: 4124 4126 
4126: 4125 4127 
4127: 4126 4130 
4128: 2644 2882 
4129: 1252 3251 4462 4755 
4130: 4127 4132 
4131: 395 399 
4132: 4130 4133 
4133: 4132 4134 
4134: 4133 4135 
4135: 4134 4136 
4136: 4135 4137 
4137: 4136 4138 
4138: 4137 4140 
4139: 2467 3049 4887 
4140: 4138 4142 
4141: 866 1148 1778 2571 4560 
4142: 4140 4146 
4143: 514 1504 2770 
4144: 1863 3164 
4145: 1505 2382 4407 4814 
4146: 4142 4151 
4147: 1019 2592 2933 3669 4363 
4148: 588 702 2653 3902 
4149: 2557 3408 3807 3847 
4150: 604 1735 4535 
4151: 4146 4153 
4152: 2318 3989 
4153: 4151 4154 
4154: 4153 4155 
4155: 4154 4157 
4156: 2618 3315 4340 4766 4774 
4157: 4155 4159 
4158: 346 807 4427 
4159: 4157 4160 
4160: 4159 4161 
4161: 4160 4163 
4162: 2558 3997 4379 4614 
4163: 4161 4164 
4164: 4163 4165 
4165: 4164 4170 
4166: 3207 3378 3540 4404 
4167: 179 866 2201 2526 4623 
4168: 1460 2050 2719 3389 4672 
4169: 658 2887 3213 
4170: 4165 4171 
4171: 4170 4175 
4172: 1326 1625 3931 4281 
4173: 2476 4739 4951 
4174: 1450 1469 4796 
4175: 4171 4176 
4176: 4175 4179 
4177: 1535 1900 2824 3570 
4178: 1793 2043 2734 3157 3324 
4179: 4176 4180 
4180: 4179 4181 
4181: 4180 4183 
4182: 500 1222 1769 
4183: 4181 4187 
4184: 1708 2833 
4185: 1357 1922 
4186: 536 595 632 2563 4810 
4187: 4183 4188 
4188: 4187 4191 
4189: 561 936 1335 2254 3243 
4190: 92 1575 2189 
4191: 4188 4192 
4192: 4191 4195 
4193: 836 1120 2036 3625 
4194: 770 1041 2640 
4195: 4192 4198 
4196: 660 1250 1657 3909 
4197: 2172 2384 3594 4204 
4198: 4195 4201 
4199: 1005 2697 2776 
4200: 614 4621 
4201: 4198 4205 
4202: 1002 1026 4486 
4203: 1187 1342 3138 3486 
4204: 394 647 3199 4070 4197 
4205: 4201 4206 
4206: 4205 4211 
4207: 1411 2804 
4208: 416 1565 3671 
4209: 614 1639 1702 
4210: 1949 2184 3256 4541 
4211: 4206 4213 
4212: 2260 2398 
4213: 4211 4216 
4214: 19 509 669 2076 3549 
4215: 740 940 2550 2552 4238 
4216: 4213 4218 
4217: 866 4611 
4218: 4216 4222 
4219: 3761 4478 
4220: 2265 3356 4257 
4221: 3669 4098 
4222: 4218 4224 
4223: 1882 3632 4942 
4224: 4222 4225 
4225: 4224 4227 
4226: 174 4000 4404 
4227: 4225 4228 
4228: 4227 4229 
4229: 4228 4230 
4230: 1586 4229 4231 
4231: 4230 4232 
4232: 4231 4235 
4233: 998 1505 2882 
4234: 595 2082 2233 4453 4535 
4235: 4232 4240 
4236: 2330 4755 
4237: 3324 4779 
4238: 650 4215 4602 
4239: 894 983 1505 3132 
4240: 4235 4241 
4241: 4240 4242 
4242: 4241 4243 
4243: 4242 4244 
4244: 4243 4245 
4245: 4244 4246 
4246: 4245 4248 
4247: 251 2725 2952 
4248: 4246 4249 
4249: 4248 4250 
4250: 4249 4251 
4251: 4250 4253 
4252: 3880 4063 
4253: 4251 4255 
4254: 1027 1466 
4255: 4253 4256 
4256: 2431 4255 4258 
4257: 1410 2543 4220 4588 4936 
4258: 4256 4259 
4259: 4258 4260 
4260: 4259 4261 
4261: 4260 4266 
4262: 1494 2092 2398 2890 3237 
4263: 81 411 4032 
4264: 3058 3657 4475 
4265: 1515 2015 2974 4019 
4266: 4261 4272 
4267: 1247 2957 4568 4622 
4268: 447 2221 4317 4576 
4269: 1361 1992 2824 3213 4600 
4270: 1984 2097 2224 4781 
4271: 2810 3425 4701 
4272: 4266 4273 
4273: 4272 4278 
4274: 1786 2850 4723 
4275: 437 1087 1576 
4276: 1164 4512 
4277: 825 1869 3528 4465 
4278: 4273 4279 
4279: 4278 4283 
4280: 1686 1911 3389 3662 
4281: 147 2357 4172 
4282: 191 1310 1365 3460 4456 
4283: 4279 4284 
4284: 4283 4286 
4285: 3257 3574 4011 
4286: 4284 4288 
4287: 220 798 1005 2194 3018 
4288: 4286 4289 
4289: 4288 4291 
4290: 35 4358 
4291: 4289 4292 
4292: 4291 4295 
4293: 577 1112 1402 1823 2804 
4294: 2411 3015 4317 
4295: 3944 4292 4301 
4296: 2371 3533 3708 
4297: 814 1179 1551 
4298: 3612 3691 4077 
4299: 1120 2424 2639 
4300: 216 2654 3474 
4301: 4295 4303 
4302: 208 841 4033 
4303: 4301 4306 
4304: 1025 1606 3060 3326 
4305: 2052 2556 4818 
4306: 4303 4308 
4307: 1466 1961 4986 
4308: 4306 4311 
4309: 61 337 1447 2063 2154 
4310: 342 945 3834 
4311: 4308 4315 
4312: 1858 3044 3988 
4313: 1919 4055 
4314: 291 950 1275 
4315: 4311 4320 
4316: 196 680 987 3400 3708 
4317: 1669 3952 4268 4294 
4318: 1677 2751 4980 
4319: 1100 2038 3883 
4320: 4315 4321 
4321: 4320 4323 
4322: 909 1216 1922 2562 3177 
4323: 4321 4326 
4324: 2836 3404 
4325: 1698 1881 3494 
4326: 4323 4327 
4327: 4326 4329 
4328: 685 3479 4535 
4329: 4327 4330 
4330: 4329 4332 
4331: 1905 3031 3270 
4332: 4330 4333 
4333: 4332 4334 
4334: 4333 4336 
4335: 1933 3651 
4336: 4334 4337 
4337: 4336 4339 
4338: 1229 4016 4833 
4339: 4337 4341 
4340: 4156 4683 
4341: 4339 4342 
4342: 4341 4343 
4343: 4342 4344 
4344: 2146 4343 4345 
4345: 4344 4346 
4346: 4345 4347 
4347: 4346 4348 
4348: 4347 4349 
4349: 4348 4350 
4350: 4349 4351 
4351: 4350 4353 
4352: 92 828 1093 1621 4954 
4353: 4351 4354 
4354: 4353 4356 
4355: 502 1754 1809 4083 
4356: 4354 4357 
4357: 4356 4359 
4358: 193 1961 4050 4290 4892 
4359: 4357 4360 
4360: 4359 4361 
4361: 4360 4362 
4362: 4361 4364 
4363: 1079 2338 2755 4019 4147 
4364: 4362 4365 
4365: 4364 4366 
4366: 4365 4367 
4367: 4366 4370 
4368: 1708 3199 4947 
4369: 163 1549 3194 4513 
4370: 4367 4372 
4371: 1361 2404 2472 3084 4840 
4372: 4370 4375 
4373: 167 3317 4647 
4374: 2408 2841 3707 
4375: 4372 4376 
4376: 4375 4377 
4377: 4376 4383 
4378: 1029 1649 
4379: 1009 3372 4162 4656 
4380: 2900 3574 3809 3996 4568 
4381: 1540 1637 2352 3725 4780 
4382: 216 2370 2740 2796 
4383: 4377 4385 
4384: 1133 1724 2801 3548 4844 
4385: 4383 4386 
4386: 201 4385 4387 
4387: 4386 4391 
4388: 84 1759 2644 3630 4533 
4389: 2286 2495 3918 4632 4682 
4390: 1754 1811 2134 
4391: 4387 4393 
4392: 2924 3189 
4393: 4391 4396 
4394: 537 1545 
4395: 2204 2552 2645 2790 3831 
4396: 4393 4397 
4397: 4396 4401 
4398: 305 2128 2845 4504 
4399: 95 550 1617 
4400: 116 849 3361 3648 
4401: 4397 4403 
4402: 370 644 1197 1870 
4403: 4401 4410 
4404: 2583 4166 4226 
4405: 274 1596 1971 2020 2566 
4406: 282 1590 2607 
4407: 649 1363 1662 4145 
4408: 397 542 3491 
4409: 2168 2257 2793 2997 4835 
4410: 4403 4412 
4411: 2080 2892 2985 
4412: 4410 4414 
4413: 2505 2900 3938 4551 4565 
4414: 4412 4415 
4415: 4414 4416 
4416: 4415 4419 
4417: 461 518 849 2031 4680 
4418: 730 1398 2366 2447 4057 
4419: 4416 4420 
4420: 4419 4423 
4421: 349 600 2849 3091 
4422: 1992 2899 4852 
4423: 4420 4424 
4424: 4423 4426 
4425: 940 1274 4435 
4426: 4424 4429 
4427: 447 2230 4158 
4428: 378 656 963 3128 4654 
4429: 4426 4432 
4430: 872 2163 2197 4692 
4431: 1575 4567 4603 
4432: 4429 4433 
4433: 4432 4434 
4434: 4433 4436 
4435: 940 2494 4425 
4436: 4434 4437 
4437: 4436 4438 
4438: 4437 4439 
4439: 4438 4440 
4440: 4439 4441 
4441: 4440 4445 
4442: 363 693 1234 2524 2689 
4443: 1229 1519 3829 
4444: 3227 3548 4036 
4445: 4441 4446 
4446: 4445 4448 
4447: 560 4500 
4448: 4446 4454 
4449: 3 1565 2598 
4450: 1719 3216 3889 
4451: 1652 1948 2200 3123 3257 
4452: 1180 1403 
4453: 609 1039 4234 
4454: 4448 4461 
4455: 1934 4947 
4456: 701 3222 4282 
4457: 1459 1849 1946 4753 
4458: 582 1780 3554 
4459: 937 1344 1576 4023 4974 
4460: 939 2384 
4461: 4454 4464 
4462: 984 1445 2775 3919 4129 
4463: 322 656 730 3129 
4464: 4461 4467 
4465: 1802 4277 4513 
4466: 1775 2968 
4467: 4464 4468 
4468: 4467 4469 
4469: 4468 4470 
4470: 4469 4471 
4471: 4470 4473 
4472: 2311 2833 3719 3921 4925 
4473: 4471 4476 
4474: 1135 1307 2762 
4475: 1634 1773 2269 4264 
4476: 4473 4477 
4477: 4476 4483 
4478: 3596 4219 4878 
4479: 841 1965 
4480: 1081 2322 2923 
4481: 981 1074 1508 4836 
4482: 245 399 538 1347 3057 
4483: 4477 4484 
4484: 4483 4485 
4485: 4484 4487 
4486: 583 850 2952 4202 
4487: 4485 4488 
4488: 4487 4490 
4489: 1934 1939 
4490: 4488 4493 
4491: 2402 3051 4655 
4492: 311 1545 2165 3925 4606 
4493: 4490 4495 
4494: 1014 2238 3657 
4495: 4493 4497 
4496: 937 3639 
4497: 4495 4498 
4498: 4497 4501 
4499: 1782 4881 
4500: 481 2286 3486 4447 
4501: 4498 4506 
4502: 798 1180 4838 
4503: 669 2157 2776 
4504: 239 2118 4398 4620 
4505: 1753 2725 4951 
4506: 4501 4507 
4507: 4506 4508 
4508: 4507 4509 
4509: 4508 4510 
4510: 4509 4511 
4511: 4510 4514 
4512: 1504 1671 4276 4980 
4513: 518 1205 4369 4465 
4514: 4511 4515 
4515: 4514 4517 
4516: 3460 3730 4923 
4517: 4515 4518 
4518: 4517 4519 
4519: 4518 4521 
4520: 777 3114 3240 
4521: 4519 4522 
4522: 4521 4523 
4523: 4522 4525 
4524: 634 785 2452 2581 
4525: 4523 4526 
4526: 4525 4527 
4527: 4526 4532 
4528: 1089 2136 2299 3705 
4529: 556 1418 1877 
4530: 3859 4638 
4531: 1471 1576 
4532: 4527 4534 
4533: 3123 3570 3582 4094 4388 
4534: 4532 4537 
4535: 183 3594 4150 4234 4328 
4536: 629 3331 3587 4076 4600 
4537: 4534 4540 
4538: 2792 3276 4625 
4539: 771 819 977 2015 
4540: 4537 4542 
4541: 1540 3083 3629 4210 
4542: 4540 4543 
4543: 4542 4544 
4544: 4543 4545 
4545: 4544 4546 
4546: 4545 4549 
4547: 854 2197 
4548: 617 1679 3700 
4549: 4546 4550 
4550: 4549 4552 
4551: 534 3047 4044 4413 
4552: 4550 4554 
4553: 55 224 970 2167 
4554: 4552 4556 
4555: 1702 2316 2964 3866 
4556: 4554 4561 
4557: 1505 3212 4999 
4558: 286 4818 
4559: 188 1824 
4560: 845 4141 
4561: 4556 4566 
4562: 1084 1881 3750 4727 
4563: 304 440 2271 
4564: 1984 3054 
4565: 768 1187 4413 
4566: 493 4561 4569 
4567: 899 3821 4431 
4568: 2057 2701 4267 4380 
4569: 4566 4571 
4570: 19 4948 
4571: 4569 4572 
4572: 4571 4577 
4573: 1827 2118 3612 
4574: 1839 4932 
4575: 71 3638 
4576: 251 2300 3887 4053 4268 
4577: 4572 4578 
4578: 4577 4579 
4579: 4578 4581 
4580: 363 1386 
4581: 4579 4582 
4582: 4581 4583 
4583: 4582 4584 
4584: 4583 4585 
4585: 4584 4586 
4586: 4585 4587 
4587: 4586 4591 
4588: 1365 1518 3946 4257 
4589: 1669 2897 4732 
4590: 457 569 1963 2690 3406 
4591: 4587 4593 
4592: 1048 2765 
4593: 4591 4595 
4594: 983 3876 
4595: 4593 4596 
4596: 4595 4598 
4597: 1265 1304 2001 
4598: 4596 4601 
4599: 716 1254 2311 
4600: 618 957 1863 4269 4536 
4601: 4598 4604 
4602: 1968 3737 4238 4956 
4603: 1314 4431 4636 
4604: 4601 4605 
4605: 4604 4607 
4606: 638 3549 3580 4492 4635 
4607: 4605 4608 
4608: 4607 4610 
4609: 178 1469 2816 3990 
4610: 4608 4616 
4611: 3462 4217 4818 
4612: 531 1307 1386 2892 
4613: 100 2974 4772 
4614: 2119 4162 
4615: 617 1552 2662 
4616: 4610 4618 
4617: 436 939 4925 
4618: 4616 4627 
4619: 1041 1605 1625 2036 4700 
4620: 931 1363 2979 4504 
4621: 609 3210 4200 
4622: 343 4267 4667 
4623: 1342 2607 2870 4167 4999 
4624: 1027 1028 2110 2607 
4625: 707 2921 3620 4538 
4626: 816 1484 2899 
4627: 4618 4628 
4628: 4627 4629 
4629: 4628 4630 
4630: 4629 4631 
4631: 4630 4633 
4632: 719 1735 3406 4389 
4633: 4631 4634 
4634: 4633 4637 
4635: 138 1121 3068 3284 4606 
4636: 956 2918 3784 4603 
4637: 4634 4639 
4638: 191 442 1279 4530 4734 
4639: 4637 4640 
4640: 4639 4644 
4641: 200 1485 3543 4900 
4642: 1023 2059 2315 
4643: 1803 1810 
4644: 4640 4650 
4645: 116 3869 
4646: 930 2042 2311 2936 
4647: 1897 3030 4373 
4648: 577 1639 
4649: 49 1962 
4650: 4644 4651 
4651: 4650 4653 
4652: 88 3958 
4653: 4651 4657 
4654: 1568 3363 4428 
4655: 2431 3830 4491 
4656: 2199 3188 4379 
4657: 4653 4658 
4658: 4657 4659 
4659: 4658 4660 
4660: 4659 4662 
4661: 1464 1803 
4662: 4660 4663 
4663: 4662 4664 
4664: 4663 4665 
4665: 4664 4666 
4666: 4665 4670 
4667: 1083 3216 4622 
4668: 147 886 2595 
4669: 645 2020 2064 3894 4678 
4670: 3985 4666 4671 
4671: 4670 4675 
4672: 1402 2094 2201 3499 4168 
4673: 592 1179 1935 2025 2583 
4674: 1150 1208 1399 
4675: 4671 4677 
4676: 2042 2540 
4677: 4675 4679 
4678: 1611 2207 3927 4669 
4679: 4677 4684 
4680: 100 3693 3719 4417 
4681: 2108 2620 2724 3385 
4682: 852 949 1263 4389 
4683: 21 533 2282 4340 
4684: 4679 4687 
4685: 29 825 2057 3189 3749 
4686: 1627 1958 3618 3719 
4687: 4684 4690 
4688: 588 2234 2313 2615 
4689: 3311 3715 
4690: 4687 4691 
4691: 4690 4695 
4692: 743 2144 3311 4430 4938 
4693: 178 1382 2615 
4694: 2220 2808 4792 
4695: 4691 4696 
4696: 4695 4698 
4697: 97 593 2804 
4698: 4696 4704 
4699: 124 2793 
4700: 2444 4619 
4701: 3701 3868 4271 
4702: 2150 2576 
4703: 302 370 2729 3214 3820 
4704: 4698 4707 
4705: 624 1115 1527 
4706: 60 139 208 805 
4707: 4704 4708 
4708: 4707 4711 
4709: 429 2316 3682 4957 
4710: 274 1382 3918 
4711: 4708 4712 
4712: 4711 4714 
4713: 1330 3315 
4714: 4712 4715 
4715: 4714 4716 
4716: 4715 4717 
4717: 4716 4718 
4718: 224 4717 4720 
4719: 1430 2075 2641 3818 
4720: 4718 4722 
4721: 2136 4114 
4722: 4720 4724 
4723: 706 1510 2577 4274 
4724: 4722 4725 
4725: 4724 4729 
4726: 676 1172 2065 
4727: 2572 4562 4854 
4728: 2282 3026 4810 
4729: 4725 4730 
4730: 4729 4732 
4731: 441 3930 
4732: 4589 4730 4735 
4733: 420 2953 2987 
4734: 3182 4638 
4735: 4732 4737 
4736: 992 1007 4959 
4737: 4735 4738 
4738: 4737 4740 
4739: 4052 4173 4792 
4740: 4738 4742 
4741: 213 3746 3913 4925 
4742: 4740 4744 
4743: 1815 2382 4935 
4744: 4742 4752 
4745: 646 1475 2257 
4746: 764 1122 2467 2663 4022 
4747: 483 514 2901 3506 4085 
4748: 1334 3262 
4749: 279 990 3098 4842 4935 
4750: 1794 3450 3961 
4751: 82 686 3435 
4752: 4744 4754 
4753: 2526 4457 
4754: 4752 4756 
4755: 55 3582 3758 4129 4236 
4756: 4754 4758 
4757: 392 1578 2164 4991 
4758: 4756 4759 
4759: 4758 4760 
4760: 4759 4761 
4761: 4760 4763 
4762: 241 497 2161 
4763: 4761 4764 
4764: 4763 4765 
4765: 4764 4767 
4766: 954 1148 1494 3196 4156 
4767: 4765 4768 
4768: 4767 4769 
4769: 4768 4770 
4770: 4769 4771 
4771: 4770 4773 
4772: 892 3963 4613 
4773: 4771 4776 
4774: 213 1148 2117 4156 
4775: 696 1162 3690 4104 
4776: 4773 4777 
4777: 4776 4786 
4778: 555 2111 3521 
4779: 305 3192 4237 
4780: 2101 3159 3528 4381 
4781: 4270 4795 
4782: 420 813 3964 
4783: 593 772 2389 
4784: 473 1426 
4785: 617 824 896 3646 
4786: 4777 4787 
4787: 4786 4788 
4788: 4787 4789 
4789: 4788 4793 
4790: 717 992 1062 
4791: 909 2678 3033 4095 
4792: 2461 4694 4739 
4793: 4789 4797 
4794: 2641 4848 
4795: 1817 2400 4781 
4796: 1022 1734 4174 
4797: 4793 4801 
4798: 2190 4923 
4799: 250 2188 3909 4016 
4800: 904 1707 2176 3540 3707 
4801: 4797 4802 
4802: 4801 4803 
4803: 4802 4804 
4804: 4803 4805 
4805: 3714 4804 4809 
4806: 892 1274 1413 2304 
4807: 1275 1928 2422 3225 4959 
4808: 1081 1868 2521 
4809: 4805 4812 
4810: 3166 4186 4728 
4811: 2355 2579 2698 3115 3731 
4812: 4809 4813 
4813: 4812 4815 
4814: 2375 4145 
4815: 4813 4816 
4816: 4815 4819 
4817: 622 727 
4818: 2361 4305 4558 4611 
4819: 4816 4820 
4820: 4819 4821 
4821: 4820 4822 
4822: 4821 4823 
4823: 4822 4828 
4824: 177 1191 2077 
4825: 161 1558 4937 
4826: 632 1280 1751 2471 2899 
4827: 850 1168 3608 
4828: 4823 4829 
4829: 4828 4831 
4830: 2780 
4831: 4829 4832 
4832: 4831 4834 
4833: 3465 4338 
4834: 4832 4839 
4835: 1792 2945 3153 4409 
4836: 1916 3157 4481 
4837: 1065 1362 1745 
4838: 1578 3830 4502 
4839: 4834 4843 
4840: 2176 4371 
4841: 438 1760 3574 3699 4999 
4842: 263 2470 2645 4749 4973 
4843: 4839 4846 
4844: 270 1535 3867 4384 
4845: 3185 3825 
4846: 4843 4847 
4847: 4846 4849 
4848: 3707 4794 
4849: 4847 4856 
4850: 3572 3772 
4851: 2492 2734 2829 
4852: 2901 3278 4422 
4853: 1810 3768 
4854: 2143 2559 4727 
4855: 652 701 3204 3247 
4856: 4849 4858 
4857: 1366 2592 
4858: 4856 4859 
4859: 4858 4861 
4860: 605 1760 2327 2575 
4861: 4859 4863 
4862: 3336 3435 3503 
4863: 4861 4864 
4864: 4863 4865 
4865: 4864 4867 
4866: 425 686 2136 3377 4973 
4867: 4865 4868 
4868: 4867 4869 
4869: 4868 4871 
4870: 426 1783 2728 3580 3610 
4871: 4869 4872 
4872: 4871 4873 
4873: 4872 4874 
4874: 4873 4876 
4875: 1925 2150 
4876: 4874 4877 
4877: 4876 4879 
4878: 1931 2968 4478 
4879: 4877 4883 
4880: 538 722 1760 2033 
4881: 3097 4499 
4882: 1701 2751 4047 
4883: 4879 4886 
4884: 656 775 4909 4954 
4885: 3284 3706 
4886: 4883 4889 
4887: 3036 3503 3765 3954 4139 
4888: 360 483 1342 3183 4069 
4889: 4886 4890 
4890: 4889 4893 
4891: 1112 2081 3572 
4892: 202 2631 2976 4358 
4893: 4890 4894 
4894: 4893 4895 
4895: 4894 4896 
4896: 4895 4897 
4897: 4896 4898 
4898: 4897 4899 
4899: 4898 4901 
4900: 583 4641 
4901: 4899 4906 
4902: 1287 2449 
4903: 2163 2282 3549 
4904: 1267 1515 2954 
4905: 111 2985 3693 3758 
4906: 4901 4907 
4907: 4906 4908 
4908: 4907 4911 
4909: 481 2608 4884 
4910: 669 2242 3216 
4911: 4908 4913 
4912: 2174 3030 
4913: 4911 4915 
4914: 1841 2148 3077 
4915: 4913 4919 
4916: 2577 2608 2912 4047 
4917: 706 1548 2135 
4918: 1372 1473 3968 4018 
4919: 4915 4922 
4920: 956 2146 2316 
4921: 2068 2458 2563 2987 3332 
4922: 4919 4924 
4923: 2600 3275 4516 4798 
4924: 4922 4926 
4925: 1461 2194 4472 4617 4741 
4926: 4924 4928 
4927: 2816 2877 2950 
4928: 4926 4929 
4929: 4928 4930 
4930: 4929 4931 
4931: 4930 4933 
4932: 3360 4574 
4933: 4931 4934 
4934: 4933 4939 
4935: 2545 3882 4743 4749 
4936: 622 2182 2813 4257 4976 
4937: 1657 2422 4825 
4938: 624 1805 2571 3946 4692 
4939: 4934 4940 
4940: 4939 4941 
4941: 4940 4943 
4942: 1574 2214 2930 4223 
4943: 4941 4949 
4944: 122 534 1543 3111 3518 
4945: 2157 2272 
4946: 1645 2871 
4947: 2163 4368 4455 
4948: 3116 3978 4570 
4949: 4943 4950 
4950: 4949 4953 
4951: 2962 3508 3996 4173 4505 
4952: 3116 4034 
4953: 3125 4950 4960 
4954: 2315 4352 4884 
4955: 2625 3868 
4956: 197 704 1808 4602 
4957: 967 1845 2431 4709 
4958: 1312 1647 1671 2953 3949 
4959: 705 2238 4736 4807 
4960: 4953 4961 
4961: 4960 4962 
4962: 4961 4963 
4963: 4962 4964 
4964: 4963 4965 
4965: 4964 4970 
4966: 193 3602 4113 
4967: 95 159 1462 1933 4118 
4968: 233 1359 
4969: 703 1333 1557 2674 
4970: 4965 4972 
4971: 313 601 2611 3596 3712 
4972: 4970 4977 
4973: 1365 2977 3175 4842 4866 
4974: 1759 2035 2835 3646 4459 
4975: 598 2110 
4976: 1368 4936 
4977: 4972 4979 
4978: 878 2663 
4979: 4977 4981 
4980: 425 1734 4318 4512 
4981: 4979 4982 
4982: 4981 4983 
4983: 4982 4988 
4984: 1296 1311 3069 3236 3286 
4985: 1518 3326 4094 
4986: 1702 2581 4307 
4987: 1946 2785 4113 
4988: 4983 4993 
4989: 682 2218 3283 
4990: 29 380 1915 2323 3947 
4991: 1547 3702 4757 
4992: 2748 4072 
4993: 4988 4996 
4994: 320 418 448 638 3747 
4995: 355 1678 3460 
4996: 4993 4997 
4997: 4996 
4998: 83 1811 2233 
4999: 242 1312 4557 4623 4841 
40