0: 1114 4313 
1: 79 4290 4632 
2: 2491 2643 4151 4786 
3: 1095 1539 
4: 230 2720 3369 4404 4491 
5: 6 
6: 5 7 
7: 6 8 
8: 7 10 
9: 529 1695 2038 3440 4112 
10: 8 11 
11: 10 12 
12: 11 17 
13: 1187 2902 3973 4243 
14: 597 1921 4006 
15: 744 3238 3248 
16: 894 1888 2938 2975 4038 
17: 12 18 
18: 17 19 
19: 18 20 
20: 19 25 
21: 821 3111 4583 
22: 3135 3849 4034 
23: 44 213 2802 3774 
24: 1472 4014 4309 
25: 20 27 
26: 927 1488 3042 
27: 25 28 
28: 27 29 
29: 28 31 
30: 893 4180 
31: 29 32 
32: 31 33 
33: 32 35 343 
34: 1600 2872 4415 
35: 33 36 
36: 35 37 
37: 36 39 
38: 769 3920 
39: 37 40 
40: 39 41 
41: 40 42 
42: 41 50 
43: 1449 1854 4614 
44: 23 619 4225 
45: 69 4840 
46: 1573 3460 4378 
47: 962 2872 3531 
48: 1106 1387 4860 
49: 221 1730 3781 4083 
50: 42 51 
51: 50 52 
52: 51 53 
53: 52 54 
54: 53 56 
55: 405 1822 3308 4006 
56: 54 57 
57: 56 58 
58: 57 60 
59: 713 1870 3080 
60: 58 62 
61: 1077 1660 1677 
62: 60 65 
63: 2136 2341 2472 3681 4531 
64: 258 1092 1190 4662 
65: 62 68 
66: 1378 2336 2873 3395 
67: 2778 3050 3205 
68: 65 70 
69: 45 3404 3459 
70: 68 71 
71: 70 73 
72: 754 3811 
73: 71 76 
74: 1731 3643 
75: 438 4261 4397 4410 4663 
76: 73 81 
77: 163 1251 1982 2098 2902 
78: 1993 2503 3276 
79: 1 2897 
80: 134 1483 2662 3007 
81: 76 87 
82: 2189 3150 
83: 1784 2108 2643 
84: 339 3972 
85: 334 885 1696 
86: 1794 2909 4431 
87: 81 91 
88: 1043 2718 3123 
89: 3229 3359 
90: 3782 4072 
91: 87 92 
92: 91 93 
93: 92 94 
94: 93 97 
95: 337 3286 
96: 3271 3821 
97: 94 102 
98: 2863 3857 4246 
99: 1834 3110 
100: 232 2339 4746 
101: 1993 2218 
102: 97 106 
103: 856 2862 
104: 567 4006 4147 
105: 1546 3242 3324 
106: 102 107 
107: 106 108 
108: 107 109 
109: 108 114 
110: 2148 2936 3878 4810 
111: 124 1119 2117 
112: 2594 3593 
113: 1685 4291 
114: 109 115 
115: 114 119 
116: 161 827 961 
117: 3567 4382 
118: 2741 2894 
119: 115 121 
120: 2856 3890 3907 4128 
121: 119 123 
122: 1616 2461 2887 3662 3928 
123: 121 126 
124: 111 1607 1814 3677 
125: 1201 1586 2766 
126: 123 128 2308 
127: 1549 3138 3967 
128: 126 129 
129: 128 133 
130: 802 3318 
131: 2487 4169 4604 
132: 495 2105 3540 4757 
133: 129 136 
134: 80 440 3646 
135: 337 2539 
136: 133 138 
137: 431 2189 2227 
138: 136 139 
139: 138 141 
140: 1999 2493 3928 
141: 139 143 
142: 3562 3920 
143: 141 144 
144: 143 145 
145: 144 146 
146: 145 147 
147: 146 148 
148: 147 150 
149: 480 1294 2186 3212 4040 
150: 148 152 
151: 2572 4118 4408 4591 4690 
152: 150 154 
153: 2950 3033 
154: 152 162 
155: 2341 2489 
156: 1035 4519 4621 
157: 2535 4359 4490 
158: 861 1096 1877 2322 
159: 2602 2800 4575 
160: 574 4705 
161: 116 424 
162: 154 164 
163: 77 1368 2598 3703 3928 
164: 162 165 
165: 164 166 
166: 165 168 
167: 1104 1975 
168: 166 169 
169: 168 170 
170: 169 172 
171: 3375 4356 
172: 170 174 
173: 366 380 4151 4227 4277 
174: 172 175 
175: 174 177 
176: 2440 3143 4066 4686 
177: 175 179 
178: 1918 3367 
179: 177 180 
180: 179 182 
181: 696 1017 4841 4884 
182: 180 186 
183: 1581 2282 3210 3386 
184: 2733 2982 4501 4564 
185: 4143 4619 
186: 182 187 
187: 186 188 
188: 187 190 
189: 785 3909 4974 
190: 188 191 
191: 190 192 
192: 191 195 
193: 3302 4398 
194: 1233 2109 2278 3980 4652 
195: 192 196 
196: 195 201 
197: 314 2765 3221 
198: 1627 1791 
199: 249 1466 1704 3335 4914 
200: 606 1288 2338 
201: 196 204 
202: 1491 1789 3983 
203: 1350 1670 4039 
204: 201 208 
205: 1052 2961 3673 
206: 799 2655 4699 
207: 539 1875 1977 1987 
208: 204 210 
209: 226 4983 
210: 208 212 
211: 2955 3020 
212: 210 214 
213: 23 1117 1472 2936 4639 
214: 212 215 
215: 214 220 
216: 625 2888 3310 4974 
217: 1015 2394 3467 3644 
218: 2946 3309 
219: 1265 4545 4880 
220: 215 225 
221: 49 704 946 4069 4295 
222: 716 1573 3434 
223: 611 939 4237 4309 
224: 647 1587 
225: 220 228 
226: 209 805 4569 
227: 752 3705 
228: 225 229 
229: 228 231 
230: 4 945 3928 4654 
231: 229 236 
232: 100 1907 
233: 461 791 1364 4365 4849 
234: 809 1559 2573 
235: 2790 4195 
236: 231 238 
237: 554 1049 4857 
238: 236 245 
239: 1946 2766 3954 4241 
240: 469 797 2093 2573 3772 
241: 1494 2786 
242: 742 1088 4170 
243: 1566 3894 4857 
244: 585 4404 
245: 238 246 
246: 245 247 
247: 246 250 
248: 1501 2779 3523 
249: 199 726 3318 
250: 247 253 
251: 1360 1423 1704 2067 
252: 1251 2525 
253: 250 254 
254: 253 256 
255: 3948 4844 4955 
256: 254 260 
257: 3887 3975 4070 
258: 64 1631 4992 
259: 2114 2626 4119 
260: 256 261 
261: 260 262 
262: 261 263 
263: 262 264 
264: 263 265 
265: 264 268 
266: 3505 4296 4958 
267: 2623 4008 
268: 265 272 
269: 2981 3563 
270: 1089 2076 2143 4235 
271: 2403 2418 
272: 268 276 
273: 2102 2679 3850 4180 4181 
274: 317 3353 3650 4987 
275: 351 2409 3544 
276: 272 277 
277: 276 279 2523 
278: 596 1461 1822 
279: 277 280 
280: 279 281 
281: 280 282 
282: 281 284 
283: 907 2754 
284: 282 285 
285: 284 287 
286: 765 2155 4419 
287: 285 288 
288: 287 289 
289: 288 290 
290: 289 294 
291: 1358 3254 4967 
292: 812 3661 
293: 1493 2503 
294: 290 296 
295: 1708 2749 3864 4995 
296: 294 297 
297: 296 298 
298: 297 299 
299: 298 300 
300: 299 302 
301: 528 1469 
302: 300 303 
303: 302 306 
304: 770 1117 2336 
305: 1801 3849 4072 
306: 303 307 
307: 306 309 
308: 2118 2889 
309: 307 310 
310: 309 311 
311: 310 312 
312: 311 313 
313: 312 315 
314: 197 1696 3037 
315: 313 318 
316: 2456 4162 
317: 274 1600 1618 3106 4968 
318: 315 319 
319: 318 321 
320: 3215 3375 
321: 319 322 
322: 321 323 
323: 322 324 
324: 323 327 
325: 728 1455 
326: 2072 3168 3973 
327: 324 328 
328: 327 331 
329: 1597 2277 
330: 2992 4420 
331: 328 332 
332: 331 335 
333: 1699 3905 4106 
334: 85 4235 
335: 332 336 
336: 335 338 
337: 95 135 
338: 336 341 
339: 84 1136 1232 
340: 582 2676 3705 4374 4847 
341: 338 342 
342: 341 344 
343: 33 771 2926 4905 
344: 342 345 
345: 344 346 
346: 345 348 
347: 1413 1483 3484 
348: 346 349 
349: 348 350 
350: 349 352 
351: 275 4129 4596 
352: 350 356 
353: 1198 1315 2726 4542 
354: 951 4416 
355: 3635 4822 
356: 352 357 
357: 356 360 
358: 382 2210 4963 
359: 532 740 
360: 357 361 
361: 360 364 
362: 2924 4501 
363: 2123 2580 2831 4814 
364: 361 367 
365: 2079 2190 2209 2468 
366: 173 2457 2616 3080 4124 
367: 364 368 
368: 367 369 
369: 368 370 
370: 369 371 
371: 370 373 
372: 877 2839 3937 
373: 371 374 
374: 373 375 
375: 374 376 
376: 375 377 
377: 376 378 
378: 377 381 
379: 675 1466 3907 4508 
380: 173 1627 2327 2876 
381: 378 383 
382: 358 4630 4748 
383: 381 385 
384: 996 1047 1651 3521 4757 
385: 383 386 
386: 385 387 
387: 386 388 
388: 387 389 
389: 388 391 
390: 1019 3836 4164 
391: 389 392 
392: 391 398 
393: 4309 4932 
394: 2869 3642 3923 
395: 540 3021 
396: 430 691 1240 3331 
397: 486 1136 1600 4385 
398: 392 401 
399: 1334 2384 
400: 1994 2870 3407 
401: 398 406 
402: 748 4242 4424 
403: 1738 2072 3612 4672 
404: 1405 1650 
405: 55 1027 1407 1461 4780 
406: 401 407 
407: 406 409 
408: 965 1101 2982 
409: 407 410 
410: 409 412 
411: 604 1088 3363 4005 
412: 410 413 
413: 412 414 
414: 413 415 
415: 414 417 
416: 1429 1805 
417: 415 418 
418: 417 420 
419: 1358 4743 
420: 418 421 
421: 420 422 
422: 421 423 
423: 422 427 
424: 161 2901 3280 
425: 3428 4023 
426: 795 2860 3467 3823 
427: 423 428 
428: 427 429 
429: 428 432 
430: 396 518 576 1852 2124 
431: 137 599 
432: 429 433 
433: 432 434 
434: 433 437 
435: 2131 2275 4862 
436: 478 1618 3613 
437: 434 441 
438: 75 634 1261 3553 
439: 1265 2933 3096 
440: 134 1319 2242 3720 
441: 437 444 
442: 1455 4285 
443: 1751 2104 2601 
444: 441 446 
445: 2022 2485 
446: 444 447 
447: 446 448 
448: 447 449 
449: 448 450 
450: 449 452 
451: 1724 2394 3481 4323 
452: 450 453 
453: 452 454 
454: 453 455 
455: 454 457 
456: 1149 2304 
457: 455 458 
458: 457 459 
459: 458 460 
460: 459 462 
461: 233 727 1928 4006 
462: 460 463 
463: 462 464 
464: 463 465 
465: 464 466 
466: 465 468 
467: 1058 2672 3460 
468: 466 472 
469: 240 941 1135 2514 
470: 1110 1832 1943 2597 4787 
471: 495 927 2856 2942 
472: 468 473 
473: 472 474 
474: 473 476 
475: 717 964 2704 
476: 474 479 
477: 3144 3956 
478: 436 4895 4996 
479: 476 481 
480: 149 675 3087 4251 4308 
481: 479 482 
482: 481 483 
483: 482 485 
484: 1239 1506 
485: 483 488 
486: 397 3890 4569 4938 
487: 1412 3047 4850 
488: 485 491 
489: 1865 1877 3359 
490: 2070 2802 4373 
491: 488 493 
492: 3522 4493 
493: 491 494 
494: 493 497 
495: 132 471 1945 
496: 1857 2354 4358 4874 
497: 494 498 
498: 497 499 
499: 498 502 
500: 1231 3954 4371 
501: 884 907 4823 
502: 499 504 
503: 3675 4841 
504: 502 505 
505: 504 507 
506: 2067 4305 
507: 505 508 1408 
508: 507 509 
509: 508 510 
510: 509 511 
511: 510 512 
512: 511 513 
513: 512 514 
514: 513 519 
515: 3112 4335 4802 
516: 1296 2655 2824 3357 
517: 2172 3016 3505 3603 4173 
518: 430 740 
519: 514 522 
520: 3980 4516 
521: 1549 1985 4936 
522: 519 524 
523: 1315 2442 4086 
524: 522 530 
525: 2858 3404 3422 3870 
526: 1972 4939 
527: 798 1551 2376 
528: 301 4263 4354 
529: 9 1147 3805 4125 
530: 524 531 
531: 530 536 
532: 359 2478 
533: 572 1364 1550 
534: 1182 3945 4732 
535: 1936 4067 
536: 531 538 
537: 1798 3957 4904 
538: 536 541 
539: 207 3679 4432 
540: 395 1307 2525 
541: 538 544 
542: 3643 4153 
543: 3444 3732 
544: 541 545 
545: 544 546 
546: 545 548 
547: 1691 1907 2646 2782 3428 
548: 546 550 
549: 824 2102 2547 
550: 548 552 
551: 1427 1967 3075 3132 4906 
552: 550 559 
553: 1761 1983 2485 
554: 237 2716 4521 
555: 1546 2199 3948 4951 
556: 2354 3263 4210 
557: 2044 3545 4160 
558: 3254 3320 
559: 552 560 
560: 559 561 
561: 560 562 
562: 561 563 
563: 562 564 
564: 563 568 
565: 1088 4071 
566: 2001 4196 
567: 104 2173 4089 
568: 564 571 
569: 2863 4964 
570: 1198 1446 3934 
571: 568 578 
572: 533 769 4834 
573: 982 3408 3500 
574: 160 733 
575: 1845 2744 4371 
576: 430 2150 2164 2485 4166 
577: 1926 4608 
578: 571 579 
579: 578 583 
580: 3598 3617 
581: 1783 4552 
582: 340 629 2875 3564 
583: 579 584 
584: 583 589 
585: 244 3798 
586: 3177 3792 4118 4630 
587: 3989 4610 
588: 2624 3108 3302 4352 4931 
589: 584 598 
590: 4099 4880 
591: 795 894 4055 4792 
592: 3875 4805 
593: 812 1839 2308 
594: 888 959 2496 
595: 809 4597 
596: 278 1479 4764 
597: 14 3556 3892 
598: 589 600 
599: 431 1926 4776 
600: 598 602 
601: 1219 1872 3189 4321 
602: 600 605 1508 
603: 792 4242 
604: 411 2524 4359 
605: 602 607 
606: 200 1115 4580 
607: 605 608 
608: 607 610 
609: 4481 4771 
610: 608 612 
611: 223 2132 2818 4352 
612: 610 616 
613: 774 1107 2729 3717 
614: 1975 3286 4168 4473 
615: 693 3556 3580 3624 4580 
616: 612 617 
617: 616 620 
618: 750 2439 4050 
619: 44 3047 
620: 617 621 
621: 620 622 
622: 621 623 
623: 622 624 
624: 623 626 
625: 216 847 1832 3868 
626: 624 628 
627: 684 2969 
628: 626 630 
629: 582 1169 
630: 628 632 
631: 2693 3962 
632: 630 633 
633: 632 635 
634: 438 786 1155 1271 2875 
635: 633 636 
636: 635 637 
637: 636 638 
638: 637 639 
639: 638 640 
640: 639 642 
641: 1440 2751 
642: 640 643 
643: 642 644 
644: 643 645 
645: 644 648 
646: 1208 2987 
647: 224 1687 4180 4521 4776 
648: 645 649 
649: 648 651 
650: 838 4809 
651: 649 652 
652: 651 654 
653: 1568 2699 2765 
654: 652 655 
655: 654 656 
656: 655 659 
657: 927 3642 3796 4162 
658: 823 1367 2804 
659: 656 661 
660: 2594 4784 
661: 659 662 
662: 661 663 
663: 662 664 
664: 663 666 
665: 1340 2295 3924 3958 
666: 664 667 
667: 666 670 
668: 2349 4114 4156 4878 
669: 2541 2686 3008 3397 
670: 667 672 
671: 3164 4344 
672: 670 676 
673: 855 3581 
674: 744 1440 
675: 379 480 1922 3138 
676: 672 678 
677: 744 2068 4758 
678: 676 679 
679: 678 683 
680: 2225 4908 
681: 763 1646 4377 4666 
682: 1720 3243 3644 
683: 679 685 
684: 627 4581 
685: 683 686 
686: 685 687 
687: 686 688 
688: 687 689 
689: 688 690 3472 
690: 689 692 
691: 396 2581 
692: 690 695 
693: 615 1710 3316 
694: 941 2108 2605 2824 
695: 692 696 
696: 181 695 699 
697: 828 1730 2045 2358 3481 
698: 3829 4159 4173 
699: 696 701 
700: 4007 4012 
701: 699 702 
702: 701 705 
703: 961 2642 
704: 221 3512 4468 4987 
705: 702 706 
706: 705 708 
707: 1106 3576 4499 
708: 706 710 
709: 1504 4540 
710: 708 711 
711: 710 712 
712: 711 715 
713: 59 3193 3303 3325 3477 
714: 2424 3289 
715: 712 719 
716: 222 2150 2639 
717: 475 1551 2156 
718: 1807 3132 4254 4285 
719: 715 720 
720: 719 722 
721: 1108 1739 4005 
722: 720 723 
723: 722 724 
724: 723 725 
725: 724 729 
726: 249 772 4619 
727: 461 2364 2867 4917 
728: 325 4632 
729: 725 731 
730: 1744 3755 4493 
731: 729 732 
732: 731 735 
733: 574 1466 4196 4851 
734: 2265 2716 4188 
735: 732 737 
736: 3016 3315 4262 4530 
737: 735 738 
738: 737 739 
739: 738 745 
740: 359 518 2933 3189 4500 
741: 2573 3008 4599 4926 
742: 242 1429 3813 4154 
743: 1659 2507 
744: 15 674 677 1651 1742 
745: 739 746 
746: 745 747 
747: 746 751 
748: 402 2440 3647 3878 4782 
749: 2679 3358 4717 
750: 618 1554 4017 4415 
751: 747 753 
752: 227 1249 1312 4378 
753: 751 755 
754: 72 3376 3763 
755: 753 756 
756: 755 757 
757: 756 758 
758: 757 762 
759: 1548 2839 3838 
760: 2857 3903 
761: 1865 1921 
762: 758 766 
763: 681 1136 2083 2377 
764: 1568 3723 
765: 286 776 3853 
766: 762 767 
767: 766 768 
768: 767 779 
769: 38 572 3511 
770: 304 4074 
771: 343 2164 2696 2910 
772: 726 1114 3128 3460 4788 
773: 1262 1720 1794 4225 
774: 613 2634 4908 
775: 4237 4729 
776: 765 1877 
777: 783 1532 1789 3306 
778: 813 1656 1726 
779: 768 780 
780: 779 781 
781: 780 782 
782: 781 784 
783: 777 4881 
784: 782 787 
785: 189 2858 
786: 634 4904 
787: 784 794 
788: 970 1853 2301 
789: 1266 3534 
790: 1032 2445 3242 3795 
791: 233 996 2112 3353 4681 
792: 603 4131 
793: 1467 1687 4886 
794: 787 796 
795: 426 591 2507 2566 3982 
796: 794 800 
797: 240 1390 3623 
798: 527 1774 2841 4567 4667 
799: 206 1536 2487 3909 
800: 796 801 
801: 800 803 
802: 130 2901 
803: 801 804 
804: 803 806 
805: 226 2344 
806: 804 807 
807: 806 817 
808: 2582 3132 3441 3603 
809: 234 595 
810: 1088 3375 3422 3880 
811: 3565 4748 
812: 292 593 2851 4579 4662 
813: 778 2729 4308 
814: 1809 2262 3408 3898 
815: 1634 2629 
816: 2301 3905 4681 
817: 807 819 
818: 1404 3580 3694 4582 
819: 817 822 
820: 1564 2436 2624 4663 
821: 21 2805 3493 3842 4155 
822: 819 826 
823: 658 1870 4121 
824: 549 2098 3903 4092 
825: 920 2114 4850 
826: 822 829 
827: 116 1272 3345 
828: 697 1918 2257 2453 4845 
829: 826 830 
830: 829 833 
831: 4045 4540 
832: 3861 4534 
833: 830 834 
834: 833 835 
835: 834 836 
836: 835 837 
837: 836 839 
838: 650 3742 
839: 837 840 
840: 839 841 
841: 840 842 
842: 841 843 
843: 842 844 
844: 843 848 
845: 2312 4877 
846: 1027 3438 3910 
847: 625 1219 4045 4170 
848: 844 849 
849: 848 850 
850: 849 851 
851: 850 857 
852: 2014 2325 2753 2996 
853: 1122 1255 
854: 945 3864 
855: 673 1671 4384 
856: 103 2523 3846 
857: 851 859 
858: 1131 1811 2535 
859: 857 861 
860: 3144 3528 3536 
861: 158 859 863 
862: 1692 2199 
863: 861 864 
864: 863 867 
865: 1220 3547 4121 4794 
866: 4054 4814 
867: 864 868 
868: 867 871 
869: 3080 3399 3438 
870: 3098 3369 4895 
871: 868 872 
872: 871 873 
873: 872 874 
874: 873 875 
875: 874 876 
876: 875 879 
877: 372 1746 3665 
878: 946 1739 3292 3595 
879: 876 881 
880: 2936 3186 4342 
881: 879 882 
882: 881 884 
883: 2327 3310 
884: 501 882 886 
885: 85 1093 3128 
886: 884 891 
887: 1004 3363 3428 3815 4847 
888: 594 1488 1579 
889: 3564 4221 
890: 2114 3213 4917 
891: 886 892 
892: 891 895 
893: 30 3720 3903 4070 4321 
894: 16 591 2382 4241 
895: 892 897 
896: 1049 2478 3271 4788 
897: 895 899 
898: 1336 2118 
899: 897 901 
900: 1360 1833 3125 4138 
901: 899 903 
902: 1674 2843 4185 
903: 901 908 
904: 1215 3573 
905: 1805 2405 3038 
906: 993 2156 2793 
907: 283 501 
908: 903 909 
909: 908 910 
910: 909 911 
911: 910 913 
912: 1252 1893 3312 3319 
913: 911 914 
914: 913 915 
915: 914 917 
916: 2358 3761 
917: 915 918 
918: 917 919 
919: 918 921 1627 
920: 825 2467 3775 4055 4415 
921: 919 922 
922: 921 923 
923: 922 924 
924: 923 925 
925: 924 926 
926: 925 928 
927: 26 471 657 993 2001 
928: 926 929 
929: 928 931 
930: 1469 3480 4103 4863 
931: 929 932 
932: 931 933 
933: 932 934 
934: 933 935 
935: 934 936 
936: 935 937 
937: 936 940 
938: 2045 2696 3476 
939: 223 3255 3761 
940: 937 942 
941: 469 694 958 
942: 940 943 
943: 942 944 
944: 943 947 
945: 230 854 1239 
946: 221 878 4005 4453 
947: 944 948 
948: 947 949 
949: 948 950 
950: 949 952 
951: 354 2047 2728 
952: 950 954 
953: 1136 1558 2197 2687 3234 
954: 952 955 
955: 954 956 
956: 955 957 
957: 956 960 
958: 941 1027 4007 4038 4346 
959: 594 4841 
960: 957 963 
961: 116 703 3263 3456 3990 
962: 47 3046 3758 
963: 960 967 
964: 475 1973 2076 2841 
965: 408 2450 2554 3321 
966: 4655 4926 
967: 963 969 
968: 1251 1857 2662 3303 3494 
969: 967 971 
970: 788 2659 4711 
971: 969 973 
972: 1580 3176 
973: 971 974 
974: 973 975 
975: 974 976 
976: 975 978 
977: 1949 2164 3937 
978: 976 980 
979: 1262 1871 2138 2498 
980: 978 981 
981: 980 983 
982: 573 3319 
983: 981 984 
984: 983 985 
985: 984 986 
986: 985 989 
987: 1390 3439 3533 
988: 3286 4058 4366 
989: 986 990 
990: 989 991 
991: 990 992 
992: 991 994 
993: 906 927 1062 1870 
994: 992 995 
995: 994 997 
996: 384 791 1294 4123 
997: 995 999 
998: 2404 3187 3485 
999: 997 1000 
1000: 999 1003 
1001: 1846 4128 4747 
1002: 2289 3037 3087 4094 4481 
1003: 1000 1005 
1004: 887 1980 3395 3766 3772 
1005: 1003 1006 
1006: 1005 1007 
1007: 1006 1008 
1008: 1007 1012 
1009: 2574 4989 
1010: 1100 1661 4806 
1011: 2122 3157 4382 
1012: 1008 1013 
1013: 1012 1021 
1014: 2336 3384 3781 
1015: 217 1843 3092 
1016: 1155 1783 2566 3471 4954 
1017: 181 3528 4388 
1018: 1172 1409 
1019: 390 1498 2284 3434 
1020: 1131 3012 3563 4365 
1021: 1013 1022 
1022: 1021 1024 
1023: 2183 3352 
1024: 1022 1026 
1025: 1229 3336 
1026: 1024 1029 
1027: 405 846 958 1736 3661 
1028: 2623 3721 4951 
1029: 1026 1030 
1030: 1029 1033 
1031: 1121 1568 4361 4540 4623 
1032: 790 1636 1660 4292 
1033: 1030 1034 
1034: 1033 1036 
1035: 156 1725 3903 
1036: 1034 1038 
1037: 1177 1725 3101 3655 3758 
1038: 1036 1039 
1039: 1038 1040 
1040: 1039 1041 
1041: 1040 1042 
1042: 1041 1044 
1043: 88 2377 3853 
1044: 1042 1046 
1045: 2445 3504 
1046: 1044 1051 
1047: 384 3114 4699 
1048: 1813 4121 4640 
1049: 237 896 3223 4403 
1050: 1304 1371 1926 2405 2949 
1051: 1046 1053 
1052: 205 1143 1207 4447 
1053: 1051 1054 
1054: 1053 1056 
1055: 1658 1928 
1056: 1054 1059 
1057: 1559 2198 2868 3343 3665 
1058: 467 1549 
1059: 1056 1061 
1060: 1811 2297 2340 4817 
1061: 1059 1063 
1062: 993 3365 3536 
1063: 1061 1064 
1064: 1063 1068 
1065: 2104 3024 4877 
1066: 1187 3281 
1067: 2751 2845 2891 3019 
1068: 1064 1071 
1069: 1851 2349 2514 4034 
1070: 2375 2498 4346 
1071: 1068 1074 
1072: 2292 3021 3290 4678 
1073: 1460 1677 1864 3440 
1074: 1071 1075 
1075: 1074 1078 
1076: 1189 2724 2751 2845 
1077: 61 1727 
1078: 1075 1079 
1079: 1078 1080 
1080: 1079 1081 
1081: 1080 1082 
1082: 1081 1084 
1083: 1640 3386 
1084: 1082 1087 
1085: 2054 2953 
1086: 1194 2549 4124 
1087: 1084 1090 
1088: 242 411 565 810 4542 
1089: 270 3401 3489 4038 
1090: 1087 1091 
1091: 1090 1094 
1092: 64 1973 3181 
1093: 885 2928 
1094: 1091 1098 
1095: 3 2036 3106 
1096: 158 2136 2772 4484 
1097: 2400 4549 
1098: 1094 1102 
1099: 2404 2924 4973 
1100: 1010 1422 
1101: 408 2025 3865 
1102: 1098 1103 
1103: 1102 1105 
1104: 167 4274 
1105: 1103 1109 
1106: 48 707 4805 4984 
1107: 613 1687 1821 4621 
1108: 721 2910 4293 
1109: 1105 1112 
1110: 470 3053 4173 
1111: 1311 2721 4244 
1112: 1109 1113 
1113: 1112 1118 
1114: 0 772 2627 
1115: 606 3077 
1116: 3262 4419 
1117: 213 304 3098 
1118: 1113 1123 
1119: 111 3204 
1120: 2323 2875 3573 4335 
1121: 1031 1513 
1122: 853 2105 3335 
1123: 1118 1124 
1124: 1123 1125 
1125: 1124 1126 
1126: 1125 1127 
1127: 1126 1128 
1128: 1127 1129 
1129: 1128 1132 
1130: 1772 2284 2803 
1131: 858 1020 1791 2082 3222 
1132: 1129 1133 
1133: 1132 1134 
1134: 1133 1138 
1135: 469 2104 
1136: 339 397 763 953 2135 
1137: 2551 4065 
1138: 1134 1139 
1139: 1138 1140 
1140: 1139 1142 
1141: 1253 1372 1946 4399 
1142: 1140 1145 
1143: 1052 2658 
1144: 1387 2755 3410 4346 
1145: 1142 1148 
1146: 1914 3089 
1147: 529 1495 2999 4384 
1148: 1145 1150 
1149: 456 2746 3191 4651 
1150: 1148 1152 
1151: 1403 2135 
1152: 1150 1153 
1153: 1152 1154 
1154: 1153 1156 
1155: 634 1016 4356 
1156: 1154 1157 
1157: 1156 1158 2072 
1158: 1157 1159 
1159: 1158 1161 
1160: 4473 4908 
1161: 1159 1164 
1162: 1545 2665 
1163: 2083 4238 
1164: 1161 1165 
1165: 1164 1166 
1166: 1165 1167 
1167: 1166 1168 
1168: 1167 1170 
1169: 629 2736 
1170: 1168 1171 
1171: 1170 1173 
1172: 1018 4593 
1173: 1171 1174 
1174: 1173 1175 
1175: 1174 1176 
1176: 1175 1178 
1177: 1037 1892 
1178: 1176 1180 
1179: 1554 1994 4146 
1180: 1178 1181 
1181: 1180 1183 
1182: 534 4208 4932 
1183: 1181 1184 
1184: 1183 1185 
1185: 1184 1186 3163 
1186: 1185 1192 
1187: 13 1066 2893 4964 
1188: 1990 2448 3697 
1189: 1076 1201 1883 4996 
1190: 64 3168 3774 
1191: 1205 2345 3316 
1192: 1186 1193 
1193: 1192 1195 
1194: 1086 1302 3325 
1195: 1193 1197 
1196: 1661 4891 
1197: 1195 1199 
1198: 353 570 3197 4722 
1199: 1197 1202 
1200: 1614 3605 
1201: 125 1189 1829 3753 
1202: 1199 1203 
1203: 1202 1204 
1204: 1203 1209 
1205: 1191 2340 2969 
1206: 1596 2404 3163 4245 
1207: 1052 3701 4418 
1208: 646 1218 4400 
1209: 1204 1210 
1210: 1209 1211 
1211: 1210 1213 
1212: 3572 3677 4166 
1213: 1211 1216 
1214: 1332 2112 4053 
1215: 904 4321 
1216: 1213 1221 
1217: 1660 1706 
1218: 1208 1241 3704 
1219: 601 847 2936 3831 
1220: 865 3823 
1221: 1216 1222 
1222: 1221 1223 
1223: 1222 1224 
1224: 1223 1227 
1225: 1852 2850 4615 
1226: 1435 2015 2042 2379 
1227: 1224 1228 
1228: 1227 1230 
1229: 1025 3760 
1230: 1228 1235 
1231: 500 2769 
1232: 339 3887 
1233: 194 1382 1683 4642 4728 
1234: 1253 1543 4292 
1235: 1230 1238 
1236: 4100 4318 
1237: 1630 3133 
1238: 1235 1243 
1239: 484 945 2149 3503 4782 
1240: 396 1670 3042 3534 3722 
1241: 1218 1681 2969 4800 4823 
1242: 1317 2039 2555 4548 
1243: 1238 1244 
1244: 1243 1245 
1245: 1244 1246 
1246: 1245 1248 
1247: 3336 3353 3444 3553 4048 
1248: 1246 1254 
1249: 752 1530 3525 3689 
1250: 1353 3377 4943 
1251: 77 252 968 2427 3865 
1252: 912 1850 4703 
1253: 1141 1234 3521 3962 
1254: 1248 1256 
1255: 853 1607 
1256: 1254 1258 
1257: 1372 2547 2851 4302 4305 
1258: 1256 1259 
1259: 1258 1260 
1260: 1259 1263 
1261: 438 1497 1890 4135 
1262: 773 979 1629 3898 4378 
1263: 1260 1267 
1264: 4293 4874 
1265: 219 439 1640 4957 
1266: 789 1418 4058 
1267: 1263 1270 
1268: 1334 2718 3980 
1269: 2513 3522 3605 4941 
1270: 1267 1273 
1271: 634 1575 2891 
1272: 827 1516 3411 3796 4924 
1273: 1270 1275 
1274: 2183 4017 
1275: 1273 1277 
1276: 1973 2652 3186 
1277: 1275 1278 
1278: 1277 1281 
1279: 3302 3855 4667 
1280: 2845 3077 3229 3757 4266 
1281: 1278 1282 
1282: 1281 1283 3281 
1283: 1282 1285 
1284: 2025 4360 4685 
1285: 1283 1286 
1286: 1285 1287 
1287: 1286 1288 
1288: 200 1287 1289 
1289: 1288 1295 
1290: 2001 4488 
1291: 1311 1581 3530 
1292: 1751 4775 
1293: 1397 2450 3354 4578 
1294: 149 996 4725 
1295: 1289 1299 
1296: 516 3577 4401 
1297: 1862 2388 3829 4569 4799 
1298: 4054 4106 4197 
1299: 1295 1300 
1300: 1299 1301 
1301: 1300 1303 
1302: 1194 2507 3065 
1303: 1301 1305 
1304: 1050 1841 3029 4668 
1305: 1303 1306 
1306: 1305 1308 
1307: 540 3377 
1308: 1306 1309 
1309: 1308 1310 
1310: 1309 1314 
1311: 1111 1291 1595 3108 3962 
1312: 752 3440 3448 3677 3789 
1313: 2172 2779 4539 
1314: 1310 1316 
1315: 353 523 2448 
1316: 1314 1318 
1317: 1242 2007 4185 4225 4902 
1318: 1316 1320 
1319: 440 1629 4561 4636 
1320: 1318 1321 
1321: 1320 1322 
1322: 1321 1323 
1323: 1322 1326 
1324: 1453 3143 4225 
1325: 3542 3967 
1326: 1323 1328 
1327: 3446 4826 
1328: 1326 1329 
1329: 1328 1330 
1330: 1329 1331 
1331: 1330 1333 
1332: 1214 2574 
1333: 1331 1335 
1334: 399 1268 2320 
1335: 1333 1338 
1336: 898 2938 
1337: 3339 3448 3509 4621 
1338: 1335 1339 
1339: 1338 1341 
1340: 665 3082 
1341: 1339 1342 
1342: 1341 1344 
1343: 2491 3032 
1344: 1342 1348 
1345: 2119 2861 3025 3562 4187 
1346: 3642 3838 4878 
1347: 2317 3075 
1348: 1344 1351 
1349: 1815 4370 
1350: 203 3865 
1351: 1348 1352 
1352: 1351 1355 
1353: 1250 4257 
1354: 2946 4887 
1355: 1352 1356 
1356: 1355 1359 
1357: 1746 1916 4803 
1358: 291 419 4992 
1359: 1356 1362 
1360: 251 900 1470 3342 4793 
1361: 4097 4829 
1362: 1359 1363 
1363: 1362 1365 
1364: 233 533 1407 2439 4263 
1365: 1363 1369 
1366: 1502 1677 2933 
1367: 658 2348 2803 
1368: 163 1874 
1369: 1365 1370 
1370: 1369 1373 
1371: 1050 3999 4359 
1372: 1141 1257 4068 4603 
1373: 1370 1374 
1374: 1373 1376 
1375: 1564 1769 
1376: 1374 1377 
1377: 1376 1379 
1378: 66 2450 3846 4074 
1379: 1377 1380 
1380: 1379 1381 
1381: 1380 1385 
1382: 1233 2156 4651 
1383: 1624 2793 3450 3933 4812 
1384: 2863 4851 
1385: 1381 1386 
1386: 1385 1388 
1387: 48 1144 1491 
1388: 1386 1389 
1389: 1388 1391 
1390: 797 987 2435 3344 
1391: 1389 1392 
1392: 1391 1393 
1393: 1392 1394 
1394: 1393 1395 
1395: 1394 1398 
1396: 1408 2803 4947 
1397: 1293 2616 2677 4137 
1398: 1395 1401 
1399: 2344 4208 
1400: 4526 4737 
1401: 1398 1402 
1402: 1401 1406 
1403: 1151 1536 4936 
1404: 818 2726 
1405: 404 2097 4188 
1406: 1402 1411 
1407: 405 1364 2987 
1408: 507 1396 2996 
1409: 1018 1727 
1410: 3154 4939 
1411: 1406 1415 
1412: 487 3579 
1413: 347 1765 
1414: 1870 3697 3732 4751 
1415: 1411 1416 
1416: 1415 1420 
1417: 1796 1945 4051 
1418: 1266 2770 3721 
1419: 3217 3514 4924 
1420: 1416 1421 
1421: 1420 1424 
1422: 1100 1846 2792 
1423: 251 4647 
1424: 1421 1425 
1425: 1424 1426 
1426: 1425 1430 
1427: 551 2277 
1428: 3289 4354 
1429: 416 742 2518 3216 4803 
1430: 1426 1431 
1431: 1430 1432 
1432: 1431 1433 
1433: 1432 1434 
1434: 1433 1436 
1435: 1226 4507 
1436: 1434 1437 
1437: 1436 1438 
1438: 1437 1439 
1439: 1438 1441 
1440: 641 674 
1441: 1439 1442 
1442: 1441 1443 
1443: 1442 1447 
1444: 1954 3880 
1445: 2299 3020 3258 4586 
1446: 570 2687 3851 4840 
1447: 1443 1448 
1448: 1447 1452 
1449: 43 2408 3438 
1450: 4361 4561 
1451: 2188 2769 
1452: 1448 1456 
1453: 1324 2653 
1454: 1833 4384 4682 
1455: 325 442 
1456: 1452 1457 
1457: 1456 1458 
1458: 1457 1459 
1459: 1458 1462 
1460: 1073 3673 
1461: 278 405 2199 2991 
1462: 1459 1464 
1463: 2847 3699 
1464: 1462 1465 
1465: 1464 1468 
1466: 199 379 733 3238 3689 
1467: 793 3512 3702 3980 4050 
1468: 1465 1471 
1469: 301 930 3922 4756 
1470: 1360 1859 1895 
1471: 1468 1474 
1472: 24 213 1949 3546 4963 
1473: 2149 2637 4097 
1474: 1471 1475 
1475: 1474 1476 
1476: 1475 1477 
1477: 1476 1478 
1478: 1477 1482 
1479: 596 3700 
1480: 1560 2770 2805 4639 
1481: 4360 4859 
1482: 1478 1484 
1483: 80 347 2382 3957 4159 
1484: 1482 1487 
1485: 4074 4817 4885 
1486: 1789 2085 2881 3300 
1487: 1484 1489 
1488: 26 888 
1489: 1487 1490 
1490: 1489 1500 
1491: 202 1387 3816 4488 4905 
1492: 3026 4327 
1493: 293 3158 
1494: 241 2576 3124 3448 
1495: 1147 2304 4212 4817 
1496: 1498 4598 
1497: 1261 4299 4702 
1498: 1019 1496 3223 
1499: 2554 3335 4859 
1500: 1490 1507 
1501: 248 1926 4100 4226 4833 
1502: 1366 2659 4169 
1503: 1587 1982 
1504: 709 3546 
1505: 2021 3340 
1506: 484 2687 
1507: 1500 1509 
1508: 602 2740 3899 
1509: 1507 1510 
1510: 1509 1511 
1511: 1510 1512 
1512: 1511 1514 
1513: 1121 4941 
1514: 1512 1515 
1515: 1514 1517 
1516: 1272 2712 3601 3990 
1517: 1515 1519 
1518: 2605 3066 3485 4064 4500 
1519: 1517 1520 
1520: 1519 1521 
1521: 1520 1522 
1522: 1521 1523 
1523: 1522 1524 
1524: 1523 1525 
1525: 1524 1528 
1526: 2763 4841 4938 
1527: 4187 4305 4605 
1528: 1525 1529 
1529: 1528 1531 
1530: 1249 1731 1888 
1531: 1529 1533 
1532: 777 3028 3243 3454 4974 
1533: 1531 1534 
1534: 1533 1535 
1535: 1534 1538 
1536: 799 1403 1765 
1537: 3608 4769 
1538: 1535 1540 
1539: 3 1666 2006 3647 4394 
1540: 1538 1542 
1541: 1782 2789 2876 3579 
1542: 1540 1544 
1543: 1234 2835 
1544: 1542 1547 
1545: 1162 1633 1783 4162 
1546: 105 555 
1547: 1544 1552 
1548: 759 2222 2857 4549 
1549: 127 521 1058 3862 
1550: 533 3189 
1551: 527 717 
1552: 1547 1553 
1553: 1552 1555 
1554: 750 1179 2941 3941 
1555: 1553 1557 
1556: 1750 2711 3772 
1557: 1555 1561 
1558: 953 2462 3305 
1559: 234 1057 1690 3475 
1560: 1480 2645 4747 
1561: 1557 1562 
1562: 1561 1565 
1563: 2548 2679 4591 
1564: 820 1375 2160 4852 
1565: 1562 1569 
1566: 243 4302 4563 4745 
1567: 1927 2920 3651 
1568: 653 764 1031 2324 4147 
1569: 1565 1570 
1570: 1569 1572 
1571: 1734 2238 3319 
1572: 1570 1576 
1573: 46 222 1857 
1574: 1829 3581 
1575: 1271 2140 4794 
1576: 1572 1577 
1577: 1576 1582 
1578: 3480 4430 4499 4622 
1579: 888 4885 
1580: 972 3850 3876 
1581: 183 1291 3742 
1582: 1577 1584 
1583: 2456 2807 4270 4283 4740 
1584: 1582 1585 
1585: 1584 1588 
1586: 125 1614 2887 
1587: 224 1503 
1588: 1585 1589 
1589: 1588 1590 
1590: 1589 1591 
1591: 1590 1592 
1592: 1591 1593 
1593: 1592 1594 
1594: 1593 1596 
1595: 1311 3034 4822 
1596: 1206 1594 1598 
1597: 329 4313 
1598: 1596 1602 
1599: 3197 3215 
1600: 34 317 397 3578 4638 
1601: 1692 2856 
1602: 1598 1603 
1603: 1602 1604 
1604: 1603 1605 
1605: 1604 1608 
1606: 4233 4892 
1607: 124 1255 2456 
1608: 1605 1609 
1609: 1608 1610 
1610: 1609 1611 
1611: 1610 1612 
1612: 1611 1613 
1613: 1612 1615 
1614: 1200 1586 2345 4589 
1615: 1613 1617 
1616: 122 1686 2282 3603 4788 
1617: 1615 1619 
1618: 317 436 2371 3596 4771 
1619: 1617 1620 
1620: 1619 1622 
1621: 1682 2190 3516 
1622: 1620 1623 
1623: 1622 1625 
1624: 1383 1975 
1625: 1623 1626 
1626: 1625 1628 
1627: 198 380 919 2327 2628 
1628: 1626 1632 
1629: 1262 1319 2665 3571 
1630: 1237 2049 
1631: 258 4035 
1632: 1628 1635 
1633: 1545 3909 4083 4732 
1634: 815 1666 2715 
1635: 1632 1638 
1636: 1032 1841 1862 4732 
1637: 1644 3844 4413 
1638: 1635 1639 
1639: 1638 1641 
1640: 1083 1265 4387 
1641: 1639 1642 
1642: 1641 1643 
1643: 1642 1645 
1644: 1637 3802 4593 
1645: 1643 1649 
1646: 681 2491 
1647: 2176 2266 
1648: 2505 3046 
1649: 1645 1652 
1650: 404 1825 
1651: 384 744 1969 2207 3982 
1652: 1649 1653 
1653: 1652 1654 
1654: 1653 1655 
1655: 1654 1657 
1656: 778 2156 3821 4642 
1657: 1655 1662 
1658: 1055 2374 4260 
1659: 743 2350 2616 3492 
1660: 61 1032 1217 
1661: 1010 1196 1774 
1662: 1657 1663 
1663: 1662 1664 
1664: 1663 1665 
1665: 1664 1667 
1666: 1539 1634 3610 
1667: 1665 1668 
1668: 1667 1672 
1669: 2338 3471 3730 
1670: 203 1240 1736 4250 4780 
1671: 855 2222 3448 4038 4413 
1672: 1668 1673 
1673: 1672 1675 
1674: 902 2903 3783 
1675: 1673 1676 
1676: 1675 1679 
1677: 61 1073 1366 2432 4990 
1678: 2091 4972 
1679: 1676 1680 
1680: 1679 1689 
1681: 1241 2825 3700 4529 
1682: 1621 3890 
1683: 1233 2532 2830 
1684: 2181 2777 4481 
1685: 113 4757 
1686: 1616 2321 
1687: 647 793 1107 2743 3443 
1688: 2345 3990 
1689: 1680 1693 
1690: 1559 3796 
1691: 547 1930 3205 3829 4363 
1692: 862 1601 
1693: 1689 1697 
1694: 2082 2632 4067 
1695: 9 1703 3562 
1696: 85 314 2468 
1697: 1693 1698 
1698: 1697 1700 
1699: 333 2992 
1700: 1698 1707 
1701: 1861 2292 2433 3846 4728 
1702: 2035 2967 
1703: 1695 2542 
1704: 199 251 4335 4698 
1705: 2195 3471 4103 
1706: 1217 2472 2799 2897 4673 
1707: 1700 1709 
1708: 295 2068 3655 4216 
1709: 1707 1711 
1710: 693 2348 2574 2652 4714 
1711: 1709 1712 
1712: 1711 1713 
1713: 1712 1714 
1714: 1713 1715 
1715: 1714 1716 
1716: 1715 1718 
1717: 1832 3066 3068 3315 3480 
1718: 1716 1719 
1719: 1718 1721 
1720: 682 773 
1721: 1719 1722 
1722: 1721 1728 
1723: 2057 2643 
1724: 451 2558 3445 
1725: 1035 1037 1883 4615 
1726: 778 2108 2961 
1727: 1077 1409 1975 
1728: 1722 1733 
1729: 2755 3025 3188 
1730: 49 697 3782 
1731: 74 1530 
1732: 3246 3500 
1733: 1728 1737 
1734: 1571 4154 4826 
1735: 1854 3762 3982 
1736: 1027 1670 2958 3021 4705 
1737: 1733 1740 
1738: 403 2461 3673 
1739: 721 878 2513 4484 
1740: 1737 1741 
1741: 1740 1743 
1742: 744 2658 2915 
1743: 1741 1745 
1744: 730 3146 3180 
1745: 1743 1747 
1746: 877 1357 2183 
1747: 1745 1752 
1748: 3429 3681 3712 4664 
1749: 2753 3666 4305 4422 
1750: 1556 4451 
1751: 443 1292 2419 4225 
1752: 1747 1753 
1753: 1752 1754 
1754: 1753 1755 
1755: 1754 1756 
1756: 1755 1757 
1757: 1756 1758 
1758: 1757 1759 
1759: 1758 1762 
1760: 2033 3427 4812 
1761: 553 3962 4589 
1762: 1759 1764 
1763: 2659 3866 
1764: 1762 1766 
1765: 1413 1536 3262 4764 
1766: 1764 1767 
1767: 1766 1768 
1768: 1767 1770 
1769: 1375 4176 
1770: 1768 1776 
1771: 2083 2544 2861 3665 
1772: 1130 2036 2105 
1773: 1980 2414 3560 
1774: 798 1661 3949 
1775: 2250 3718 
1776: 1770 1777 
1777: 1776 1778 
1778: 1777 1779 
1779: 1778 1780 
1780: 1779 1781 
1781: 1780 1785 
1782: 1541 2391 2631 
1783: 581 1016 1545 
1784: 83 4838 
1785: 1781 1786 
1786: 1785 1787 
1787: 1786 1790 
1788: 2077 4069 
1789: 202 777 1486 3769 4866 
1790: 1787 1792 
1791: 198 1131 
1792: 1790 1797 
1793: 1850 2339 
1794: 86 773 2213 3290 
1795: 2190 2472 3705 3865 4634 
1796: 1417 3647 4058 
1797: 1792 1799 
1798: 537 1966 4247 
1799: 1797 1800 
1800: 1799 1803 
1801: 305 2081 4128 
1802: 1900 3857 4888 
1803: 1800 1804 
1804: 1803 1806 
1805: 416 905 2805 
1806: 1804 1808 
1807: 718 1892 2743 
1808: 1806 1810 
1809: 814 2766 2825 
1810: 1808 1812 
1811: 858 1060 
1812: 1810 1816 
1813: 1048 3382 4244 
1814: 124 2549 2876 
1815: 1349 4581 
1816: 1812 1817 
1817: 1816 1818 
1818: 1817 1819 
1819: 1818 1820 
1820: 1819 1823 
1821: 1107 3759 3816 
1822: 55 278 2912 4673 4906 
1823: 1820 1827 
1824: 2257 2593 3789 4526 4564 
1825: 1650 3079 
1826: 2597 3412 
1827: 1823 1828 
1828: 1827 1830 
1829: 1201 1574 
1830: 1828 1831 
1831: 1830 1836 
1832: 470 625 1717 2015 
1833: 900 1454 4041 
1834: 99 2449 3487 3850 
1835: 3203 4241 
1836: 1831 1838 
1837: 2704 4826 
1838: 1836 1840 
1839: 593 4983 
1840: 1838 1842 
1841: 1304 1636 3403 
1842: 1840 1844 
1843: 1015 4403 
1844: 1842 1847 
1845: 575 4784 
1846: 1001 1422 1888 4146 
1847: 1844 1848 
1848: 1847 1849 
1849: 1848 1855 
1850: 1252 1793 
1851: 1069 4840 
1852: 430 1225 2468 2540 3470 
1853: 788 2232 3878 
1854: 43 1735 2637 3448 4881 
1855: 1849 1856 
1856: 1855 1858 
1857: 496 968 1573 2363 4466 
1858: 1856 1860 
1859: 1470 3775 
1860: 1858 1863 
1861: 1701 4631 4969 
1862: 1297 1636 2370 3571 4033 
1863: 1860 1867 
1864: 1073 3213 4283 
1865: 489 761 
1866: 3416 3831 4454 
1867: 1863 1868 
1868: 1867 1869 
1869: 1868 1873 
1870: 59 823 993 1414 2073 
1871: 979 3209 4031 4667 
1872: 601 3700 3813 4838 
1873: 1869 1876 
1874: 1368 2138 2376 
1875: 207 2343 3339 4703 4837 
1876: 1873 1878 
1877: 158 489 776 1977 4072 
1878: 1876 1879 
1879: 1878 1880 
1880: 1879 1881 
1881: 1880 1882 
1882: 1881 1884 
1883: 1189 1725 3222 4888 
1884: 1882 1885 
1885: 1884 1887 
1886: 2044 3137 3861 
1887: 1885 1889 
1888: 16 1530 1846 3394 4053 
1889: 1887 1894 
1890: 1261 2357 3603 3855 
1891: 2012 3735 
1892: 1177 1807 2897 
1893: 912 3957 4345 4599 4795 
1894: 1889 1896 
1895: 1470 2349 4229 
1896: 1894 1897 
1897: 1896 1898 
1898: 1897 1899 
1899: 1898 1902 
1900: 1802 3595 4821 
1901: 3158 3875 4151 4801 
1902: 1899 1904 
1903: 2074 4115 4365 
1904: 1902 1905 
1905: 1904 1906 
1906: 1905 1908 
1907: 232 547 3717 4322 4803 
1908: 1906 1909 
1909: 1908 1910 
1910: 1909 1911 
1911: 1910 1912 
1912: 1911 1913 
1913: 1912 1915 
1914: 1146 3205 4151 
1915: 1913 1916 
1916: 1357 1915 1919 
1917: 2082 2602 4343 
1918: 178 828 3679 
1919: 1916 1923 
1920: 1933 2044 3165 
1921: 14 761 4438 4963 
1922: 675 4725 
1923: 1919 1932 
1924: 3307 4756 
1925: 2605 3503 
1926: 577 599 1050 1501 4567 
1927: 1567 2467 3813 
1928: 461 1055 2824 3521 
1929: 2493 3720 
1930: 1691 2800 
1931: 3424 3645 4759 
1932: 1923 1935 
1933: 1920 2539 4031 
1934: 2312 2439 2966 
1935: 1932 1938 
1936: 535 2526 3202 
1937: 2220 2832 3212 
1938: 1935 1939 
1939: 1938 1940 
1940: 1939 1941 
1941: 1940 1942 
1942: 1941 1947 
1943: 470 2967 3802 4358 4491 
1944: 2693 2913 3073 4334 
1945: 495 1417 2098 
1946: 239 1141 2350 3024 
1947: 1942 1948 
1948: 1947 1950 
1949: 977 1472 2468 3531 
1950: 1948 1952 
1951: 3410 3989 
1952: 1950 1953 
1953: 1952 1955 
1954: 1444 3365 
1955: 1953 1956 
1956: 1955 1957 
1957: 1956 1958 
1958: 1957 1961 
1959: 2379 3424 
1960: 4199 4984 
1961: 1958 1963 
1962: 4431 4545 
1963: 1961 1964 
1964: 1963 1965 
1965: 1964 1971 
1966: 1798 2195 2363 
1967: 551 4410 4600 
1968: 2228 3895 4395 
1969: 1651 4481 4906 
1970: 4371 4395 
1971: 1965 1974 
1972: 526 4301 4874 
1973: 964 1092 1276 2799 3246 
1974: 1971 1976 
1975: 167 614 1624 1727 
1976: 1974 1978 
1977: 207 1877 2312 2616 4491 
1978: 1976 1979 
1979: 1978 1981 
1980: 1004 1773 
1981: 1979 1984 
1982: 77 1503 2173 
1983: 553 4634 
1984: 1981 1986 
1985: 521 2209 
1986: 1984 1988 
1987: 207 4596 
1988: 1986 1989 
1989: 1988 1991 
1990: 1188 2124 3114 
1991: 1989 1992 
1992: 1991 1995 
1993: 78 101 
1994: 400 1179 2620 3194 
1995: 1992 1996 
1996: 1995 1998 
1997: 2197 2704 3008 3608 
1998: 1996 2000 
1999: 140 2192 3343 
2000: 1998 2002 
2001: 566 927 1290 
2002: 2000 2003 
2003: 2002 2004 
2004: 2003 2005 
2005: 2004 2008 4895 
2006: 1539 4050 
2007: 1317 2436 2593 3076 3723 
2008: 2005 2009 
2009: 2008 2010 
2010: 2009 2011 
2011: 2010 2013 
2012: 1891 2297 3640 
2013: 2011 2017 
2014: 852 3127 4588 
2015: 1226 1832 4745 
2016: 2778 4344 
2017: 2013 2018 
2018: 2017 2019 
2019: 2018 2020 
2020: 2019 2023 
2021: 1505 2159 3050 3570 3757 
2022: 445 2223 4752 
2023: 2020 2024 
2024: 2023 2026 
2025: 1101 1284 
2026: 2024 2027 
2027: 2026 2028 
2028: 2027 2029 
2029: 2028 2030 
2030: 2029 2031 3644 
2031: 2030 2032 
2032: 2031 2034 
2033: 1760 4424 4603 
2034: 2032 2040 
2035: 1702 2077 
2036: 1095 1772 2038 3408 3454 
2037: 3423 3572 
2038: 9 2036 3281 
2039: 1242 3223 4422 
2040: 2034 2041 
2041: 2040 2043 
2042: 1226 2341 2686 2772 
2043: 2041 2046 
2044: 557 1886 1920 4277 4561 
2045: 697 938 3301 4441 
2046: 2043 2048 
2047: 951 2188 3340 
2048: 2046 2050 
2049: 1630 2329 
2050: 2048 2051 
2051: 2050 2052 
2052: 2051 2056 
2053: 2728 2832 2933 
2054: 1085 2305 3028 
2055: 4832 4844 
2056: 2052 2058 
2057: 1723 4707 
2058: 2056 2059 
2059: 2058 2060 
2060: 2059 2061 
2061: 2060 2062 
2062: 2061 2064 
2063: 2214 2405 2916 
2064: 2062 2065 
2065: 2064 2066 
2066: 2065 2069 
2067: 251 506 3516 
2068: 677 1708 3573 
2069: 2066 2071 
2070: 490 2372 3177 4014 
2071: 2069 2075 
2072: 326 403 1157 2382 2514 
2073: 1870 3001 3876 
2074: 1903 3147 
2075: 2071 2080 
2076: 270 964 3207 
2077: 1788 2035 2992 
2078: 2210 3180 
2079: 365 2860 3922 
2080: 2075 2084 
2081: 1801 2371 2402 2715 
2082: 1131 1694 1917 4101 
2083: 763 1163 1771 
2084: 2080 2087 
2085: 1486 2330 2559 
2086: 2292 3701 
2087: 2084 2088 
2088: 2087 2089 
2089: 2088 2090 
2090: 2089 2092 
2091: 1678 2518 
2092: 2090 2094 
2093: 240 2357 
2094: 2092 2095 
2095: 2094 2096 
2096: 2095 2100 
2097: 1405 4690 
2098: 77 824 1945 
2099: 2928 3204 
2100: 2096 2101 
2101: 2100 2103 
2102: 273 549 4274 
2103: 2101 2106 
2104: 443 1065 1135 3900 4111 
2105: 132 1122 1772 3792 
2106: 2103 2107 
2107: 2106 2110 
2108: 83 694 1726 
2109: 194 3254 4759 
2110: 2107 2113 
2111: 3715 3743 3811 3870 
2112: 791 1214 2384 3006 4128 
2113: 2110 2115 
2114: 259 825 890 
2115: 2113 2116 
2116: 2115 2120 
2117: 111 2514 4801 
2118: 308 898 
2119: 1345 4068 
2120: 2116 2121 
2121: 2120 2125 
2122: 1011 2280 2697 4123 
2123: 363 2279 2893 4786 
2124: 430 1990 2228 3354 3428 
2125: 2121 2126 
2126: 2125 2127 
2127: 2126 2128 
2128: 2127 2129 
2129: 2128 2133 
2130: 2839 3564 4580 
2131: 435 3284 
2132: 611 2302 4263 
2133: 2129 2134 
2134: 2133 2137 
2135: 1136 1151 2772 3194 4673 
2136: 63 1096 2257 2897 4153 
2137: 2134 2139 
2138: 979 1874 4435 4597 
2139: 2137 2141 
2140: 1575 2143 2227 3750 
2141: 2139 2142 
2142: 2141 2144 
2143: 270 2140 2428 
2144: 2142 2146 
2145: 2572 2987 
2146: 2144 2147 
2147: 2146 2151 
2148: 110 3139 
2149: 1239 1473 4416 4752 
2150: 576 716 4651 
2151: 2147 2152 
2152: 2151 2153 
2153: 2152 2154 
2154: 2153 2157 
2155: 286 2482 3512 
2156: 717 906 1382 1656 
2157: 2154 2158 
2158: 2157 2161 
2159: 2021 3509 4635 
2160: 1564 2620 3091 4717 
2161: 2158 2162 
2162: 2161 2163 
2163: 2162 2165 
2164: 576 771 977 2177 4456 
2165: 2163 2166 
2166: 2165 2167 
2167: 2166 2168 4863 
2168: 2167 2169 
2169: 2168 2171 
2170: 2556 3997 4463 4963 
2171: 2169 2174 
2172: 517 1313 2256 
2173: 567 1982 
2174: 2171 2175 
2175: 2174 2178 
2176: 1647 4181 
2177: 2164 2779 3127 
2178: 2175 2182 
2179: 2562 2650 3920 4029 
2180: 2818 3871 
2181: 1684 3902 
2182: 2178 2184 
2183: 1023 1274 1746 
2184: 2182 2185 
2185: 2184 2187 
2186: 149 2699 3995 4313 
2187: 2185 2191 
2188: 1451 2047 
2189: 82 137 3353 3521 
2190: 365 1621 1795 2788 
2191: 2187 2193 
2192: 1999 2555 4399 4885 
2193: 2191 2194 
2194: 2193 2196 
2195: 1705 1966 2873 4723 
2196: 2194 2200 
2197: 953 1997 4092 
2198: 1057 2909 3136 
2199: 555 862 1461 3229 4663 
2200: 2196 2201 
2201: 2200 2202 
2202: 2201 2203 
2203: 2202 2204 
2204: 2203 2205 
2205: 2204 2208 
2206: 4085 4377 4887 
2207: 1651 4664 4888 
2208: 2205 2211 
2209: 365 1985 3160 4265 4336 
2210: 358 2078 3999 4419 
2211: 2208 2212 
2212: 2211 2215 
2213: 1794 3191 
2214: 2063 2593 3279 
2215: 2212 2216 
2216: 2215 2217 
2217: 2216 2221 
2218: 101 2549 
2219: 3404 3576 4856 
2220: 1937 2966 
2221: 2217 2224 
2222: 1548 1671 3090 4829 
2223: 2022 2576 2954 4012 
2224: 2221 2226 
2225: 680 2439 4499 
2226: 2224 2229 4635 
2227: 137 2140 
2228: 1968 2124 2604 
2229: 2226 2231 
2230: 2452 4542 
2231: 2229 2233 
2232: 1853 3819 4906 
2233: 2231 2234 
2234: 2233 2235 
2235: 2234 2236 
2236: 2235 2237 
2237: 2236 2239 
2238: 1571 3066 
2239: 2237 2240 
2240: 2239 2241 
2241: 2240 2245 
2242: 440 2861 
2243: 2468 2926 4588 
2244: 2525 3234 
2245: 2241 2246 
2246: 2245 2247 
2247: 2246 2248 
2248: 2247 2249 
2249: 2248 2251 
2250: 1775 2772 
2251: 2249 2252 
2252: 2251 2253 
2253: 2252 2254 
2254: 2253 2255 
2255: 2254 2258 
2256: 2172 4012 4869 
2257: 828 1824 2136 4051 
2258: 2255 2259 
2259: 2258 2260 
2260: 2259 2261 
2261: 2260 2263 
2262: 814 2289 4155 
2263: 2261 2264 
2264: 2263 2267 
2265: 734 3434 3476 3821 
2266: 1647 4399 
2267: 2264 2268 
2268: 2267 2269 
2269: 2268 2270 
2270: 2269 2271 
2271: 2270 2273 
2272: 3531 4020 4147 
2273: 2271 2274 
2274: 2273 2281 
2275: 435 3577 4780 
2276: 3315 3709 4947 
2277: 329 1427 
2278: 194 3105 4839 4983 
2279: 2123 4911 
2280: 2122 4210 
2281: 2274 2283 
2282: 183 1616 2955 3333 
2283: 2281 2286 
2284: 1019 1130 2891 4506 
2285: 2547 2999 3407 
2286: 2283 2287 
2287: 2286 2288 
2288: 2287 2290 
2289: 1002 2262 3792 
2290: 2288 2291 
2291: 2290 2293 
2292: 1072 1701 2086 2523 3495 
2293: 2291 2294 
2294: 2293 2296 
2295: 665 4335 
2296: 2294 2298 
2297: 1060 2012 3137 4015 
2298: 2296 2300 
2299: 1445 2511 3209 
2300: 2298 2303 
2301: 788 816 
2302: 2132 2562 
2303: 2300 2306 
2304: 456 1495 4466 
2305: 2054 4243 
2306: 2303 2307 
2307: 2306 2309 
2308: 126 593 4363 
2309: 2307 2310 
2310: 2309 2311 
2311: 2310 2313 
2312: 845 1934 1977 4852 
2313: 2311 2314 
2314: 2313 2315 
2315: 2314 2316 
2316: 2315 2319 
2317: 1347 2676 
2318: 2427 4548 
2319: 2316 2326 
2320: 1334 2350 2456 3932 4974 
2321: 1686 2440 4638 
2322: 158 4437 
2323: 1120 2327 2929 3460 3750 
2324: 1568 3316 4872 
2325: 852 4164 
2326: 2319 2328 
2327: 380 883 1627 2323 2651 
2328: 2326 2331 
2329: 2049 3271 4398 4887 
2330: 2085 4214 
2331: 2328 2332 
2332: 2331 2333 2482 
2333: 2332 2334 
2334: 2333 2335 
2335: 2334 2337 
2336: 66 304 1014 
2337: 2335 2342 
2338: 200 1669 
2339: 100 1793 3972 4692 
2340: 1060 1205 3703 3982 
2341: 63 155 2042 4849 
2342: 2337 2346 
2343: 1875 3990 
2344: 805 1399 
2345: 1191 1614 1688 
2346: 2342 2351 
2347: 4051 4070 4535 
2348: 1367 1710 
2349: 668 1069 1895 4292 
2350: 1659 1946 2320 4987 
2351: 2346 2352 
2352: 2351 2353 
2353: 2352 2355 
2354: 496 556 4029 
2355: 2353 2356 
2356: 2355 2359 
2357: 1890 2093 4247 
2358: 697 916 4933 
2359: 2356 2360 
2360: 2359 2361 
2361: 2360 2365 
2362: 3821 4336 
2363: 1857 1966 3650 
2364: 727 3310 3941 
2365: 2361 2366 
2366: 2365 2367 
2367: 2366 2368 
2368: 2367 2369 
2369: 2368 2373 
2370: 1862 4029 
2371: 1618 2081 4343 
2372: 2070 2769 2786 3559 
2373: 2369 2378 
2374: 1658 3490 3564 
2375: 1070 2402 2791 3236 4688 
2376: 527 1874 4467 4747 
2377: 763 1043 4344 4604 
2378: 2373 2380 
2379: 1226 1959 3703 
2380: 2378 2381 
2381: 2380 2383 
2382: 894 1483 2072 
2383: 2381 2385 
2384: 399 2112 2601 4304 4447 
2385: 2383 2386 
2386: 2385 2387 
2387: 2386 2389 
2388: 1297 4214 
2389: 2387 2390 
2390: 2389 2392 
2391: 1782 4851 
2392: 2390 2393 
2393: 2392 2395 
2394: 217 451 2729 2761 3289 
2395: 2393 2396 
2396: 2395 2397 
2397: 2396 2398 
2398: 2397 2399 
2399: 2398 2401 
2400: 1097 4641 
2401: 2399 2406 
2402: 2081 2375 2844 4155 4228 
2403: 271 3117 3215 
2404: 998 1099 1206 3499 
2405: 905 1050 2063 3025 4329 
2406: 2401 2407 
2407: 2406 2410 
2408: 1449 3956 
2409: 275 4174 4270 
2410: 2407 2411 
2411: 2410 2412 
2412: 2411 2413 
2413: 2412 2415 
2414: 1773 2912 3204 3831 
2415: 2413 2416 
2416: 2415 2417 
2417: 2416 2422 
2418: 271 2679 3157 4428 
2419: 1751 2559 2922 4491 4654 
2420: 2994 4053 
2421: 3663 4297 
2422: 2417 2426 
2423: 3352 3934 4373 4839 
2424: 714 3489 
2425: 4472 4793 
2426: 2422 2429 
2427: 1251 2318 3393 3494 
2428: 2143 4929 
2429: 2426 2430 
2430: 2429 2431 
2431: 2430 2434 
2432: 1677 4484 
2433: 1701 2981 
2434: 2431 2437 
2435: 1390 3387 4586 4779 
2436: 820 2007 3983 
2437: 2434 2441 
2438: 4522 4752 
2439: 618 1364 1934 2225 4270 
2440: 176 748 2321 3018 4285 
2441: 2437 2444 
2442: 523 3734 3811 
2443: 3375 3855 4815 
2444: 2441 2446 
2445: 790 1045 4074 4662 
2446: 2444 2447 
2447: 2446 2451 
2448: 1188 1315 
2449: 1834 4665 
2450: 965 1293 1378 
2451: 2447 2454 
2452: 2230 3709 4540 
2453: 828 2648 3818 4800 
2454: 2451 2455 
2455: 2454 2459 
2456: 316 1583 1607 2320 4964 
2457: 366 3101 3210 
2458: 3757 4114 4303 4563 
2459: 2455 2460 
2460: 2459 2463 
2461: 122 1738 
2462: 1558 3216 
2463: 2460 2465 
2464: 3456 3941 4809 
2465: 2463 2466 
2466: 2465 2469 
2467: 920 1927 4683 4690 
2468: 365 1696 1852 1949 2243 
2469: 2466 2471 
2470: 2908 4688 
2471: 2469 2473 
2472: 63 1706 1795 3999 4672 
2473: 2471 2474 
2474: 2473 2475 
2475: 2474 2476 
2476: 2475 2477 
2477: 2476 2479 
2478: 532 896 
2479: 2477 2480 
2480: 2479 2481 
2481: 2480 2483 
2482: 2155 2332 2953 3025 3276 
2483: 2481 2484 
2484: 2483 2488 
2485: 445 553 576 3082 4707 
2486: 4378 4636 
2487: 131 799 2744 4929 
2488: 2484 2490 
2489: 155 3207 4448 
2490: 2488 2492 
2491: 2 1343 1646 
2492: 2490 2494 
2493: 140 1929 3024 
2494: 2492 2495 
2495: 2494 2497 
2496: 594 3470 
2497: 2495 2499 
2498: 979 1070 
2499: 2497 2500 
2500: 2499 2501 
2501: 2500 2504 
2502: 3531 3920 4910 
2503: 78 293 3522 
2504: 2501 2506 
2505: 1648 4635 
2506: 2504 2508 
2507: 743 795 1302 3303 4274 
2508: 2506 2509 
2509: 2508 2510 
2510: 2509 2512 
2511: 2299 2737 
2512: 2510 2516 
2513: 1269 1739 2729 3016 
2514: 469 1069 2072 2117 4196 
2515: 2950 3339 
2516: 2512 2517 
2517: 2516 2519 
2518: 1429 2091 3590 3863 
2519: 2517 2520 
2520: 2519 2521 
2521: 2520 2522 
2522: 2521 2527 
2523: 277 856 2292 
2524: 604 2639 3108 4593 
2525: 252 540 2244 2749 
2526: 1936 4266 4404 4798 
2527: 2522 2529 
2528: 4728 4837 
2529: 2527 2530 
2530: 2529 2531 
2531: 2530 2533 
2532: 1683 2573 
2533: 2531 2534 
2534: 2533 2536 
2535: 157 858 3199 
2536: 2534 2537 
2537: 2536 2538 
2538: 2537 2540 
2539: 135 1933 
2540: 1852 2538 2543 
2541: 669 3909 4157 
2542: 1703 2782 4083 
2543: 2540 2545 
2544: 1771 3187 
2545: 2543 2546 
2546: 2545 2550 
2547: 549 1257 2285 2778 
2548: 1563 2769 4100 
2549: 1086 1814 2218 3189 4231 
2550: 2546 2552 
2551: 1137 3961 
2552: 2550 2553 
2553: 2552 2556 
2554: 965 1499 4178 
2555: 1242 2192 2724 3492 
2556: 2170 2553 2557 
2557: 2556 2561 
2558: 1724 2959 4857 
2559: 2085 2419 3970 
2560: 3569 4137 4400 
2561: 2557 2563 
2562: 2179 2302 4280 
2563: 2561 2565 
2564: 3758 4067 4705 
2565: 2563 2567 
2566: 795 1016 3427 
2567: 2565 2568 
2568: 2567 2569 
2569: 2568 2570 
2570: 2569 2571 
2571: 2570 2577 
2572: 151 2145 2782 2825 
2573: 234 240 741 2532 
2574: 1009 1332 1710 4758 
2575: 2618 2850 
2576: 1494 2223 2835 3358 4940 
2577: 2571 2578 
2578: 2577 2579 
2579: 2578 2583 
2580: 363 3179 4775 
2581: 691 3665 4657 
2582: 808 3309 3845 
2583: 2579 2585 
2584: 3653 4077 4416 
2585: 2583 2586 
2586: 2585 2587 
2587: 2586 2588 
2588: 2587 2589 
2589: 2588 2590 
2590: 2589 2591 
2591: 2590 2595 
2592: 3092 4266 4553 
2593: 1824 2007 2214 3489 
2594: 112 660 4327 4490 
2595: 2591 2596 
2596: 2595 2599 
2597: 470 1826 3033 3525 
2598: 163 3191 3533 3743 4406 
2599: 2596 2600 
2600: 2599 2603 
2601: 443 2384 4834 
2602: 159 1917 3549 
2603: 2600 2607 
2604: 2228 3359 4987 
2605: 694 1518 1925 2975 
2606: 4014 4254 4517 4992 
2607: 2603 2610 
2608: 3477 4170 4905 4949 
2609: 3624 4672 
2610: 2607 2611 
2611: 2610 2612 
2612: 2611 2613 
2613: 2612 2617 
2614: 2792 4370 
2615: 4323 4426 
2616: 366 1397 1659 1977 
2617: 2613 2619 
2618: 2575 4032 
2619: 2617 2621 
2620: 1994 2160 3862 4419 4448 
2621: 2619 2622 
2622: 2621 2625 
2623: 267 1028 4336 
2624: 588 820 3189 3757 
2625: 2622 2630 
2626: 259 3315 
2627: 1114 3300 4491 
2628: 1627 3116 4839 
2629: 815 3306 3972 
2630: 2625 2636 
2631: 1782 3727 
2632: 1694 3640 
2633: 4361 4657 
2634: 774 2648 2994 3490 
2635: 2826 4115 4498 
2636: 2630 2638 
2637: 1473 1854 2893 
2638: 2636 2640 
2639: 716 2524 4749 
2640: 2638 2641 
2641: 2640 2644 
2642: 703 3549 4477 4989 
2643: 2 83 1723 
2644: 2641 2647 
2645: 1560 3048 3194 
2646: 547 3217 3677 
2647: 2644 2649 
2648: 2453 2634 4904 
2649: 2647 2656 
2650: 2179 3360 4749 
2651: 2327 2991 4069 
2652: 1276 1710 
2653: 1453 3289 4413 4437 4851 
2654: 3829 4017 
2655: 206 516 
2656: 2649 2657 
2657: 2656 2660 
2658: 1143 1742 
2659: 970 1502 1763 3961 4420 
2660: 2657 2661 
2661: 2660 2663 
2662: 80 968 3053 
2663: 2661 2664 
2664: 2663 2666 
2665: 1162 1629 
2666: 2664 2667 
2667: 2666 2668 
2668: 2667 2669 
2669: 2668 2670 
2670: 2669 2671 
2671: 2670 2673 
2672: 467 2913 3624 
2673: 2671 2674 
2674: 2673 2675 
2675: 2674 2678 
2676: 340 2317 3635 
2677: 1397 3446 3934 
2678: 2675 2682 
2679: 273 749 1563 2418 3228 
2680: 3344 4435 
2681: 3193 3755 4682 
2682: 2678 2683 
2683: 2682 2684 
2684: 2683 2685 
2685: 2684 2688 
2686: 669 2042 3357 4432 
2687: 953 1446 1506 3190 
2688: 2685 2689 
2689: 2688 2690 
2690: 2689 2691 
2691: 2690 2692 
2692: 2691 2695 
2693: 631 1944 4678 
2694: 3836 4522 4995 
2695: 2692 2698 
2696: 771 938 
2697: 2122 2975 3979 
2698: 2695 2701 
2699: 653 2186 
2700: 3179 3460 3911 4048 4394 
2701: 2698 2702 
2702: 2701 2703 
2703: 2702 2705 
2704: 475 1837 1997 4092 
2705: 2703 2706 
2706: 2705 2707 
2707: 2706 2709 
2708: 3164 3331 4212 
2709: 2707 2710 
2710: 2709 2714 
2711: 1556 3321 3958 4622 4972 
2712: 1516 3209 4301 
2713: 2736 3819 
2714: 2710 2717 
2715: 1634 2081 3221 3932 4864 
2716: 554 734 
2717: 2714 2719 
2718: 88 1268 
2719: 2717 2722 
2720: 4 2985 
2721: 1111 3165 3193 3243 3598 
2722: 2719 2723 
2723: 2722 2725 
2724: 1076 2555 3053 4822 
2725: 2723 2730 
2726: 353 1404 
2727: 2989 3593 4173 
2728: 951 2053 3397 4666 4798 
2729: 613 813 2394 2513 
2730: 2725 2734 
2731: 3123 4744 4799 
2732: 3511 4293 
2733: 184 4168 
2734: 2730 2735 
2735: 2734 2738 
2736: 1169 2713 
2737: 2511 3259 4424 
2738: 2735 2739 
2739: 2738 2742 
2740: 1508 2894 
2741: 118 3591 
2742: 2739 2745 
2743: 1687 1807 
2744: 575 2487 2863 4706 
2745: 2742 2747 
2746: 1149 3635 3894 4428 
2747: 2745 2748 
2748: 2747 2750 
2749: 295 2525 3332 
2750: 2748 2752 
2751: 641 1067 1076 3037 
2752: 2750 2756 
2753: 852 1749 
2754: 283 3945 
2755: 1144 1729 3223 4630 
2756: 2752 2757 
2757: 2756 2758 
2758: 2757 2759 
2759: 2758 2760 
2760: 2759 2762 
2761: 2394 3062 4034 
2762: 2760 2767 
2763: 1526 3183 4662 4891 
2764: 3098 4984 
2765: 197 653 4346 
2766: 125 239 1809 
2767: 2762 2768 
2768: 2767 2771 
2769: 1231 1451 2372 2548 
2770: 1418 1480 
2771: 2768 2773 
2772: 1096 2042 2135 2250 3397 
2773: 2771 2774 
2774: 2773 2775 
2775: 2774 2776 
2776: 2775 2780 
2777: 1684 3201 
2778: 67 2016 2547 3693 3800 
2779: 248 1313 2177 3048 4035 
2780: 2776 2781 
2781: 2780 2783 
2782: 547 2542 2572 
2783: 2781 2784 
2784: 2783 2785 
2785: 2784 2787 
2786: 241 2372 
2787: 2785 2794 
2788: 2190 3895 
2789: 1541 4024 
2790: 235 4887 4969 
2791: 2375 3151 3165 3413 
2792: 1422 2614 
2793: 906 1383 3815 4033 
2794: 2787 2795 
2795: 2794 2796 
2796: 2795 2797 
2797: 2796 2798 
2798: 2797 2801 
2799: 1706 1973 
2800: 159 1930 4359 4409 
2801: 2798 2806 
2802: 23 490 3286 
2803: 1130 1367 1396 3783 
2804: 658 2859 3320 
2805: 821 1480 1805 3890 
2806: 2801 2808 
2807: 1583 3073 3201 3675 
2808: 2806 2809 
2809: 2808 2810 
2810: 2809 2811 
2811: 2810 2812 
2812: 2811 2813 
2813: 2812 2814 
2814: 2813 2815 
2815: 2814 2816 
2816: 2815 2819 
2817: 3117 3324 
2818: 611 2180 4779 
2819: 2816 2820 
2820: 2819 2821 
2821: 2820 2822 
2822: 2821 2823 
2823: 2822 2827 
2824: 516 694 1928 3302 
2825: 1681 1809 2572 4758 
2826: 2635 2835 2988 
2827: 2823 2828 
2828: 2827 2829 
2829: 2828 2833 
2830: 1683 4277 4914 
2831: 363 3997 4553 
2832: 1937 2053 4666 
2833: 2829 2834 
2834: 2833 2836 
2835: 1543 2576 2826 4534 
2836: 2834 2837 
2837: 2836 2838 
2838: 2837 2840 
2839: 372 759 2130 3395 4892 
2840: 2838 2842 
2841: 798 964 3941 4197 4810 
2842: 2840 2846 
2843: 902 4041 
2844: 2402 4048 
2845: 1067 1076 1280 
2846: 2842 2848 
2847: 1463 4068 
2848: 2846 2849 
2849: 2848 2852 
2850: 1225 2575 
2851: 812 1257 3644 
2852: 2849 2853 
2853: 2852 2854 
2854: 2853 2855 
2855: 2854 2864 
2856: 120 471 1601 3563 4292 
2857: 760 1548 4035 
2858: 525 785 
2859: 2804 3958 4914 
2860: 426 2079 
2861: 1345 1771 2242 4634 4962 
2862: 103 3351 4929 
2863: 98 569 1384 2744 
2864: 2855 2865 
2865: 2864 2866 
2866: 2865 2871 
2867: 727 3724 4162 
2868: 1057 4138 
2869: 394 3542 3702 4274 
2870: 400 4441 
2871: 2866 2874 
2872: 34 47 
2873: 66 2195 3087 
2874: 2871 2877 
2875: 582 634 1120 
2876: 380 1541 1814 
2877: 2874 2878 
2878: 2877 2879 
2879: 2878 2880 
2880: 2879 2882 
2881: 1486 3228 
2882: 2880 2883 
2883: 2882 2884 
2884: 2883 2885 
2885: 2884 2886 
2886: 2885 2890 
2887: 122 1586 4521 
2888: 216 4436 
2889: 308 3028 
2890: 2886 2892 
2891: 1067 1271 2284 4801 
2892: 2890 2895 
2893: 1187 2123 2637 2985 
2894: 118 2740 
2895: 2892 2896 
2896: 2895 2898 
2897: 79 1706 1892 2136 3766 
2898: 2896 2900 
2899: 3112 3495 
2900: 2898 2905 
2901: 424 802 3190 
2902: 13 77 3128 
2903: 1674 3525 4628 
2904: 3629 3793 
2905: 2900 2906 
2906: 2905 2907 
2907: 2906 2911 
2908: 2470 3547 
2909: 86 2198 
2910: 771 1108 
2911: 2907 2914 
2912: 1822 2414 
2913: 1944 2672 2926 4631 
2914: 2911 2917 
2915: 1742 3090 4108 
2916: 2063 3112 3444 4333 
2917: 2914 2918 
2918: 2917 2919 
2919: 2918 2923 
2920: 1567 4010 
2921: 4007 4023 
2922: 2419 3301 
2923: 2919 2925 
2924: 362 1099 4112 
2925: 2923 2927 
2926: 343 2243 2913 3640 
2927: 2925 2930 
2928: 1093 2099 
2929: 2323 3618 3667 
2930: 2927 2932 
2931: 4321 4455 
2932: 2930 2937 
2933: 439 740 1366 2053 
2934: 3068 3447 
2935: 4263 4475 
2936: 110 213 880 1219 
2937: 2932 2939 
2938: 16 1336 
2939: 2937 2943 
2940: 3970 4040 4263 
2941: 1554 4541 4580 
2942: 471 3485 
2943: 2939 2944 
2944: 2943 2945 
2945: 2944 2947 
2946: 218 1354 
2947: 2945 2948 
2948: 2947 2951 
2949: 1050 3957 
2950: 153 2515 4575 
2951: 2948 2952 
2952: 2951 2956 
2953: 1085 2482 
2954: 2223 4343 4839 
2955: 211 2282 
2956: 2952 2957 
2957: 2956 2960 
2958: 1736 3961 4265 
2959: 2558 4823 
2960: 2957 2963 
2961: 205 1726 3307 3394 3755 
2962: 3179 3412 
2963: 2960 2964 
2964: 2963 2965 
2965: 2964 2968 
2966: 1934 2220 
2967: 1702 1943 4269 4463 
2968: 2965 2970 
2969: 627 1205 1241 
2970: 2968 2971 
2971: 2970 2972 
2972: 2971 2973 
2973: 2972 2974 
2974: 2973 2976 
2975: 16 2605 2697 4891 
2976: 2974 2977 
2977: 2976 2978 
2978: 2977 2979 
2979: 2978 2980 
2980: 2979 2983 
2981: 269 2433 
2982: 184 408 3866 
2983: 2980 2984 
2984: 2983 2986 
2985: 2720 2893 2994 4743 
2986: 2984 2990 
2987: 646 1407 2145 4818 
2988: 2826 4686 
2989: 2727 3397 4591 
2990: 2986 2993 
2991: 1461 2651 4403 
2992: 330 1699 2077 4333 
2993: 2990 2995 3165 
2994: 2420 2634 2985 4221 
2995: 2993 2997 
2996: 852 1408 3551 3912 4017 
2997: 2995 2998 
2998: 2997 3000 
2999: 1147 2285 4308 4614 
3000: 2998 3002 
3001: 2073 4832 
3002: 3000 3004 
3003: 4845 4878 
3004: 3002 3009 
3005: 4692 4702 
3006: 2112 4619 4864 
3007: 80 3284 4112 
3008: 669 741 1997 3922 4121 
3009: 3004 3010 
3010: 3009 3011 
3011: 3010 3014 
3012: 1020 3707 
3013: 3163 4228 
3014: 3011 3015 
3015: 3014 3017 
3016: 517 736 2513 
3017: 3015 3022 
3018: 2440 3487 3871 4968 
3019: 1067 4034 4099 
3020: 211 1445 4072 4498 
3021: 395 1072 1736 
3022: 3017 3023 
3023: 3022 3027 
3024: 1065 1946 2493 3882 
3025: 1345 1729 2405 2482 4390 
3026: 1492 3177 3352 
3027: 3023 3030 
3028: 1532 2054 2889 3635 
3029: 1304 3387 
3030: 3027 3031 
3031: 3030 3035 
3032: 1343 4174 
3033: 153 2597 4699 4833 
3034: 1595 4135 
3035: 3031 3036 
3036: 3035 3039 
3037: 314 1002 2751 3065 4101 
3038: 905 3430 
3039: 3036 3040 
3040: 3039 3041 
3041: 3040 3043 
3042: 26 1240 4130 
3043: 3041 3044 
3044: 3043 3045 
3045: 3044 3049 
3046: 962 1648 
3047: 487 619 3557 
3048: 2645 2779 4428 
3049: 3045 3051 
3050: 67 2021 
3051: 3049 3052 
3052: 3051 3054 
3053: 1110 2662 2724 3505 
3054: 3052 3055 
3055: 3054 3056 
3056: 3055 3057 
3057: 3056 3059 
3058: 3367 3455 
3059: 3057 3060 
3060: 3059 3061 
3061: 3060 3063 
3062: 2761 4965 
3063: 3061 3067 
3064: 4188 4795 
3065: 1302 3037 3133 3975 4245 
3066: 1518 1717 2238 
3067: 3063 3069 
3068: 1717 2934 
3069: 3067 3070 
3070: 3069 3071 
3071: 3070 3072 
3072: 3071 3074 
3073: 1944 2807 3599 4246 
3074: 3072 3078 
3075: 551 1347 3663 
3076: 2007 4583 
3077: 1115 1280 4051 4244 
3078: 3074 3081 
3079: 1825 3276 3427 
3080: 59 366 869 
3081: 3078 3083 
3082: 1340 2485 4100 
3083: 3081 3084 
3084: 3083 3085 
3085: 3084 3086 
3086: 3085 3088 
3087: 480 1002 2873 
3088: 3086 3093 
3089: 1146 3181 
3090: 2222 2915 3721 4605 
3091: 2160 3447 
3092: 1015 2592 3782 4114 4847 
3093: 3088 3094 
3094: 3093 3095 
3095: 3094 3097 
3096: 439 3653 4951 
3097: 3095 3099 
3098: 870 1117 2764 
3099: 3097 3100 
3100: 3099 3102 
3101: 1037 2457 4197 
3102: 3100 3103 
3103: 3102 3104 
3104: 3103 3107 
3105: 2278 3123 3603 4483 
3106: 317 1095 4822 
3107: 3104 3109 
3108: 588 1311 2524 3332 4542 
3109: 3107 3113 
3110: 99 3132 3424 
3111: 21 4936 
3112: 515 2899 2916 
3113: 3109 3115 
3114: 1047 1990 
3115: 3113 3118 
3116: 2628 3163 3549 
3117: 2403 2817 
3118: 3115 3119 
3119: 3118 3120 
3120: 3119 3124 
3121: 3376 4603 4802 
3122: 3216 4374 
3123: 88 2731 3105 4303 
3124: 1494 3120 3126 
3125: 900 4336 
3126: 3124 3129 
3127: 2014 2177 3700 
3128: 772 885 2902 4888 
3129: 3126 3130 
3130: 3129 3131 
3131: 3130 3134 
3132: 551 718 808 3110 
3133: 1237 3065 3203 
3134: 3131 3140 
3135: 22 3224 4394 4549 
3136: 2198 4916 
3137: 1886 2297 3523 3655 4111 
3138: 127 675 3481 
3139: 2148 4995 
3140: 3134 3142 
3141: 3900 4631 4848 
3142: 3140 3145 
3143: 176 1324 4331 4481 
3144: 477 860 3735 
3145: 3142 3148 
3146: 1744 3792 
3147: 2074 4467 4676 
3148: 3145 3149 
3149: 3148 3152 
3150: 82 3413 4078 
3151: 2791 3224 4385 
3152: 3149 3153 
3153: 3152 3155 
3154: 1410 4645 
3155: 3153 3156 
3156: 3155 3159 
3157: 1011 2418 
3158: 1493 1901 4384 
3159: 3156 3161 
3160: 2209 3353 
3161: 3159 3162 
3162: 3161 3166 
3163: 1185 1206 3013 3116 
3164: 671 2708 4737 
3165: 1920 2721 2791 2993 
3166: 3162 3167 
3167: 3166 3169 
3168: 326 1190 4500 
3169: 3167 3170 
3170: 3169 3171 
3171: 3170 3172 
3172: 3171 3173 
3173: 3172 3174 
3174: 3173 3175 
3175: 3174 3178 
3176: 972 4352 
3177: 586 2070 3026 3535 
3178: 3175 3182 
3179: 2580 2700 2962 
3180: 1744 2078 3234 
3181: 1092 3089 
3182: 3178 3184 
3183: 2763 3262 3651 
3184: 3182 3185 
3185: 3184 3192 
3186: 880 1276 
3187: 998 2544 3210 
3188: 1729 3734 4503 4682 
3189: 601 740 1550 2549 2624 
3190: 2687 2901 4012 
3191: 1149 2213 2598 
3192: 3185 3195 
3193: 713 2681 2721 3217 4844 
3194: 1994 2135 2645 3699 4468 
3195: 3192 3196 
3196: 3195 3198 
3197: 1198 1599 
3198: 3196 3200 
3199: 2535 4371 
3200: 3198 3206 
3201: 2777 2807 
3202: 1936 3472 3511 4304 
3203: 1835 3133 3351 
3204: 1119 2099 2414 
3205: 67 1691 1914 
3206: 3200 3208 
3207: 2076 2489 4378 
3208: 3206 3211 
3209: 1871 2299 2712 3547 
3210: 183 2457 3187 
3211: 3208 3214 
3212: 149 1937 4858 
3213: 890 1864 3878 
3214: 3211 3218 
3215: 320 1599 2403 3898 
3216: 1429 2462 3122 4173 
3217: 1419 2646 3193 4858 
3218: 3214 3219 
3219: 3218 3220 
3220: 3219 3225 
3221: 197 2715 3812 4430 
3222: 1131 1883 4968 
3223: 1049 1498 2039 2755 4390 
3224: 3135 3151 
3225: 3220 3226 
3226: 3225 3230 
3227: 3495 4931 
3228: 2679 2881 3509 4667 
3229: 89 1280 2199 3504 
3230: 3226 3231 
3231: 3230 3232 
3232: 3231 3233 
3233: 3232 3235 
3234: 953 2244 3180 3512 
3235: 3233 3237 
3236: 2375 4698 
3237: 3235 3239 
3238: 15 1466 4711 
3239: 3237 3240 
3240: 3239 3241 
3241: 3240 3244 
3242: 105 790 4598 4654 4775 
3243: 682 1532 2721 4444 
3244: 3241 3245 
3245: 3244 3247 
3246: 1732 1973 
3247: 3245 3249 
3248: 15 3717 
3249: 3247 3250 
3250: 3249 3251 
3251: 3250 3252 
3252: 3251 3253 
3253: 3252 3256 
3254: 291 558 2109 
3255: 939 3429 
3256: 3253 3257 
3257: 3256 3260 
3258: 1445 3382 3623 
3259: 2737 4327 4748 
3260: 3257 3261 
3261: 3260 3264 
3262: 1116 1765 3183 3723 4266 
3263: 556 961 4071 4837 
3264: 3261 3265 
3265: 3264 3266 
3266: 3265 3267 
3267: 3266 3268 
3268: 3267 3269 
3269: 3268 3270 
3270: 3269 3272 
3271: 96 896 2329 3802 4484 
3272: 3270 3273 
3273: 3272 3274 
3274: 3273 3275 
3275: 3274 3277 
3276: 78 2482 3079 3416 
3277: 3275 3278 
3278: 3277 3282 
3279: 2214 3673 4269 4466 
3280: 424 3717 
3281: 1066 1282 2038 
3282: 3278 3283 
3283: 3282 3285 
3284: 2131 3007 3862 
3285: 3283 3287 
3286: 95 614 988 2802 3430 
3287: 3285 3288 
3288: 3287 3291 
3289: 714 1428 2394 2653 
3290: 1072 1794 3724 
3291: 3288 3293 
3292: 878 3447 4094 4714 
3293: 3291 3294 
3294: 3293 3295 
3295: 3294 3296 
3296: 3295 3297 
3297: 3296 3298 
3298: 3297 3299 
3299: 3298 3304 
3300: 1486 2627 
3301: 2045 2922 3781 4418 
3302: 193 588 1279 2824 
3303: 713 968 2507 3997 
3304: 3299 3313 
3305: 1558 3430 3612 
3306: 777 2629 3868 4403 
3307: 1924 2961 
3308: 55 3534 
3309: 218 2582 
3310: 216 883 2364 3612 
3311: 3528 4051 
3312: 912 4006 4519 
3313: 3304 3314 
3314: 3313 3317 
3315: 736 1717 2276 2626 3937 
3316: 693 1191 2324 3551 
3317: 3314 3322 
3318: 130 249 
3319: 912 982 1571 
3320: 558 2804 
3321: 965 2711 4085 
3322: 3317 3323 
3323: 3322 3326 
3324: 105 2817 
3325: 713 1194 3409 
3326: 3323 3327 
3327: 3326 3328 
3328: 3327 3329 
3329: 3328 3330 
3330: 3329 3334 
3331: 396 2708 
3332: 2749 3108 4815 
3333: 2282 3595 
3334: 3330 3337 
3335: 199 1122 1499 
3336: 1025 1247 3608 
3337: 3334 3338 
3338: 3337 3341 
3339: 1337 1875 2515 3720 
3340: 1505 2047 3871 
3341: 3338 3346 
3342: 1360 4444 
3343: 1057 1999 4666 4751 
3344: 1390 2680 4821 
3345: 827 3398 3679 
3346: 3341 3347 
3347: 3346 3348 
3348: 3347 3349 
3349: 3348 3350 
3350: 3349 3355 
3351: 2862 3203 
3352: 1023 2423 3026 
3353: 274 791 1247 2189 3160 
3354: 1293 2124 3540 
3355: 3350 3356 
3356: 3355 3361 
3357: 516 2686 3403 4614 
3358: 749 2576 3578 
3359: 89 489 2604 
3360: 2650 3715 4848 
3361: 3356 3362 
3362: 3361 3366 
3363: 411 887 
3364: 4066 4196 4639 
3365: 1062 1954 
3366: 3362 3368 
3367: 178 3058 
3368: 3366 3370 
3369: 4 870 
3370: 3368 3371 
3371: 3370 3372 
3372: 3371 3373 
3373: 3372 3374 
3374: 3373 3378 
3375: 171 320 810 2443 
3376: 754 3121 4134 
3377: 1250 1307 4850 4874 
3378: 3374 3379 
3379: 3378 3380 
3380: 3379 3381 
3381: 3380 3383 
3382: 1813 3258 3424 
3383: 3381 3385 
3384: 1014 4231 
3385: 3383 3388 
3386: 183 1083 
3387: 2435 3029 3871 4715 4864 
3388: 3385 3389 
3389: 3388 3390 
3390: 3389 3391 
3391: 3390 3392 
3392: 3391 3396 
3393: 2427 3455 4415 4715 
3394: 1888 2961 3556 
3395: 66 1004 2839 
3396: 3392 3400 
3397: 669 2728 2772 2989 3471 
3398: 3345 4185 
3399: 869 4862 
3400: 3396 3402 
3401: 1089 4157 4244 4673 
3402: 3400 3405 
3403: 1841 3357 
3404: 69 525 2219 4502 
3405: 3402 3406 
3406: 3405 3414 
3407: 400 2285 4502 
3408: 573 814 2036 3799 
3409: 3325 3722 
3410: 1144 1951 
3411: 1272 3850 4500 
3412: 1826 2962 4040 
3413: 2791 3150 4032 
3414: 3406 3415 
3415: 3414 3417 
3416: 1866 3276 
3417: 3415 3418 
3418: 3417 3419 
3419: 3418 3420 
3420: 3419 3421 
3421: 3420 3425 
3422: 525 810 4388 
3423: 2037 3783 
3424: 1931 1959 3110 3382 
3425: 3421 3426 
3426: 3425 3431 
3427: 1760 2566 3079 
3428: 425 547 887 2124 
3429: 1748 3255 3441 
3430: 3038 3286 3305 
3431: 3426 3432 
3432: 3431 3433 
3433: 3432 3435 
3434: 222 1019 2265 4062 4426 
3435: 3433 3436 
3436: 3435 3437 
3437: 3436 3442 
3438: 846 869 1449 4681 
3439: 987 3899 4012 
3440: 9 1073 1312 
3441: 808 3429 
3442: 3437 3449 4178 
3443: 1687 4532 
3444: 543 1247 2916 4055 4210 
3445: 1724 4438 
3446: 1327 2677 4799 
3447: 2934 3091 3292 
3448: 1312 1337 1494 1671 1854 
3449: 3442 3451 
3450: 1383 4227 4521 
3451: 3449 3452 
3452: 3451 3453 
3453: 3452 3457 
3454: 1532 2036 4943 
3455: 3058 3393 
3456: 961 2464 3819 4729 
3457: 3453 3458 
3458: 3457 3461 
3459: 69 3530 3932 4138 4488 
3460: 46 467 772 2323 2700 
3461: 3458 3462 
3462: 3461 3463 
3463: 3462 3464 
3464: 3463 3465 
3465: 3464 3466 
3466: 3465 3468 
3467: 217 426 3853 4818 
3468: 3466 3469 
3469: 3468 3473 
3470: 1852 2496 4715 
3471: 1016 1669 1705 3397 
3472: 689 3202 4954 
3473: 3469 3474 
3474: 3473 3478 
3475: 1559 3795 
3476: 938 2265 
3477: 713 2608 
3478: 3474 3479 
3479: 3478 3482 
3480: 930 1578 1717 
3481: 451 697 3138 
3482: 3479 3483 
3483: 3482 3486 
3484: 347 3795 4119 
3485: 998 1518 2942 4603 4832 
3486: 3483 3488 4488 
3487: 1834 3018 3557 
3488: 3486 3491 
3489: 1089 2424 2593 
3490: 2374 2634 4717 
3491: 3488 3496 
3492: 1659 2555 
3493: 821 3903 4062 
3494: 968 2427 3924 4277 
3495: 2292 2899 3227 3836 4955 
3496: 3491 3497 
3497: 3496 3498 
3498: 3497 3501 
3499: 2404 3934 
3500: 573 1732 4432 
3501: 3498 3502 
3502: 3501 3506 
3503: 1239 1925 3679 
3504: 1045 3229 
3505: 266 517 3053 
3506: 3502 3507 
3507: 3506 3508 
3508: 3507 3513 
3509: 1337 2159 3228 4728 
3510: 4508 4723 4941 
3511: 769 2732 3202 
3512: 704 1467 2155 3234 4266 
3513: 3508 3515 
3514: 1419 4212 4614 
3515: 3513 3517 
3516: 1621 2067 
3517: 3515 3518 
3518: 3517 3519 
3519: 3518 3520 
3520: 3519 3524 
3521: 384 1253 1928 2189 
3522: 492 1269 2503 
3523: 248 3137 3923 
3524: 3520 3526 
3525: 1249 2597 2903 3862 4992 
3526: 3524 3527 
3527: 3526 3532 
3528: 860 1017 3311 
3529: 4451 4985 
3530: 1291 3459 4771 
3531: 47 1949 2272 2502 4507 
3532: 3527 3537 
3533: 987 2598 4008 
3534: 789 1240 3308 3895 
3535: 3177 4133 4665 
3536: 860 1062 4740 
3537: 3532 3538 
3538: 3537 3539 
3539: 3538 3541 
3540: 132 3354 
3541: 3539 3543 
3542: 1325 2869 4708 
3543: 3541 3548 
3544: 275 4134 4634 
3545: 557 4229 
3546: 1472 1504 4575 
3547: 865 2908 3209 
3548: 3543 3550 
3549: 2602 2642 3116 4352 
3550: 3548 3552 
3551: 2996 3316 3801 4531 
3552: 3550 3554 
3553: 438 1247 
3554: 3552 3555 
3555: 3554 3558 
3556: 597 615 3394 4067 4569 
3557: 3047 3487 3750 
3558: 3555 3561 
3559: 2372 3907 
3560: 1773 4280 4947 
3561: 3558 3566 
3562: 142 1345 1695 
3563: 269 1020 2856 3800 
3564: 582 889 2130 2374 4068 
3565: 811 4103 
3566: 3561 3568 
3567: 117 4962 
3568: 3566 3574 
3569: 2560 4027 4285 
3570: 2021 3948 4453 
3571: 1629 1862 4296 
3572: 1212 2037 4751 
3573: 904 1120 2068 3894 
3574: 3568 3575 
3575: 3574 3582 
3576: 707 2219 3871 
3577: 1296 2275 
3578: 1600 3358 
3579: 1412 1541 4400 
3580: 615 818 4033 4496 
3581: 673 1574 3906 
3582: 3575 3583 
3583: 3582 3584 
3584: 3583 3585 
3585: 3584 3586 
3586: 3585 3587 
3587: 3586 3588 
3588: 3587 3589 
3589: 3588 3592 
3590: 2518 3775 
3591: 2741 3755 3860 
3592: 3589 3594 
3593: 112 2727 
3594: 3592 3597 
3595: 878 1900 3333 
3596: 1618 3754 4422 
3597: 3594 3599 
3598: 580 2721 4613 4973 
3599: 3073 3597 3602 
3600: 4064 4270 4638 
3601: 1516 4455 
3602: 3599 3604 
3603: 517 808 1616 1890 3105 
3604: 3602 3606 
3605: 1200 1269 
3606: 3604 3607 
3607: 3606 3609 
3608: 1537 1997 3336 
3609: 3607 3611 
3610: 1666 4792 
3611: 3609 3614 
3612: 403 3305 3310 3697 
3613: 436 4798 
3614: 3611 3615 
3615: 3614 3616 
3616: 3615 3619 
3617: 580 4130 4229 4453 
3618: 2929 3762 4438 
3619: 3616 3620 
3620: 3619 3621 
3621: 3620 3622 
3622: 3621 3626 
3623: 797 3258 4610 
3624: 615 2609 2672 4636 4965 
3625: 4385 4520 
3626: 3622 3628 
3627: 3910 4297 4967 
3628: 3626 3630 
3629: 2904 3801 
3630: 3628 3631 
3631: 3630 3632 
3632: 3631 3633 
3633: 3632 3634 
3634: 3633 3637 
3635: 355 2676 2746 3028 
3636: 4506 4996 
3637: 3634 3638 
3638: 3637 3639 
3639: 3638 3641 
3640: 2012 2632 2926 
3641: 3639 3648 
3642: 394 657 1346 
3643: 74 542 
3644: 217 682 2030 2851 
3645: 1931 4360 
3646: 134 3945 4447 
3647: 748 1539 1796 
3648: 3641 3649 
3649: 3648 3652 
3650: 274 2363 
3651: 1567 3183 4187 
3652: 3649 3654 
3653: 2584 3096 
3654: 3652 3656 
3655: 1037 1708 3137 3997 4037 
3656: 3654 3657 
3657: 3656 3658 
3658: 3657 3659 
3659: 3658 3660 
3660: 3659 3664 
3661: 292 1027 3973 
3662: 122 3730 
3663: 2421 3075 
3664: 3660 3668 
3665: 877 1057 1771 2581 
3666: 1749 4743 
3667: 2929 3975 
3668: 3664 3669 
3669: 3668 3670 
3670: 3669 3671 
3671: 3670 3672 
3672: 3671 3674 
3673: 205 1460 1738 3279 4008 
3674: 3672 3676 
3675: 503 2807 
3676: 3674 3678 
3677: 124 1212 1312 2646 4188 
3678: 3676 3680 
3679: 539 1918 3345 3503 
3680: 3678 3682 
3681: 63 1748 3753 3928 
3682: 3680 3683 
3683: 3682 3684 
3684: 3683 3686 
3685: 4917 4931 
3686: 3684 3687 
3687: 3686 3688 
3688: 3687 3690 
3689: 1249 1466 3906 
3690: 3688 3691 
3691: 3690 3692 
3692: 3691 3693 
3693: 2778 3692 3695 
3694: 818 4686 4806 
3695: 3693 3696 
3696: 3695 3698 
3697: 1188 1414 3612 3846 
3698: 3696 3706 
3699: 1463 3194 4216 4838 
3700: 1479 1681 1872 3127 
3701: 1207 2086 
3702: 1467 2869 4714 
3703: 163 2340 2379 
3704: 1218 4448 4613 
3705: 227 340 1795 3795 
3706: 3698 3708 
3707: 3012 4031 4454 
3708: 3706 3710 
3709: 2276 2452 4243 
3710: 3708 3711 
3711: 3710 3713 
3712: 1748 3723 
3713: 3711 3714 
3714: 3713 3716 
3715: 2111 3360 4065 
3716: 3714 3719 
3717: 613 1907 3248 3280 
3718: 1775 4567 
3719: 3716 3725 
3720: 440 893 1929 3339 4453 
3721: 1028 1418 3090 
3722: 1240 3409 
3723: 764 2007 3262 3712 4895 
3724: 2867 3290 4575 
3725: 3719 3726 
3726: 3725 3728 
3727: 2631 4221 
3728: 3726 3729 
3729: 3728 3731 
3730: 1669 3662 
3731: 3729 3733 
3732: 543 1414 3760 
3733: 3731 3736 
3734: 2442 3188 
3735: 1891 3144 4024 
3736: 3733 3737 
3737: 3736 3738 
3738: 3737 3739 
3739: 3738 3740 
3740: 3739 3741 
3741: 3740 3744 
3742: 838 1581 4877 
3743: 2111 2598 4048 4866 
3744: 3741 3745 
3745: 3744 3746 
3746: 3745 3747 
3747: 3746 3748 
3748: 3747 3751 
3749: 4756 4992 
3750: 2140 2323 3557 4374 4546 
3751: 3748 3752 
3752: 3751 3754 
3753: 1201 3681 4640 
3754: 3596 3752 3756 
3755: 730 2681 2961 3591 
3756: 3754 3764 
3757: 1280 2021 2458 2624 4940 
3758: 962 1037 2564 
3759: 1821 3789 4432 
3760: 1229 3732 
3761: 916 939 
3762: 1735 3618 
3763: 754 3793 
3764: 3756 3765 
3765: 3764 3767 
3766: 1004 2897 4484 
3767: 3765 3770 
3768: 4124 4146 
3769: 1789 3795 4409 
3770: 3767 3771 
3771: 3770 3773 
3772: 240 1004 1556 
3773: 3771 3776 
3774: 23 1190 
3775: 920 1859 3590 
3776: 3773 3777 
3777: 3776 3778 
3778: 3777 3779 
3779: 3778 3780 
3780: 3779 3784 
3781: 49 1014 3301 3805 4622 
3782: 90 1730 3092 
3783: 1674 2803 3423 3902 
3784: 3780 3785 
3785: 3784 3786 
3786: 3785 3787 
3787: 3786 3788 
3788: 3787 3790 
3789: 1312 1824 3759 4530 
3790: 3788 3791 
3791: 3790 3794 
3792: 586 2105 2289 3146 
3793: 2904 3763 4672 
3794: 3791 3797 
3795: 790 3475 3484 3705 3769 
3796: 657 1272 1690 3892 
3797: 3794 3803 
3798: 585 3880 4074 4290 4962 
3799: 3408 4257 
3800: 2778 3563 
3801: 3551 3629 
3802: 1644 1943 3271 4891 
3803: 3797 3804 
3804: 3803 3806 
3805: 529 3781 
3806: 3804 3807 
3807: 3806 3808 
3808: 3807 3809 
3809: 3808 3810 
3810: 3809 3814 
3811: 72 2111 2442 
3812: 3221 4600 
3813: 742 1872 1927 4157 4548 
3814: 3810 3817 
3815: 887 2793 4125 4492 
3816: 1491 1821 
3817: 3814 3820 
3818: 2453 4128 4863 
3819: 2232 2713 3456 
3820: 3817 3822 
3821: 96 1656 2265 2362 
3822: 3820 3824 
3823: 426 1220 
3824: 3822 3825 
3825: 3824 3826 
3826: 3825 3827 
3827: 3826 3828 
3828: 3827 3830 
3829: 698 1297 1691 2654 
3830: 3828 3832 
3831: 1219 1866 2414 4424 
3832: 3830 3833 
3833: 3832 3834 
3834: 3833 3835 
3835: 3834 3837 
3836: 390 2694 3495 
3837: 3835 3839 
3838: 759 1346 4097 
3839: 3837 3840 
3840: 3839 3841 
3841: 3840 3843 
3842: 821 4477 
3843: 3841 3844 
3844: 1637 3843 3847 
3845: 2582 4395 
3846: 856 1378 1701 3697 4852 
3847: 3844 3848 
3848: 3847 3852 
3849: 22 305 
3850: 273 1580 1834 3411 4520 
3851: 1446 4342 4895 
3852: 3848 3854 
3853: 765 1043 3467 
3854: 3852 3856 
3855: 1279 1890 2443 
3856: 3854 3858 
3857: 98 1802 
3858: 3856 3859 
3859: 3858 3863 
3860: 3591 4274 4437 4823 
3861: 832 1886 
3862: 1549 2620 3284 3525 3911 
3863: 2518 3859 3867 
3864: 295 854 4615 
3865: 1101 1251 1350 1795 4799 
3866: 1763 2982 
3867: 3863 3869 
3868: 625 3306 4037 
3869: 3867 3872 
3870: 525 2111 
3871: 2180 3018 3340 3387 3576 
3872: 3869 3873 
3873: 3872 3874 
3874: 3873 3877 
3875: 592 1901 4634 
3876: 1580 2073 4247 
3877: 3874 3879 
3878: 110 748 1853 3213 4952 
3879: 3877 3881 
3880: 810 1444 3798 4403 4630 
3881: 3879 3883 
3882: 3024 4529 
3883: 3881 3884 
3884: 3883 3885 
3885: 3884 3886 
3886: 3885 3888 
3887: 257 1232 4917 
3888: 3886 3889 
3889: 3888 3891 
3890: 120 486 1682 2805 
3891: 3889 3893 
3892: 597 3796 4210 
3893: 3891 3896 
3894: 243 2746 3573 
3895: 1968 2788 3534 
3896: 3893 3897 
3897: 3896 3901 
3898: 814 1262 3215 4221 4303 
3899: 1508 3439 4822 
3900: 2104 3141 
3901: 3897 3904 
3902: 2181 3783 4517 
3903: 760 824 893 1035 3493 
3904: 3901 3908 
3905: 333 816 4137 4680 
3906: 3581 3689 4710 
3907: 120 379 3559 4062 
3908: 3904 3913 
3909: 189 799 1633 2541 4265 
3910: 846 3627 4010 
3911: 2700 3862 4465 
3912: 2996 4655 
3913: 3908 3914 
3914: 3913 3915 
3915: 3914 3916 
3916: 3915 3917 
3917: 3916 3918 
3918: 3917 3921 
3919: 4786 4852 
3920: 38 142 2179 2502 
3921: 3918 3925 
3922: 1469 2079 3008 
3923: 394 3523 
3924: 665 3494 4195 
3925: 3921 3926 
3926: 3925 3927 
3927: 3926 3929 
3928: 122 140 163 230 3681 
3929: 3927 3930 
3930: 3929 3931 
3931: 3930 3935 
3932: 2320 2715 3459 
3933: 1383 4261 
3934: 570 2423 2677 3499 4597 
3935: 3931 3936 
3936: 3935 3938 
3937: 372 977 3315 
3938: 3936 3939 
3939: 3938 3940 
3940: 3939 3942 
3941: 1554 2364 2464 2841 
3942: 3940 3943 
3943: 3942 3944 
3944: 3943 3946 
3945: 534 2754 3646 4039 
3946: 3944 3947 
3947: 3946 3950 
3948: 255 555 3570 4131 
3949: 1774 4857 
3950: 3947 3951 
3951: 3950 3952 
3952: 3951 3953 
3953: 3952 3955 
3954: 239 500 
3955: 3953 3959 
3956: 477 2408 4304 
3957: 537 1483 1893 2949 
3958: 665 2711 2859 
3959: 3955 3960 
3960: 3959 3963 
3961: 2551 2659 2958 
3962: 631 1253 1311 1761 
3963: 3960 3964 
3964: 3963 3965 
3965: 3964 3966 
3966: 3965 3968 
3967: 127 1325 
3968: 3966 3969 
3969: 3968 3971 
3970: 2559 2940 
3971: 3969 3974 
3972: 84 2339 2629 
3973: 13 326 3661 
3974: 3971 3976 
3975: 257 3065 3667 
3976: 3974 3977 
3977: 3976 3978 
3978: 3977 3981 
3979: 2697 4197 
3980: 194 520 1268 1467 
3981: 3978 3984 
3982: 795 1651 1735 2340 
3983: 202 2436 4496 
3984: 3981 3985 
3985: 3984 3986 
3986: 3985 3987 
3987: 3986 3988 
3988: 3987 3991 
3989: 587 1951 
3990: 961 1516 1688 2343 4023 
3991: 3988 3992 
3992: 3991 3993 
3993: 3992 3994 
3994: 3993 3996 
3995: 2186 4680 
3996: 3994 3998 
3997: 2170 2831 3303 3655 
3998: 3996 4000 
3999: 1371 2210 2472 4958 
4000: 3998 4001 
4001: 4000 4002 
4002: 4001 4003 
4003: 4002 4004 
4004: 4003 4009 
4005: 411 721 946 4771 
4006: 14 55 104 461 3312 
4007: 700 958 2921 
4008: 267 3533 3673 
4009: 4004 4011 
4010: 2920 3910 
4011: 4009 4013 
4012: 700 2223 2256 3190 3439 
4013: 4011 4018 
4014: 24 2070 2606 
4015: 2297 4636 
4016: 4318 4782 
4017: 750 1274 2654 2996 4823 
4018: 4013 4019 
4019: 4018 4021 
4020: 2272 4710 
4021: 4019 4022 
4022: 4021 4025 
4023: 425 2921 3990 
4024: 2789 3735 4663 
4025: 4022 4026 
4026: 4025 4028 
4027: 3569 4333 4833 
4028: 4026 4030 
4029: 2179 2354 2370 4086 
4030: 4028 4036 
4031: 1871 1933 3707 4437 
4032: 2618 3413 
4033: 1862 2793 3580 4111 4905 
4034: 22 1069 2761 3019 
4035: 1631 2779 2857 
4036: 4030 4042 
4037: 3655 3868 4579 
4038: 16 958 1089 1671 4359 
4039: 203 3945 4781 
4040: 149 2940 3412 
4041: 1833 2843 
4042: 4036 4043 
4043: 4042 4044 
4044: 4043 4046 
4045: 831 847 4829 
4046: 4044 4047 
4047: 4046 4049 
4048: 1247 2700 2844 3743 
4049: 4047 4052 
4050: 618 1467 2006 
4051: 1417 2257 2347 3077 3311 
4052: 4049 4056 
4053: 1214 1888 2420 
4054: 866 1298 4153 
4055: 591 920 3444 
4056: 4052 4057 
4057: 4056 4059 4178 
4058: 988 1266 1796 
4059: 4057 4060 
4060: 4059 4061 
4061: 4060 4063 
4062: 3434 3493 3907 4115 
4063: 4061 4073 
4064: 1518 3600 
4065: 1137 3715 4748 
4066: 176 3364 4114 
4067: 535 1694 2564 3556 
4068: 1372 2119 2847 3564 4210 
4069: 221 1788 2651 
4070: 257 893 2347 4143 
4071: 565 3263 
4072: 90 305 1877 3020 4588 
4073: 4063 4075 
4074: 770 1378 1485 2445 3798 
4075: 4073 4076 
4076: 4075 4079 
4077: 2584 4759 4957 
4078: 3150 4682 
4079: 4076 4080 
4080: 4079 4081 
4081: 4080 4082 
4082: 4081 4084 
4083: 49 1633 2542 4957 
4084: 4082 4087 
4085: 2206 3321 4208 
4086: 523 4029 4188 
4087: 4084 4088 
4088: 4087 4089 
4089: 567 4088 4090 
4090: 4089 4091 
4091: 4090 4093 
4092: 824 2197 2704 4838 
4093: 4091 4095 
4094: 1002 3292 4803 
4095: 4093 4096 
4096: 4095 4098 
4097: 1361 1473 3838 
4098: 4096 4102 
4099: 590 3019 
4100: 1236 1501 2548 3082 
4101: 2082 3037 4238 
4102: 4098 4104 
4103: 930 1705 3565 
4104: 4102 4105 
4105: 4104 4107 
4106: 333 1298 
4107: 4105 4109 
4108: 2915 4767 
4109: 4107 4110 
4110: 4109 4113 
4111: 2104 3137 4033 4771 
4112: 9 2924 3007 4129 
4113: 4110 4116 
4114: 668 2458 3092 4066 
4115: 1903 2635 4062 
4116: 4113 4117 
4117: 4116 4120 
4118: 151 586 4196 
4119: 259 3484 4448 
4120: 4117 4122 
4121: 823 865 1048 3008 
4122: 4120 4126 
4123: 996 2122 
4124: 366 1086 3768 
4125: 529 3815 4789 
4126: 4122 4127 
4127: 4126 4132 
4128: 120 1001 1801 2112 3818 
4129: 351 4112 
4130: 3042 3617 4134 
4131: 792 3948 4221 
4132: 4127 4136 
4133: 3535 4226 4424 
4134: 3376 3544 4130 
4135: 1261 3034 
4136: 4132 4139 
4137: 1397 2560 3905 4850 
4138: 900 2868 3459 
4139: 4136 4140 
4140: 4139 4141 
4141: 4140 4142 
4142: 4141 4144 
4143: 185 4070 4869 
4144: 4142 4145 
4145: 4144 4148 
4146: 1179 1846 3768 
4147: 104 1568 2272 
4148: 4145 4149 
4149: 4148 4150 
4150: 4149 4152 
4151: 2 173 1901 1914 
4152: 4150 4158 
4153: 542 2136 4054 
4154: 742 1734 
4155: 821 2262 2402 4940 
4156: 668 4329 
4157: 2541 3401 3813 
4158: 4152 4161 
4159: 698 1483 4708 
4160: 557 4401 
4161: 4158 4163 
4162: 316 657 1545 2867 4938 
4163: 4161 4165 
4164: 390 2325 4526 
4165: 4163 4167 
4166: 576 1212 
4167: 4165 4171 
4168: 614 2733 
4169: 131 1502 
4170: 242 847 2608 4371 
4171: 4167 4172 
4172: 4171 4175 
4173: 517 698 1110 2727 3216 
4174: 2409 3032 4251 
4175: 4172 4177 
4176: 1769 4767 
4177: 4175 4179 
4178: 2554 3442 4057 4456 
4179: 4177 4182 
4180: 30 273 647 4435 
4181: 273 2176 
4182: 4179 4183 
4183: 4182 4184 
4184: 4183 4186 
4185: 902 1317 3398 
4186: 4184 4189 
4187: 1345 1527 3651 
4188: 734 1405 3064 3677 4086 
4189: 4186 4190 
4190: 4189 4191 
4191: 4190 4192 
4192: 4191 4193 
4193: 4192 4194 
4194: 4193 4198 
4195: 235 3924 
4196: 566 733 2514 3364 4118 
4197: 1298 2841 3101 3979 
4198: 4194 4200 
4199: 1960 4227 
4200: 4198 4201 
4201: 4200 4202 
4202: 4201 4203 
4203: 4202 4204 
4204: 4203 4205 
4205: 4204 4206 
4206: 4205 4207 
4207: 4206 4209 
4208: 1182 1399 4085 
4209: 4207 4211 
4210: 556 2280 3444 3892 4068 
4211: 4209 4213 
4212: 1495 2708 3514 
4213: 4211 4215 
4214: 2330 2388 
4215: 4213 4217 
4216: 1708 3699 4940 
4217: 4215 4218 
4218: 4217 4219 
4219: 4218 4220 
4220: 4219 4222 
4221: 889 2994 3727 3898 4131 
4222: 4220 4223 
4223: 4222 4224 
4224: 4223 4230 
4225: 44 773 1317 1324 1751 
4226: 1501 4133 
4227: 173 3450 4199 
4228: 2402 3013 4906 
4229: 1895 3545 3617 
4230: 4224 4232 
4231: 2549 3384 4582 
4232: 4230 4234 
4233: 1606 4652 
4234: 4232 4236 
4235: 270 334 
4236: 4234 4239 
4237: 223 775 
4238: 1163 4101 
4239: 4236 4240 
4240: 4239 4248 
4241: 239 894 1835 4508 
4242: 402 603 
4243: 13 2305 3709 4567 
4244: 1111 1813 3077 3401 
4245: 1206 3065 4692 
4246: 98 3073 4678 
4247: 1798 2357 3876 4597 
4248: 4240 4249 
4249: 4248 4252 
4250: 1670 4910 
4251: 480 4174 4776 
4252: 4249 4253 
4253: 4252 4255 
4254: 718 2606 
4255: 4253 4256 
4256: 4255 4259 
4257: 1353 3799 
4258: 4699 4881 
4259: 4256 4260 
4260: 1658 4259 4262 
4261: 75 3933 
4262: 736 4260 4264 
4263: 528 1364 2132 2935 2940 
4264: 4262 4267 
4265: 2209 2958 3909 
4266: 1280 2526 2592 3262 3512 
4267: 4264 4268 
4268: 4267 4271 
4269: 2967 3279 
4270: 1583 2409 2439 3600 4951 
4271: 4268 4272 
4272: 4271 4273 
4273: 4272 4275 
4274: 1104 2102 2507 2869 3860 
4275: 4273 4276 
4276: 4275 4278 
4277: 173 2044 2830 3494 
4278: 4276 4279 
4279: 4278 4281 
4280: 2562 3560 4722 
4281: 4279 4282 
4282: 4281 4284 
4283: 1583 1864 4596 
4284: 4282 4286 
4285: 442 718 2440 3569 
4286: 4284 4287 
4287: 4286 4288 
4288: 4287 4289 
4289: 4288 4294 
4290: 1 3798 
4291: 113 4622 4845 
4292: 1032 1234 2349 2856 
4293: 1108 1264 2732 
4294: 4289 4298 
4295: 221 4668 
4296: 266 3571 4962 
4297: 2421 3627 
4298: 4294 4300 
4299: 1497 4608 
4300: 4298 4306 
4301: 1972 2712 4363 4752 
4302: 1257 1566 4578 
4303: 2458 3123 3898 
4304: 2384 3202 3956 4619 
4305: 506 1257 1527 1749 
4306: 4300 4307 
4307: 4306 4310 
4308: 480 813 2999 4837 
4309: 24 223 393 
4310: 4307 4311 
4311: 4310 4312 
4312: 4311 4314 
4313: 0 1597 2186 4413 
4314: 4312 4315 
4315: 4314 4316 
4316: 4315 4317 
4317: 4316 4319 
4318: 1236 4016 4737 
4319: 4317 4320 
4320: 4319 4324 
4321: 601 893 1215 2931 
4322: 1907 4645 
4323: 451 2615 
4324: 4320 4325 
4325: 4324 4326 
4326: 4325 4328 
4327: 1492 2594 3259 
4328: 4326 4330 
4329: 2405 4156 4358 
4330: 4328 4332 
4331: 3143 4780 
4332: 4330 4337 
4333: 2916 2992 4027 
4334: 1944 4475 
4335: 515 1120 1704 2295 
4336: 2209 2362 2623 3125 4466 
4337: 4332 4338 
4338: 4337 4339 
4339: 4338 4340 
4340: 4339 4341 
4341: 4340 4347 
4342: 880 3851 4641 
4343: 1917 2371 2954 
4344: 671 2016 2377 4488 
4345: 1893 4394 4856 
4346: 958 1070 1144 2765 
4347: 4341 4348 
4348: 4347 4349 
4349: 4348 4350 
4350: 4349 4351 
4351: 4350 4353 
4352: 588 611 3176 3549 
4353: 4351 4355 
4354: 528 1428 
4355: 4353 4357 
4356: 171 1155 
4357: 4355 4362 
4358: 496 1943 4329 
4359: 157 604 1371 2800 4038 
4360: 1284 1481 3645 
4361: 1031 1450 2633 
4362: 4357 4364 
4363: 1691 2308 4301 
4364: 4362 4367 
4365: 233 1020 1903 
4366: 988 4397 4472 4575 
4367: 4364 4368 
4368: 4367 4369 
4369: 4368 4372 
4370: 1349 2614 
4371: 500 575 1970 3199 4170 
4372: 4369 4375 
4373: 490 2423 4965 
4374: 340 3122 3750 
4375: 4372 4376 
4376: 4375 4379 
4377: 681 2206 
4378: 46 752 1262 2486 3207 
4379: 4376 4380 
4380: 4379 4381 
4381: 4380 4383 
4382: 117 1011 
4383: 4381 4386 
4384: 855 1147 1454 3158 4454 
4385: 397 3151 3625 
4386: 4383 4389 
4387: 1640 4818 
4388: 1017 3422 4493 
4389: 4386 4391 
4390: 3025 3223 
4391: 4389 4392 
4392: 4391 4393 
4393: 4392 4396 
4394: 1539 2700 3135 4345 
4395: 1968 1970 3845 4837 
4396: 4393 4402 
4397: 75 4366 4872 
4398: 193 2329 
4399: 1141 2192 2266 
4400: 1208 2560 3579 
4401: 1296 4160 
4402: 4396 4405 
4403: 1049 1843 2991 3306 3880 
4404: 4 244 2526 
4405: 4402 4407 
4406: 2598 4989 
4407: 4405 4411 
4408: 151 4721 
4409: 2800 3769 4541 
4410: 75 1967 
4411: 4407 4412 
4412: 4411 4414 
4413: 1637 1671 2653 4313 
4414: 4412 4417 
4415: 34 750 920 3393 
4416: 354 2149 2584 
4417: 4414 4421 
4418: 1207 3301 4985 
4419: 286 1116 2210 2620 
4420: 330 2659 
4421: 4417 4423 
4422: 1749 2039 3596 
4423: 4421 4425 
4424: 402 2033 2737 3831 4133 
4425: 4423 4427 
4426: 2615 3434 
4427: 4425 4429 
4428: 2418 2746 3048 
4429: 4427 4433 
4430: 1578 3221 4933 
4431: 86 1962 
4432: 539 2686 3500 3759 
4433: 4429 4434 
4434: 4433 4439 
4435: 2138 2680 4180 
4436: 2888 4936 
4437: 2322 2653 3860 4031 
4438: 1921 3445 3618 
4439: 4434 4440 
4440: 4439 4442 
4441: 2045 2870 
4442: 4440 4443 
4443: 4442 4445 
4444: 3243 3342 4789 
4445: 4443 4446 
4446: 4445 4449 
4447: 1052 2384 3646 
4448: 2489 2620 3704 4119 
4449: 4446 4450 
4450: 4449 4452 
4451: 1750 3529 
4452: 4450 4457 
4453: 946 3570 3617 3720 4758 
4454: 1866 3707 4384 4539 4703 
4455: 2931 3601 
4456: 2164 4178 
4457: 4452 4458 
4458: 4457 4459 
4459: 4458 4460 
4460: 4459 4461 
4461: 4460 4462 
4462: 4461 4464 
4463: 2170 2967 4483 
4464: 4462 4469 
4465: 3911 4955 
4466: 1857 2304 3279 4336 4884 
4467: 2376 3147 
4468: 704 3194 
4469: 4464 4470 
4470: 4469 4471 
4471: 4470 4474 
4472: 2425 4366 4707 
4473: 614 1160 
4474: 4471 4476 
4475: 2935 4334 
4476: 4474 4478 
4477: 2642 3842 
4478: 4476 4479 
4479: 4478 4480 
4480: 4479 4482 
4481: 609 1002 1684 1969 3143 
4482: 4480 4485 
4483: 3105 4463 
4484: 1096 1739 2432 3271 3766 
4485: 4482 4486 
4486: 4485 4487 
4487: 4486 4489 
4488: 1290 1491 3459 3486 4344 
4489: 4487 4494 
4490: 157 2594 4591 
4491: 4 1943 1977 2419 2627 
4492: 3815 4563 
4493: 492 730 4388 
4494: 4489 4495 
4495: 4494 4497 
4496: 3580 3983 4769 
4497: 4495 4504 
4498: 2635 3020 4793 4799 
4499: 707 1578 2225 
4500: 740 1518 3168 3411 
4501: 184 362 4535 4943 
4502: 3404 3407 
4503: 3188 4581 4848 
4504: 4497 4505 
4505: 4504 4509 
4506: 2284 3636 
4507: 1435 3531 4683 
4508: 379 3510 4241 
4509: 4505 4510 
4510: 4509 4511 
4511: 4510 4512 
4512: 4511 4513 
4513: 4512 4514 
4514: 4513 4515 
4515: 4514 4518 
4516: 520 4758 
4517: 2606 3902 4933 
4518: 4515 4523 
4519: 156 3312 
4520: 3625 3850 4985 
4521: 554 647 2887 3450 
4522: 2438 2694 
4523: 4518 4524 
4524: 4523 4525 
4525: 4524 4527 
4526: 1400 1824 4164 
4527: 4525 4528 
4528: 4527 4533 
4529: 1681 3882 4647 
4530: 736 3789 
4531: 63 3551 
4532: 3443 4972 
4533: 4528 4536 
4534: 832 2835 
4535: 2347 4501 
4536: 4533 4537 
4537: 4536 4538 
4538: 4537 4543 
4539: 1313 4454 
4540: 709 831 1031 2452 
4541: 2941 4409 
4542: 353 1088 2230 3108 
4543: 4538 4544 
4544: 4543 4547 
4545: 219 1962 4552 
4546: 3750 4723 
4547: 4544 4550 
4548: 1242 2318 3813 
4549: 1097 1548 3135 
4550: 4547 4551 
4551: 4550 4554 
4552: 581 4545 
4553: 2592 2831 4751 
4554: 4551 4555 
4555: 4554 4556 
4556: 4555 4557 
4557: 4556 4558 
4558: 4557 4559 
4559: 4558 4560 
4560: 4559 4562 
4561: 1319 1450 2044 
4562: 4560 4565 
4563: 1566 2458 4492 
4564: 184 1824 4943 
4565: 4562 4566 
4566: 4565 4568 
4567: 798 1926 3718 4243 
4568: 4566 4570 
4569: 226 486 1297 3556 
4570: 4568 4571 
4571: 4570 4572 
4572: 4571 4573 
4573: 4572 4574 
4574: 4573 4576 
4575: 159 2950 3546 3724 4366 
4576: 4574 4577 
4577: 4576 4584 
4578: 1293 4302 4672 
4579: 812 4037 4668 
4580: 606 615 2130 2941 
4581: 684 1815 4503 
4582: 818 4231 
4583: 21 3076 
4584: 4577 4585 
4585: 4584 4587 
4586: 1445 2435 
4587: 4585 4590 
4588: 2014 2243 4072 
4589: 1614 1761 
4590: 4587 4592 
4591: 151 1563 2989 4490 
4592: 4590 4594 
4593: 1172 1644 2524 4832 
4594: 4592 4595 
4595: 4594 4601 
4596: 351 1987 4283 
4597: 595 2138 3934 4247 4969 
4598: 1496 3242 4829 
4599: 741 1893 4665 
4600: 1967 3812 
4601: 4595 4602 4795 
4602: 4601 4606 
4603: 1372 2033 3121 3485 
4604: 131 2377 
4605: 1527 3090 
4606: 4602 4607 
4607: 4606 4609 
4608: 577 4299 
4609: 4607 4611 
4610: 587 3623 
4611: 4609 4612 
4612: 4611 4616 
4613: 3598 3704 4764 4812 
4614: 43 2999 3357 3514 4708 
4615: 1225 1725 3864 
4616: 4612 4617 
4617: 4616 4618 
4618: 4617 4620 
4619: 185 726 3006 4304 
4620: 4618 4624 
4621: 156 1107 1337 
4622: 1578 2711 3781 4291 
4623: 1031 4787 
4624: 4620 4625 
4625: 4624 4626 
4626: 4625 4627 
4627: 4626 4628 
4628: 2903 4627 4629 
4629: 4628 4633 
4630: 382 586 2755 3880 
4631: 1861 2913 3141 
4632: 1 728 4787 
4633: 4629 4637 
4634: 1795 1983 2861 3544 3875 
4635: 2159 2226 2505 
4636: 1319 2486 3624 4015 
4637: 4633 4643 
4638: 1600 2321 3600 
4639: 213 1480 3364 
4640: 1048 3753 
4641: 2400 4342 
4642: 1233 1656 4936 
4643: 4637 4646 
4644: 4952 4957 
4645: 3154 4322 
4646: 4643 4648 
4647: 1423 4529 
4648: 4646 4649 
4649: 4648 4650 
4650: 4649 4653 
4651: 1149 1382 2150 4891 
4652: 194 4233 
4653: 4650 4656 
4654: 230 2419 3242 
4655: 966 3912 
4656: 4653 4658 
4657: 2581 2633 
4658: 4656 4659 
4659: 4658 4660 
4660: 4659 4661 
4661: 4660 4669 
4662: 64 812 2445 2763 4781 
4663: 75 820 2199 4024 
4664: 1748 2207 
4665: 2449 3535 4599 
4666: 681 2728 2832 3343 
4667: 798 1279 1871 3228 
4668: 1304 4295 4579 
4669: 4661 4670 
4670: 4669 4671 
4671: 4670 4674 
4672: 403 2472 2609 3793 4578 
4673: 1706 1822 2135 3401 
4674: 4671 4675 
4675: 4674 4676 
4676: 3147 4675 4677 
4677: 4676 4679 
4678: 1072 2693 4246 
4679: 4677 4684 
4680: 3905 3995 
4681: 791 816 3438 
4682: 1454 2681 3188 4078 
4683: 2467 4507 
4684: 4679 4687 
4685: 1284 4788 
4686: 176 2988 3694 
4687: 4684 4689 
4688: 2375 2470 
4689: 4687 4691 
4690: 151 2097 2467 
4691: 4689 4693 
4692: 2339 3005 4245 
4693: 4691 4694 
4694: 4693 4695 
4695: 4694 4696 
4696: 4695 4697 
4697: 4696 4700 
4698: 1704 3236 
4699: 206 1047 3033 4258 4705 
4700: 4697 4701 
4701: 4700 4704 
4702: 1497 3005 
4703: 1252 1875 4454 4886 
4704: 4701 4709 
4705: 160 1736 2564 4699 
4706: 2744 4943 
4707: 2057 2485 4472 
4708: 3542 4159 4614 4792 
4709: 4704 4712 
4710: 3906 4020 
4711: 970 3238 
4712: 4709 4713 
4713: 4712 4716 
4714: 1710 3292 3702 
4715: 3387 3393 3470 
4716: 4713 4718 
4717: 749 2160 3490 
4718: 4716 4719 
4719: 4718 4720 
4720: 4719 4724 
4721: 4408 4902 
4722: 1198 4280 4916 
4723: 2195 3510 4546 4816 
4724: 4720 4726 
4725: 1294 1922 
4726: 4724 4727 
4727: 4726 4730 
4728: 1233 1701 2528 3509 
4729: 775 3456 
4730: 4727 4731 
4731: 4730 4733 
4732: 534 1633 1636 
4733: 4731 4734 
4734: 4733 4735 
4735: 4734 4736 
4736: 4735 4738 
4737: 1400 3164 4318 
4738: 4736 4739 
4739: 4738 4741 
4740: 1583 3536 
4741: 4739 4742 
4742: 4741 4750 
4743: 419 2985 3666 
4744: 2731 4924 
4745: 1566 2015 
4746: 100 4911 
4747: 1001 1560 2376 
4748: 382 811 3259 4065 
4749: 2639 2650 
4750: 4742 4753 
4751: 1414 3343 3572 4553 
4752: 2022 2149 2438 4301 
4753: 4750 4754 
4754: 4753 4755 
4755: 4754 4760 
4756: 1469 1924 3749 
4757: 132 384 1685 
4758: 677 2574 2825 4453 4516 
4759: 1931 2109 4077 
4760: 4755 4761 
4761: 4760 4762 
4762: 4761 4763 
4763: 4762 4765 
4764: 596 1765 4613 
4765: 4763 4766 
4766: 4765 4768 
4767: 4108 4176 
4768: 4766 4770 
4769: 1537 4496 
4770: 4768 4772 
4771: 609 1618 3530 4005 4111 
4772: 4770 4773 
4773: 4772 4774 
4774: 4773 4777 
4775: 1292 2580 3242 
4776: 599 647 4251 
4777: 4774 4778 
4778: 4777 4783 
4779: 2435 2818 
4780: 405 1670 2275 4331 4806 
4781: 4039 4662 
4782: 748 1239 4016 
4783: 4778 4785 
4784: 660 1845 4864 
4785: 4783 4790 
4786: 2 2123 3919 
4787: 470 4623 4632 
4788: 772 896 1616 4685 
4789: 4125 4444 
4790: 4785 4791 
4791: 4790 4796 
4792: 591 3610 4708 
4793: 1360 2425 4498 
4794: 865 1575 
4795: 1893 3064 4601 
4796: 4791 4797 
4797: 4796 4804 
4798: 2526 2728 3613 
4799: 1297 2731 3446 3865 4498 
4800: 1241 2453 4863 4952 
4801: 1901 2117 2891 
4802: 515 3121 
4803: 1357 1429 1907 4094 
4804: 4797 4807 
4805: 592 1106 
4806: 1010 3694 4780 
4807: 4804 4808 
4808: 4807 4811 
4809: 650 2464 
4810: 110 2841 
4811: 4808 4813 
4812: 1383 1760 4613 
4813: 4811 4819 
4814: 363 866 
4815: 2443 3332 
4816: 4723 4947 
4817: 1060 1485 1495 
4818: 2987 3467 4387 
4819: 4813 4820 
4820: 4819 4824 
4821: 1900 3344 
4822: 355 1595 2724 3106 3899 
4823: 501 1241 2959 3860 4017 
4824: 4820 4825 
4825: 4824 4827 
4826: 1327 1734 1837 
4827: 4825 4828 
4828: 4827 4830 
4829: 1361 2222 4045 4598 
4830: 4828 4831 
4831: 4830 4835 
4832: 2055 3001 3485 4593 
4833: 1501 3033 4027 4964 
4834: 572 2601 
4835: 4831 4836 
4836: 4835 4842 
4837: 1875 2528 3263 4308 4395 
4838: 1784 1872 3699 4092 
4839: 2278 2423 2628 2954 
4840: 45 1446 1851 
4841: 181 503 959 1526 
4842: 4836 4843 
4843: 4842 4846 
4844: 255 2055 3193 
4845: 828 3003 4291 
4846: 4843 4853 
4847: 340 887 3092 
4848: 3141 3360 4503 
4849: 233 2341 
4850: 487 825 3377 4137 
4851: 733 1384 2391 2653 
4852: 1564 2312 3846 3919 
4853: 4846 4854 
4854: 4853 4855 
4855: 4854 4860 
4856: 2219 4345 
4857: 237 243 2558 3949 
4858: 3212 3217 
4859: 1481 1499 
4860: 48 4855 4861 
4861: 4860 4865 
4862: 435 3399 
4863: 930 2167 3818 4800 4957 
4864: 2715 3006 3387 4784 
4865: 4861 4867 
4866: 1789 3743 
4867: 4865 4868 
4868: 4867 4870 
4869: 2256 4143 
4870: 4868 4871 
4871: 4870 4873 
4872: 2324 4397 
4873: 4871 4875 
4874: 496 1264 1972 3377 
4875: 4873 4876 
4876: 4875 4879 
4877: 845 1065 3742 
4878: 668 1346 3003 
4879: 4876 4882 
4880: 219 590 
4881: 783 1854 4258 
4882: 4879 4883 
4883: 4882 4889 
4884: 181 4466 4892 
4885: 1485 1579 2192 
4886: 793 4703 
4887: 1354 2206 2329 2790 4888 
4888: 1802 1883 2207 3128 4887 
4889: 4883 4890 
4890: 4889 4893 
4891: 1196 2763 2975 3802 4651 
4892: 1606 2839 4884 
4893: 4890 4894 
4894: 4893 4896 
4895: 478 870 2005 3723 3851 
4896: 4894 4897 
4897: 4896 4898 
4898: 4897 4899 
4899: 4898 4900 
4900: 4899 4901 
4901: 4900 4903 
4902: 1317 4721 
4903: 4901 4907 
4904: 537 786 2648 
4905: 343 1491 2608 4033 
4906: 551 1822 1969 2232 4228 
4907: 4903 4909 
4908: 680 774 1160 
4909: 4907 4912 
4910: 2502 4250 
4911: 2279 4746 
4912: 4909 4913 
4913: 4912 4915 
4914: 199 2830 2859 
4915: 4913 4918 
4916: 3136 4722 
4917: 727 890 3685 3887 
4918: 4915 4919 
4919: 4918 4920 
4920: 4919 4921 
4921: 4920 4922 
4922: 4921 4923 
4923: 4922 4925 
4924: 1272 1419 4744 
4925: 4923 4927 
4926: 741 966 
4927: 4925 4928 
4928: 4927 4930 
4929: 2428 2487 2862 
4930: 4928 4934 
4931: 588 3227 3685 
4932: 393 1182 
4933: 2358 4430 4517 
4934: 4930 4935 
4935: 4934 4937 
4936: 521 1403 3111 4436 4642 
4937: 4935 4942 
4938: 486 1526 4162 
4939: 526 1410 
4940: 2576 3757 4155 4216 
4941: 1269 1513 3510 
4942: 4937 4944 
4943: 1250 3454 4501 4564 4706 
4944: 4942 4945 
4945: 4944 4946 
4946: 4945 4948 
4947: 1396 2276 3560 4816 
4948: 4946 4949 
4949: 2608 4948 4950 
4950: 4949 4953 
4951: 555 1028 3096 4270 
4952: 3878 4644 4800 4964 
4953: 4950 4956 
4954: 1016 3472 
4955: 255 3495 4465 
4956: 4953 4959 
4957: 1265 4077 4083 4644 4863 
4958: 266 3999 
4959: 4956 4960 
4960: 4959 4961 
4961: 4960 4966 
4962: 2861 3567 3798 4296 
4963: 358 1472 1921 2170 
4964: 569 1187 2456 4833 4952 
4965: 3062 3624 4373 
4966: 4961 4970 
4967: 291 3627 
4968: 317 3018 3222 
4969: 1861 2790 4597 
4970: 4966 4971 
4971: 4970 4975 
4972: 1678 2711 4532 
4973: 1099 3598 
4974: 189 216 1532 2320 
4975: 4971 4976 
4976: 4975 4977 
4977: 4976 4978 
4978: 4977 4979 
4979: 4978 4980 
4980: 4979 4981 
4981: 4980 4982 
4982: 4981 4986 
4983: 209 1839 2278 
4984: 1106 1960 2764 
4985: 3529 4418 4520 
4986: 4982 4988 
4987: 274 704 2350 2604 
4988: 4986 4990 
4989: 1009 2642 4406 
4990: 1677 4988 4991 
4991: 4990 4993 
4992: 258 1358 2606 3525 3749 
4993: 4991 4994 
4994: 4993 4997 
4995: 295 2694 3139 
4996: 478 1189 3636 
4997: 4994 4998 
4998: 4997 4999 
4999: 4998 
42