0: 1 7 43 
1: 0 2 35 47 
2: 1 4 16 
3: 17 19 21 36 42 
4: 2 7 9 
5: 21 26 44 
6: 10 27 36 37 41 45 
7: 0 4 8 54 
8: 7 9 40 48 
9: 4 8 13 
10: 6 23 27 
11: 12 29 34 
12: 11 26 36 37 
13: 9 15 31 
14: 23 24 52 
15: 13 16 18 
16: 2 15 18 19 
17: 3 44 53 
18: 15 16 19 
19: 3 16 18 20 
20: 19 28 33 
21: 3 5 26 46 
22: 29 52 53 
23: 10 14 42 52 
24: 14 32 36 37 44 
25: 45 
26: 5 12 21 37 
27: 6 10 38 41 
28: 20 30 50 
29: 11 22 46 
30: 28 31 50 
31: 13 30 33 
32: 24 38 45 52 
33: 20 31 35 51 
34: 11 46 52 
35: 1 33 39 
36: 3 6 12 24 38 
37: 6 12 24 26 40 
38: 27 32 36 41 
39: 35 40 54 
40: 8 37 39 43 49 
41: 6 27 38 53 
42: 3 23 44 
43: 0 40 47 
44: 5 17 24 42 
45: 6 25 32 53 
46: 21 29 34 53 
47: 1 43 48 
48: 8 47 49 
49: 40 48 50 
50: 28 30 49 51 
51: 33 50 54 
52: 14 22 23 32 34 
53: 17 22 41 45 46 
54: 7 39 51 
2