0: 36 
1: 2 11 20 
2: 1 3 51 52 
3: 2 5 10 43 
4: 16 18 33 36 54 
5: 3 7 28 
6: 9 14 17 33 53 
7: 5 8 10 12 29 
8: 7 16 23 41 51 
9: 6 21 40 54 
10: 3 7 11 
11: 1 10 12 22 
12: 7 11 13 48 
13: 12 15 19 26 52 
14: 6 17 24 36 42 46 
15: 13 19 30 32 
16: 4 8 34 35 42 49 
17: 6 14 49 
18: 4 27 51 
19: 13 15 20 
20: 1 19 22 50 
21: 9 23 34 
22: 11 20 26 
23: 8 21 27 34 51 
24: 14 25 40 41 
25: 24 31 54 
26: 13 22 28 
27: 18 23 34 38 
28: 5 26 29 37 
29: 7 28 30 
30: 15 29 32 
31: 25 42 46 49 
32: 15 30 37 39 45 
33: 4 6 36 49 53 
34: 16 21 23 27 35 
35: 16 34 46 49 
36: 0 4 14 33 
37: 28 32 39 
38: 27 40 51 53 
39: 32 37 43 
40: 9 24 38 53 
41: 8 24 42 49 
42: 14 16 31 41 
43: 3 39 44 
44: 43 45 47 
45: 32 44 47 
46: 14 31 35 
47: 44 45 48 
48: 12 47 50 
49: 16 17 31 33 35 41 51 
50: 20 48 52 
51: 2 8 18 23 38 49 
52: 2 13 50 
53: 6 33 38 40 
54: 4 9 25 
2