0: 29 42 43 53 
1: 7 47 54 
2: 6 8 18 29 35 43 48 
3: 18 20 29 
4: 6 19 20 29 33 42 
5: 12 14 39 40 43 
6: 2 4 15 18 19 23 48 
7: 1 9 17 25 26 28 
8: 2 20 23 40 42 53 
9: 7 10 34 
10: 9 11 17 54 
11: 10 13 44 46 
12: 5 35 49 50 53 
13: 11 17 27 33 
14: 5 16 29 31 49 50 
15: 6 19 35 40 
16: 14 24 39 
17: 7 10 13 21 22 
18: 2 3 6 20 31 43 53 
19: 4 6 15 43 49 
20: 3 4 8 18 40 
21: 17 25 30 
22: 17 39 42 48 
23: 6 8 42 48 
24: 16 31 35 40 42 48 
25: 7 21 26 38 
26: 7 25 27 37 
27: 13 26 28 
28: 7 27 30 32 
29: 0 2 3 4 14 31 39 
30: 21 28 32 36 
31: 14 18 24 29 40 
32: 28 30 33 
33: 4 13 32 34 
34: 9 33 36 
35: 2 12 15 24 43 49 
36: 30 34 37 52 
37: 26 36 38 45 
38: 25 37 41 
39: 5 16 22 29 
40: 5 8 15 20 24 31 
41: 38 44 51 
42: 0 4 8 22 23 24 43 
43: 0 2 5 18 19 35 42 
44: 11 41 45 
45: 37 44 46 
46: 11 45 47 
47: 1 46 51 
48: 2 6 22 23 24 50 
49: 12 14 19 35 
50: 12 14 48 
51: 41 47 52 
52: 36 51 54 
53: 0 8 12 18 
54: 1 10 52 
2