0: 25 45 46 50 
1: 27 28 37 46 
2: 3 9 
3: 2 4 20 35 43 
4: 3 5 22 32 
5: 4 7 48 
6: 28 33 37 
7: 5 9 23 
8: 17 38 53 
9: 2 7 10 13 33 
10: 9 11 42 
11: 10 12 48 
12: 11 13 14 
13: 9 12 14 34 
14: 12 13 16 
15: 18 24 26 
16: 14 19 35 
17: 8 20 33 40 
18: 15 25 44 52 
19: 16 21 41 47 
20: 3 17 33 36 38 
21: 19 22 29 30 
22: 4 21 23 39 
23: 7 22 29 
24: 15 31 51 
25: 0 18 26 
26: 15 25 31 
27: 1 33 40 45 
28: 1 6 50 
29: 21 23 30 
30: 21 29 32 
31: 24 26 38 
32: 4 30 34 
33: 6 9 17 20 27 40 54 
34: 13 32 35 
35: 3 16 34 39 
36: 20 38 44 
37: 1 6 49 51 
38: 8 20 31 36 
39: 22 35 41 
40: 17 27 33 
41: 19 39 42 
42: 10 41 43 
43: 3 42 47 
44: 18 36 54 
45: 0 27 52 
46: 0 1 50 
47: 19 43 48 
48: 5 11 47 
49: 37 51 52 
50: 0 28 46 
51: 24 37 49 54 
52: 18 45 49 
53: 8 
54: 33 44 51 
2