0: 3 
1: 19 30 34 48 53 
2: 16 40 43 
3: 0 5 20 
4: 7 12 29 42 52 
5: 3 6 14 32 
6: 5 8 27 28 35 
7: 4 30 41 42 50 52 
8: 6 10 24 
9: 29 43 44 45 
10: 8 11 24 
11: 10 13 27 
12: 4 17 33 41 42 48 53 
13: 11 14 54 
14: 5 13 15 49 
15: 14 17 22 
16: 2 29 37 40 53 
17: 12 15 20 22 39 
18: 19 23 44 52 
19: 1 18 33 46 
20: 3 17 21 
21: 20 22 38 
22: 15 17 21 24 47 
23: 18 34 37 46 51 52 
24: 8 10 22 26 
25: 29 34 37 45 
26: 24 27 31 
27: 6 11 26 28 
28: 6 27 31 
29: 4 9 16 25 48 
30: 1 7 40 46 
31: 26 28 32 54 
32: 5 31 35 36 
33: 12 19 44 45 
34: 1 23 25 
35: 6 32 36 
36: 32 35 38 
37: 16 23 25 43 46 51 
38: 21 36 39 
39: 17 38 47 52 
40: 2 16 30 43 
41: 7 12 45 50 
42: 4 7 12 53 
43: 2 9 37 40 46 
44: 9 18 33 46 48 51 
45: 9 25 33 41 
46: 19 23 30 37 43 44 
47: 22 39 49 
48: 1 12 29 44 50 52 
49: 14 47 54 
50: 7 41 48 51 
51: 23 37 44 50 
52: 4 7 18 23 39 48 
53: 1 12 16 42 
54: 13 31 49 
2