0: 8 19 47 48 
1: 2 22 
2: 1 3 30 40 
3: 2 7 9 
4: 25 27 37 
5: 6 19 26 37 
6: 5 18 31 37 
7: 3 9 10 11 50 
8: 0 19 41 47 
9: 3 7 10 
10: 7 9 11 16 
11: 7 10 13 
12: 18 
13: 11 14 38 
14: 13 16 24 
15: 25 41 45 49 
16: 10 14 17 
17: 16 20 21 
18: 6 12 23 
19: 0 5 8 31 52 
20: 17 21 38 
21: 17 20 22 34 
22: 1 21 24 36 42 54 
23: 18 41 47 53 
24: 14 22 29 
25: 4 15 31 
26: 5 35 40 48 
27: 4 44 49 
28: 39 46 53 
29: 24 30 33 49 
30: 2 29 33 
31: 6 19 25 
32: 35 39 48 
33: 29 30 34 54 
34: 21 33 36 43 51 
35: 26 32 53 
36: 22 34 38 
37: 4 5 6 48 
38: 13 20 36 40 
39: 28 32 48 
40: 2 26 38 42 
41: 8 15 23 52 53 
42: 22 40 43 
43: 34 42 50 
44: 27 46 49 
45: 15 46 52 
46: 28 44 45 
47: 0 8 23 
48: 0 26 32 37 39 
49: 15 27 29 44 
50: 7 43 51 
51: 34 50 54 
52: 19 41 45 
53: 23 28 35 41 
54: 22 33 51 
2