0: 6 15 16 22 
1: 2 
2: 1 3 18 42 
3: 2 4 47 52 
4: 3 7 25 26 
5: 15 23 50 
6: 0 27 31 37 44 46 
7: 4 8 18 
8: 7 10 33 45 
9: 23 25 49 51 
10: 8 11 19 
11: 10 13 28 39 
12: 15 16 24 44 49 
13: 11 17 21 30 
14: 24 29 31 50 
15: 0 5 12 35 43 51 
16: 0 12 46 
17: 13 18 30 
18: 2 7 17 19 38 41 
19: 10 18 20 
20: 19 21 54 
21: 13 20 26 53 54 
22: 0 23 43 46 
23: 5 9 22 24 31 40 49 
24: 12 14 23 27 34 36 
25: 4 9 29 35 43 
26: 4 21 28 
27: 6 24 46 
28: 11 26 30 
29: 14 25 51 
30: 13 17 28 32 
31: 6 14 23 37 
32: 30 33 52 
33: 8 32 38 
34: 24 42 43 48 
35: 15 25 37 48 
36: 24 48 50 
37: 6 31 35 42 43 46 
38: 18 33 39 
39: 11 38 41 
40: 23 42 51 
41: 18 39 45 
42: 2 34 37 40 44 
43: 15 22 25 34 37 
44: 6 12 42 50 51 
45: 8 41 47 
46: 6 16 22 27 37 49 
47: 3 45 52 
48: 34 35 36 50 
49: 9 12 23 46 
50: 5 14 36 44 48 
51: 9 15 29 40 44 
52: 3 32 47 53 
53: 21 52 54 
54: 20 21 53 
2