0: 2 13 49 
1: 21 27 29 39 51 53 
2: 0 4 8 32 
3: 15 26 39 46 51 
4: 2 5 11 
5: 4 6 16 17 
6: 5 8 34 
7: 9 22 29 
8: 2 6 10 
9: 7 27 28 34 38 47 
10: 8 11 24 33 
11: 4 10 13 45 
12: 28 38 39 47 
13: 0 11 14 
14: 13 16 40 
15: 3 18 29 37 41 46 48 
16: 5 14 17 
17: 5 16 19 
18: 15 25 29 38 46 47 
19: 17 24 31 
20: 21 46 53 
21: 1 20 26 28 
22: 7 30 47 
23: 28 30 41 42 52 
24: 10 19 31 
25: 18 37 39 53 
26: 3 21 27 41 
27: 1 9 26 38 
28: 9 12 21 23 30 38 46 
29: 1 7 15 18 38 51 54 
30: 22 23 28 42 
31: 19 24 32 
32: 2 31 33 
33: 10 32 34 
34: 6 9 33 35 36 
35: 34 36 50 
36: 34 35 40 
37: 15 25 41 54 
38: 9 12 18 27 28 29 
39: 1 3 12 25 41 51 
40: 14 36 43 
41: 15 23 26 37 39 47 53 
42: 23 30 47 48 
43: 40 44 52 
44: 43 45 52 
45: 11 44 49 
46: 3 15 18 20 28 
47: 9 12 18 22 41 42 53 
48: 15 42 51 54 
49: 0 45 50 
50: 35 49 52 
51: 1 3 29 39 48 
52: 23 43 44 50 
53: 1 20 25 41 47 
54: 29 37 48 
2