0: 1 12 
1: 0 2 35 
2: 1 4 31 35 
3: 9 17 22 23 29 32 47 
4: 2 7 46 
5: 10 11 17 39 45 
6: 11 16 21 30 37 45 47 
7: 4 8 26 46 
8: 7 12 14 15 
9: 3 23 30 38 53 
10: 5 19 36 54 
11: 5 6 29 30 34 38 48 
12: 0 8 13 18 33 
13: 12 14 49 
14: 8 13 15 
15: 8 14 18 
16: 6 25 27 36 41 
17: 3 5 22 27 32 38 41 
18: 12 15 20 
19: 10 22 30 54 
20: 18 24 40 46 
21: 6 22 25 29 34 47 
22: 3 17 19 21 25 53 
23: 3 9 32 42 45 
24: 20 26 52 
25: 16 21 22 27 39 44 
26: 7 24 28 
27: 16 17 25 37 47 
28: 26 31 44 52 
29: 3 11 21 38 39 53 54 
30: 6 9 11 19 34 38 
31: 2 28 33 
32: 3 17 23 36 41 42 
33: 12 31 35 43 
34: 11 21 30 39 
35: 1 2 33 40 
36: 10 16 32 42 
37: 6 27 42 
38: 9 11 17 29 30 
39: 5 25 29 34 
40: 20 35 43 
41: 16 17 32 42 45 
42: 23 32 36 37 41 45 
43: 33 40 44 
44: 25 28 43 46 
45: 5 6 23 41 42 
46: 4 7 20 44 48 
47: 3 6 21 27 54 
48: 11 46 49 50 51 
49: 13 48 50 
50: 48 49 51 
51: 48 50 52 
52: 24 28 51 
53: 9 22 29 54 
54: 10 19 29 47 53 
2