0: 2 
1: 21 36 47 52 
2: 0 7 49 
3: 4 28 35 51 
4: 3 13 16 35 50 
5: 16 28 42 
6: 35 37 52 54 
7: 2 8 29 
8: 7 10 25 
9: 18 20 39 42 52 
10: 8 12 38 
11: 21 39 47 53 
12: 10 14 19 27 
13: 4 16 51 
14: 12 15 44 
15: 14 17 48 
16: 4 5 13 42 53 54 
17: 15 19 32 33 
18: 9 31 35 37 
19: 12 17 23 
20: 9 36 41 50 
21: 1 11 27 35 47 
22: 37 41 53 
23: 19 24 26 
24: 23 25 34 
25: 8 24 26 39 43 
26: 23 25 27 
27: 12 21 26 29 
28: 3 5 35 51 52 
29: 7 27 30 
30: 29 32 48 
31: 18 37 51 
32: 17 30 33 46 
33: 17 32 34 
34: 24 33 38 
35: 3 4 6 18 21 28 
36: 1 20 41 
37: 6 18 22 31 39 
38: 10 34 43 
39: 9 11 25 37 50 
40: 53 
41: 20 22 36 
42: 5 9 16 
43: 25 38 44 
44: 14 43 45 
45: 44 46 49 
46: 32 45 48 
47: 1 11 21 
48: 15 30 46 49 
49: 2 45 48 
50: 4 20 39 51 
51: 3 13 28 31 50 54 
52: 1 6 9 28 
53: 11 16 22 40 
54: 6 16 51 
2