0: 25 34 40 
1: 37 39 51 
2: 4 11 39 
3: 10 24 40 43 
4: 2 7 49 
5: 30 31 47 51 
6: 17 24 30 44 
7: 4 8 27 35 52 53 
8: 7 11 41 54 
9: 32 34 40 
10: 3 16 17 25 37 39 
11: 2 8 12 
12: 11 13 36 
13: 12 14 36 
14: 13 18 41 
15: 16 22 32 44 
16: 10 15 30 32 
17: 6 10 22 31 37 
18: 14 20 49 50 
19: 47 
20: 18 21 46 
21: 20 23 52 
22: 15 17 32 39 
23: 21 26 36 
24: 3 6 29 30 
25: 0 10 43 45 48 
26: 23 27 29 
27: 7 26 29 42 
28: 34 40 45 51 
29: 24 26 27 33 
30: 5 6 16 24 45 
31: 5 17 34 45 
32: 9 15 16 22 
33: 29 35 38 46 
34: 0 9 28 31 44 47 48 
35: 7 33 36 
36: 12 13 23 35 38 
37: 1 10 17 45 
38: 33 36 41 
39: 1 2 10 22 
40: 0 3 9 28 
41: 8 14 38 42 
42: 27 41 46 54 
43: 3 25 44 45 
44: 6 15 34 43 
45: 25 28 30 31 37 43 48 
46: 20 33 42 49 
47: 5 19 34 51 
48: 25 34 45 
49: 4 18 46 50 
50: 18 49 52 
51: 1 5 28 47 
52: 7 21 50 53 
53: 7 52 54 
54: 8 42 53 
2