0: 2 16 
1: 3 7 19 29 37 
2: 0 5 23 50 
3: 1 44 49 54 
4: 25 37 45 
5: 2 11 39 
6: 29 36 45 
7: 1 8 27 29 37 
8: 7 28 32 49 
9: 10 37 42 
10: 9 19 53 
11: 5 12 47 
12: 11 13 35 52 
13: 12 14 33 
14: 13 16 31 48 
15: 17 28 36 45 
16: 0 14 18 24 
17: 15 19 30 42 45 
18: 16 20 50 
19: 1 10 17 30 32 
20: 18 21 40 41 43 51 
21: 20 23 39 
22: 25 38 44 53 
23: 2 21 26 
24: 16 29 42 44 54 
25: 4 22 27 38 
26: 23 31 34 52 
27: 7 25 53 
28: 8 15 36 
29: 1 6 7 24 
30: 17 19 32 54 
31: 14 26 33 
32: 8 19 30 36 54 
33: 13 31 34 
34: 26 33 35 
35: 12 34 39 
36: 6 15 28 32 
37: 1 4 7 9 49 
38: 22 25 44 
39: 5 21 35 40 
40: 20 39 41 46 
41: 20 40 43 
42: 9 17 24 
43: 20 41 46 
44: 3 22 24 38 
45: 4 6 15 17 
46: 40 43 47 
47: 11 46 48 54 
48: 14 47 50 
49: 3 8 37 
50: 2 18 48 51 
51: 20 50 52 
52: 12 26 51 
53: 10 22 27 
54: 3 24 30 32 47 
2