0: 25 34 48 
1: 2 
2: 1 4 21 
3: 9 16 27 
4: 2 5 47 
5: 4 7 13 28 
6: 14 24 26 31 49 
7: 5 13 30 37 
8: 9 12 20 27 31 38 53 
9: 3 8 11 29 
10: 29 51 53 
11: 9 14 24 
12: 8 31 34 44 52 
13: 5 7 18 33 40 54 
14: 6 11 15 20 27 
15: 14 20 24 42 44 48 51 
16: 3 17 46 49 52 54 
17: 16 42 44 51 52 53 
18: 13 19 22 36 41 
19: 18 21 43 
20: 8 14 15 38 53 
21: 2 19 22 
22: 18 21 23 
23: 22 26 50 
24: 6 11 15 42 52 
25: 0 29 48 51 
26: 6 23 28 47 
27: 3 8 14 49 
28: 5 26 30 32 
29: 9 10 25 51 
30: 7 28 32 
31: 6 8 12 48 
32: 28 30 33 
33: 13 32 35 
34: 0 12 44 
35: 33 36 39 45 54 
36: 18 35 37 
37: 7 36 39 
38: 8 20 46 49 
39: 35 37 40 
40: 13 39 41 
41: 18 40 43 
42: 15 17 24 44 48 49 
43: 19 41 45 
44: 12 15 17 34 42 
45: 35 43 47 
46: 16 38 
47: 4 26 45 50 
48: 0 15 25 31 42 
49: 6 16 27 38 42 
50: 23 47 54 
51: 10 15 17 25 29 
52: 12 16 17 24 
53: 8 10 17 20 
54: 13 16 35 50 
2