0: 1 13 14 21 
1: 0 22 35 
2: 3 31 
3: 2 6 41 50 
4: 7 32 39 
5: 7 17 20 32 48 
6: 3 9 15 
7: 4 5 20 26 29 
8: 20 27 47 
9: 6 10 33 36 
10: 9 11 45 
11: 10 12 48 
12: 11 15 23 32 42 
13: 0 18 21 29 30 47 
14: 0 27 30 39 
15: 6 12 16 19 
16: 15 19 45 
17: 5 26 30 32 47 
18: 13 27 30 37 39 
19: 15 16 23 38 
20: 5 7 8 46 
21: 0 13 26 28 40 
22: 1 28 30 34 40 
23: 12 19 24 43 
24: 23 25 45 54 
25: 24 31 45 
26: 7 17 21 29 35 
27: 8 14 18 49 
28: 21 22 37 
29: 7 13 26 34 49 51 
30: 13 14 17 18 22 34 35 
31: 2 25 33 
32: 4 5 12 17 40 51 
33: 9 31 36 
34: 22 29 30 49 
35: 1 26 30 37 47 49 
36: 9 33 38 
37: 18 28 35 40 51 
38: 19 36 41 
39: 4 14 18 46 49 
40: 21 22 32 37 46 47 
41: 3 38 42 52 
42: 12 41 43 
43: 23 42 44 
44: 43 45 53 
45: 10 16 24 25 44 48 54 
46: 20 39 40 47 
47: 8 13 17 35 40 46 
48: 5 11 45 50 
49: 27 29 34 35 39 
50: 3 48 52 
51: 29 32 37 
52: 41 50 53 
53: 44 52 54 
54: 24 45 53 
2