0: 22 27 52 
1: 3 
2: 5 19 22 41 
3: 1 8 24 30 34 
4: 17 36 42 54 
5: 2 22 27 36 
6: 11 20 26 44 
7: 26 27 39 
8: 3 9 16 37 
9: 8 13 14 37 
10: 27 43 54 
11: 6 17 42 52 
12: 26 33 39 40 41 42 
13: 9 14 18 28 46 51 
14: 9 13 15 
15: 14 16 24 53 
16: 8 15 18 48 
17: 4 11 19 39 
18: 13 16 21 25 
19: 2 17 32 42 
20: 6 35 39 
21: 18 23 46 53 
22: 0 2 5 33 
23: 21 24 38 45 46 49 
24: 3 15 23 25 29 31 
25: 18 24 28 50 
26: 6 7 12 42 44 54 
27: 0 5 7 10 
28: 13 25 29 
29: 24 28 30 
30: 3 29 31 
31: 24 30 34 
32: 19 33 43 
33: 12 22 32 40 
34: 3 31 37 
35: 20 41 47 54 
36: 4 5 39 47 
37: 8 9 34 38 43 
38: 23 37 45 
39: 7 12 17 20 36 
40: 12 33 52 
41: 2 12 35 52 
42: 4 11 12 19 26 44 
43: 10 32 37 44 
44: 6 26 42 43 54 
45: 23 38 46 
46: 13 21 23 45 48 
47: 35 36 
48: 16 46 49 
49: 23 48 50 
50: 25 49 51 
51: 13 50 52 53 
52: 0 11 40 41 51 
53: 15 21 51 
54: 4 10 26 35 44 
2