0: 3 7 8 10 
1: 4 31 36 38 41 
2: 9 11 21 36 
3: 0 28 53 
4: 1 5 14 
5: 4 6 35 
6: 5 12 49 
7: 0 27 36 39 53 
8: 0 20 33 46 50 
9: 2 46 50 
10: 0 11 25 27 33 54 
11: 2 10 17 19 21 39 
12: 6 14 16 
13: 17 19 37 
14: 4 12 15 
15: 14 16 45 
16: 12 15 18 32 48 
17: 11 13 40 42 46 
18: 16 22 47 
19: 11 13 28 40 
20: 8 28 54 
21: 2 11 40 51 53 
22: 18 23 30 
23: 22 24 29 
24: 23 29 44 49 
25: 10 26 36 42 51 
26: 25 42 51 
27: 7 10 33 42 50 
28: 3 19 20 42 
29: 23 24 30 52 
30: 22 29 31 
31: 1 30 32 
32: 16 31 34 
33: 8 10 27 37 
34: 32 35 52 
35: 5 34 38 
36: 1 2 7 25 37 54 
37: 13 33 36 
38: 1 35 41 43 
39: 7 11 40 51 
40: 17 19 21 39 53 
41: 1 38 43 
42: 17 25 26 27 28 46 
43: 38 41 44 
44: 24 43 45 
45: 15 44 47 
46: 8 9 17 42 53 
47: 18 45 48 54 
48: 16 47 49 
49: 6 24 48 52 
50: 8 9 27 
51: 21 25 26 39 
52: 29 34 49 
53: 3 7 21 40 46 
54: 10 20 36 47 
2