0: 5 13 42 
1: 3 4 45 47 48 
2: 3 6 23 
3: 1 2 4 18 23 48 
4: 1 3 6 21 23 48 51 
5: 0 7 20 52 
6: 2 4 9 32 47 50 
7: 5 11 16 30 
8: 18 23 33 47 
9: 6 15 23 32 42 
10: 14 15 23 51 
11: 7 12 43 
12: 11 13 29 
13: 0 12 16 
14: 10 19 34 51 
15: 9 10 31 34 48 
16: 7 13 17 25 37 38 
17: 16 20 30 
18: 3 8 19 22 33 
19: 14 18 40 44 45 51 
20: 5 17 24 54 
21: 4 22 41 47 
22: 18 21 32 33 41 
23: 2 3 4 8 9 10 33 
24: 20 25 30 
25: 16 24 26 
26: 25 27 30 
27: 26 28 49 
28: 27 29 43 
29: 12 28 30 54 
30: 7 17 24 26 29 35 36 
31: 15 41 42 44 45 
32: 6 9 22 34 45 47 50 
33: 8 18 22 23 44 
34: 14 15 32 50 
35: 30 36 53 
36: 30 35 37 42 
37: 16 36 38 
38: 16 37 39 
39: 38 43 49 
40: 19 45 50 
41: 21 22 31 
42: 0 9 31 36 50 
43: 11 28 39 46 
44: 19 31 33 45 
45: 1 19 31 32 40 44 51 
46: 43 49 53 
47: 1 6 8 21 32 48 
48: 1 3 4 15 47 
49: 27 39 46 52 
50: 6 32 34 40 42 
51: 4 10 14 19 45 
52: 5 49 53 
53: 35 46 52 54 
54: 20 29 53 
2