0: 2 
1: 19 29 
2: 0 3 36 
3: 2 4 50 
4: 3 6 11 
5: 7 13 24 48 
6: 4 11 34 53 
7: 5 25 47 
8: 14 27 45 
9: 10 26 40 44 
10: 9 19 40 
11: 4 6 12 
12: 11 15 42 
13: 5 14 19 26 41 48 
14: 8 13 54 
15: 12 16 52 
16: 15 17 18 35 
17: 16 18 21 
18: 16 17 20 30 
19: 1 10 13 27 28 29 37 
20: 18 21 22 52 
21: 17 20 22 
22: 20 21 30 
23: 25 37 48 
24: 5 27 28 
25: 7 23 41 44 48 
26: 9 13 49 
27: 8 19 24 47 48 54 
28: 19 24 41 
29: 1 19 32 33 47 
30: 18 22 31 51 
31: 30 34 39 43 
32: 29 36 40 45 48 54 
33: 29 37 49 
34: 6 31 35 
35: 16 34 36 
36: 2 32 35 38 
37: 19 23 33 51 
38: 36 39 42 53 
39: 31 38 42 
40: 9 10 32 46 
41: 13 25 28 
42: 12 38 39 43 
43: 31 42 50 
44: 9 25 47 
45: 8 32 46 
46: 40 45 49 54 
47: 7 27 29 44 
48: 5 13 23 25 27 32 
49: 26 33 46 
50: 3 43 51 
51: 30 37 50 52 
52: 15 20 51 53 
53: 6 38 52 
54: 14 27 32 46 
2