0: 9 40 48 53 
1: 3 8 20 
2: 9 21 22 51 
3: 1 4 28 34 
4: 3 5 26 45 
5: 4 8 50 
6: 9 21 29 53 
7: 19 22 29 36 40 54 
8: 1 5 11 24 
9: 0 2 6 35 39 42 54 
10: 33 36 51 54 
11: 8 12 17 
12: 11 15 32 
13: 19 27 31 33 
14: 19 38 41 48 54 
15: 12 17 39 47 
16: 19 22 31 
17: 11 15 18 52 
18: 17 20 43 
19: 7 13 14 16 42 46 54 
20: 1 18 23 39 
21: 2 6 29 35 42 
22: 2 7 16 41 42 
23: 20 24 50 
24: 8 23 25 
25: 24 26 37 49 
26: 4 25 28 
27: 13 35 38 39 48 
28: 3 26 30 
29: 6 7 21 31 40 
30: 28 32 50 
31: 13 16 29 38 39 46 51 
32: 12 30 34 
33: 10 13 39 
34: 3 32 37 
35: 9 21 27 40 53 
36: 7 10 48 54 
37: 25 34 43 
38: 14 27 31 46 
39: 9 15 20 27 31 33 53 
40: 0 7 29 35 41 53 
41: 14 22 40 46 48 
42: 9 19 21 22 48 51 
43: 18 37 44 
44: 43 45 52 
45: 4 44 47 
46: 19 31 38 41 51 54 
47: 15 45 49 
48: 0 14 27 36 41 42 
49: 25 47 50 
50: 5 23 30 49 52 
51: 2 10 31 42 46 
52: 17 44 50 
53: 0 6 35 39 40 
54: 7 9 10 14 19 36 46 
2