0: 1 
1: 0 3 29 
2: 13 33 46 47 
3: 1 4 6 24 
4: 3 5 19 52 
5: 4 7 14 29 
6: 3 12 15 25 27 31 39 
7: 5 10 20 22 54 
8: 12 13 15 33 39 
9: 26 28 34 53 
10: 7 14 18 32 
11: 15 26 30 47 
12: 6 8 16 17 40 45 48 
13: 2 8 15 17 43 
14: 5 10 18 54 
15: 6 8 11 13 
16: 12 25 39 40 50 
17: 12 13 25 45 
18: 10 14 19 34 35 
19: 4 18 20 
20: 7 19 21 23 42 
21: 20 22 37 
22: 7 21 23 51 
23: 20 22 24 
24: 3 23 29 38 
25: 6 16 17 48 
26: 9 11 30 53 
27: 6 39 43 
28: 9 33 49 
29: 1 5 24 32 
30: 11 26 46 
31: 6 43 47 50 
32: 10 29 35 
33: 2 8 28 
34: 9 18 46 47 48 
35: 18 32 36 
36: 35 37 41 
37: 21 36 38 
38: 24 37 41 
39: 6 8 16 27 
40: 12 16 45 
41: 36 38 42 44 
42: 20 41 44 
43: 13 27 31 50 
44: 41 42 51 
45: 12 17 40 46 
46: 2 30 34 45 
47: 2 11 31 34 
48: 12 25 34 
49: 28 
50: 16 31 43 53 
51: 22 44 52 
52: 4 51 54 
53: 9 26 50 
54: 7 14 52 
2