0: 1 5 17 45 52 
1: 0 3 6 33 40 53 
2: 4 25 31 41 
3: 1 5 21 23 
4: 2 13 41 
5: 0 3 6 39 
6: 1 5 15 
7: 27 32 41 
8: 9 19 27 41 48 
9: 8 12 19 25 29 43 
10: 11 17 38 
11: 10 14 19 21 31 32 47 
12: 9 21 29 51 
13: 4 28 38 43 
14: 11 16 19 29 
15: 6 20 34 
16: 14 17 28 47 
17: 0 10 16 38 
18: 27 32 48 
19: 8 9 11 14 25 40 51 
20: 15 22 50 
21: 3 11 12 32 43 54 
22: 20 23 35 
23: 3 22 24 36 
24: 23 26 42 49 
25: 2 9 19 41 48 51 
26: 24 30 42 
27: 7 8 18 28 47 
28: 13 16 27 43 54 
29: 9 12 14 38 
30: 26 33 50 
31: 2 11 51 
32: 7 11 18 21 48 
33: 1 30 34 
34: 15 33 35 
35: 22 34 36 
36: 23 35 37 46 
37: 36 39 44 
38: 10 13 17 29 
39: 5 37 40 
40: 1 19 39 42 53 
41: 2 4 7 8 25 
42: 24 26 40 44 
43: 9 13 21 28 54 
44: 37 42 45 
45: 0 44 46 
46: 36 45 49 
47: 11 16 27 
48: 8 18 25 32 
49: 24 46 50 
50: 20 30 49 52 
51: 12 19 25 31 
52: 0 50 53 
53: 1 40 52 
54: 21 28 43 
3