0: 2 38 
1: 3 15 39 43 
2: 0 5 6 
3: 1 25 32 36 
4: 8 26 28 
5: 2 6 12 
6: 2 5 9 41 
7: 19 32 43 
8: 4 22 24 35 
9: 6 10 37 
10: 9 12 21 51 
11: 15 35 45 
12: 5 10 13 30 
13: 12 14 29 
14: 13 16 54 
15: 1 11 40 45 
16: 14 17 44 
17: 16 21 27 34 42 
18: 19 23 48 50 
19: 7 18 26 48 
20: 22 46 48 52 
21: 10 17 27 
22: 8 20 43 52 
23: 18 25 33 
24: 8 28 33 
25: 3 23 41 52 
26: 4 19 48 
27: 17 21 29 36 
28: 4 24 35 
29: 13 27 30 
30: 12 29 31 
31: 30 34 49 54 
32: 3 7 47 50 
33: 23 24 35 
34: 17 31 36 
35: 8 11 28 33 46 52 
36: 3 27 34 37 
37: 9 36 38 53 
38: 0 37 41 43 
39: 1 40 50 
40: 15 39 48 
41: 6 25 38 42 
42: 17 41 44 
43: 1 7 22 38 46 
44: 16 42 49 
45: 11 15 47 
46: 20 35 43 
47: 32 45 50 
48: 18 19 20 26 40 
49: 31 44 51 
50: 18 32 39 47 
51: 10 49 53 
52: 20 22 25 35 
53: 37 51 54 
54: 14 31 53 
3