0: 1 2 17 21 
1: 0 17 
2: 0 19 29 40 47 
3: 5 11 13 41 
4: 9 20 40 
5: 3 6 36 
6: 5 11 49 
7: 31 33 39 50 
8: 33 39 48 
9: 4 20 32 40 
10: 19 33 34 
11: 3 6 12 
12: 11 13 23 25 30 54 
13: 3 12 14 
14: 13 15 52 
15: 14 16 38 
16: 15 22 38 
17: 0 1 53 
18: 28 29 34 
19: 2 10 24 29 48 49 
20: 4 9 24 42 
21: 0 28 53 
22: 16 23 26 54 
23: 12 22 25 
24: 19 20 35 
25: 12 23 26 27 
26: 22 25 27 42 
27: 25 26 30 
28: 18 21 35 42 
29: 2 18 19 42 50 
30: 12 27 32 46 
31: 7 37 47 
32: 9 30 36 43 44 
33: 7 8 10 37 39 53 
34: 10 18 39 42 
35: 24 28 50 
36: 5 32 38 45 
37: 31 33 47 
38: 15 16 36 41 
39: 7 8 33 34 
40: 2 4 9 48 
41: 3 38 43 
42: 20 26 28 29 34 
43: 32 41 44 
44: 32 43 45 
45: 36 44 46 51 
46: 30 45 49 
47: 2 31 37 48 
48: 8 19 40 47 
49: 6 19 46 51 
50: 7 29 35 
51: 45 49 52 
52: 14 51 54 
53: 17 21 33 
54: 12 22 52 
3