0: 2 10 12 18 
1: 3 23 53 
2: 0 26 40 
3: 1 4 35 
4: 3 6 7 17 43 
5: 18 30 34 
6: 4 7 19 39 
7: 4 6 9 28 
8: 15 20 32 40 
9: 7 14 22 
10: 0 11 15 29 
11: 10 13 18 44 46 
12: 0 15 18 27 41 
13: 11 30 36 
14: 9 17 24 50 
15: 8 10 12 20 
16: 26 36 37 
17: 4 14 19 
18: 0 5 11 12 48 
19: 6 17 21 54 
20: 8 15 42 
21: 19 22 35 
22: 9 21 23 47 
23: 1 22 24 38 
24: 14 23 28 
25: 26 31 41 
26: 2 16 25 
27: 12 32 34 43 
28: 7 24 33 54 
29: 10 30 37 
30: 5 13 29 
31: 25 42 45 
32: 8 27 36 37 48 
33: 28 35 51 
34: 5 27 45 
35: 3 21 33 38 
36: 13 16 32 
37: 16 29 32 
38: 23 35 39 49 
39: 6 38 43 
40: 2 8 44 
41: 12 25 48 
42: 20 31 
43: 4 27 39 46 
44: 11 40 45 
45: 31 34 44 53 
46: 11 43 47 52 
47: 22 46 49 
48: 18 32 41 
49: 38 47 50 
50: 14 49 51 
51: 33 50 52 
52: 46 51 53 
53: 1 45 52 54 
54: 19 28 53 
3