0: 12 16 18 35 41 
1: 2 5 
2: 1 4 51 
3: 9 16 31 42 49 
4: 2 5 50 
5: 1 4 6 21 24 
6: 5 7 48 
7: 6 10 15 
8: 18 22 29 39 52 
9: 3 14 38 52 
10: 7 11 51 
11: 10 15 27 32 
12: 0 29 43 47 
13: 28 34 35 42 47 54 
14: 9 34 41 54 
15: 7 11 19 44 
16: 0 3 34 38 
17: 22 25 31 33 40 
18: 0 8 28 33 
19: 15 20 23 36 
20: 19 21 37 
21: 5 20 23 45 
22: 8 17 25 54 
23: 19 21 24 
24: 5 23 26 
25: 17 22 33 36 
26: 24 27 51 
27: 11 26 28 30 
28: 13 18 27 29 54 
29: 8 12 28 35 39 47 
30: 27 32 37 46 
31: 3 17 34 52 
32: 11 30 36 
33: 17 18 25 43 47 49 52 
34: 13 14 16 31 37 39 
35: 0 13 29 47 
36: 19 25 32 37 
37: 20 30 34 36 44 
38: 9 16 49 
39: 8 29 34 42 
40: 17 54 
41: 0 14 42 43 
42: 3 13 39 41 
43: 12 33 41 49 
44: 15 37 45 
45: 21 44 46 53 
46: 30 45 48 53 
47: 12 13 29 33 35 
48: 6 46 50 
49: 3 33 38 43 
50: 4 48 51 
51: 2 10 26 50 53 
52: 8 9 31 33 
53: 45 46 51 
54: 13 14 22 28 40 
3