0: 18 27 30 37 
1: 4 
2: 16 32 37 54 
3: 5 37 48 
4: 1 6 7 22 41 53 
5: 3 9 10 23 
6: 4 7 26 52 
7: 4 6 8 
8: 7 13 29 
9: 5 11 12 35 
10: 5 15 48 
11: 9 30 37 40 
12: 9 30 48 
13: 8 20 51 
14: 16 30 37 43 45 49 
15: 10 38 49 53 
16: 2 14 39 
17: 23 43 48 
18: 0 38 49 
19: 30 35 40 
20: 13 21 36 44 47 
21: 20 22 24 28 31 
22: 4 21 24 
23: 5 17 32 35 39 
24: 21 22 25 
25: 24 26 42 
26: 6 25 28 53 
27: 0 38 45 54 
28: 21 26 29 
29: 8 28 31 
30: 0 11 12 14 19 39 
31: 21 29 33 
32: 2 23 37 
33: 31 34 51 
34: 33 36 42 
35: 9 19 23 40 46 
36: 20 34 41 
37: 0 2 3 11 14 32 
38: 15 18 27 45 
39: 16 23 30 43 
40: 11 19 35 54 
41: 4 36 42 
42: 25 34 41 44 50 
43: 14 17 39 
44: 20 42 46 
45: 14 27 38 
46: 35 44 47 51 
47: 20 46 49 50 
48: 3 10 12 17 
49: 14 15 18 47 
50: 42 47 51 
51: 13 33 46 50 52 
52: 6 51 53 
53: 4 15 26 52 
54: 2 27 40 
3