0: 2 
1: 4 14 29 36 
2: 0 5 13 
3: 6 10 17 40 
4: 1 37 38 
5: 2 7 25 
6: 3 14 41 
7: 5 8 45 
8: 7 9 27 
9: 8 11 34 
10: 3 15 38 
11: 9 13 20 40 
12: 18 43 47 
13: 2 11 20 
14: 1 6 31 36 37 47 
15: 10 22 38 40 
16: 18 43 48 
17: 3 36 39 43 
18: 12 16 26 
19: 23 30 36 39 46 
20: 11 13 21 52 
21: 20 24 28 49 
22: 15 32 48 
23: 19 26 43 
24: 21 25 35 
25: 5 24 27 
26: 18 23 29 37 
27: 8 25 28 54 
28: 21 27 30 54 
29: 1 26 46 47 
30: 19 28 34 49 
31: 14 33 41 
32: 22 38 46 
33: 31 36 37 39 
34: 9 30 35 
35: 24 34 40 
36: 1 14 17 19 33 41 48 
37: 4 14 26 33 
38: 4 10 15 32 
39: 17 19 33 
40: 3 11 15 35 42 
41: 6 31 36 
42: 40 44 53 
43: 12 16 17 23 
44: 42 45 50 51 
45: 7 44 49 
46: 19 29 32 
47: 12 14 29 48 
48: 16 22 36 47 
49: 21 30 45 50 
50: 44 49 51 
51: 44 50 52 
52: 20 51 53 
53: 42 52 54 
54: 27 28 53 
3