0: 9 19 26 38 45 
1: 3 15 
2: 4 16 19 21 47 54 
3: 1 5 12 29 
4: 2 8 30 43 46 
5: 3 6 33 
6: 5 7 36 
7: 6 10 20 49 
8: 4 17 41 
9: 0 17 38 
10: 7 12 22 33 
11: 16 24 31 48 
12: 3 10 13 18 40 
13: 12 15 52 
14: 17 19 38 41 
15: 1 13 20 51 
16: 2 11 30 34 
17: 8 9 14 43 
18: 12 43 48 54 
19: 0 2 14 44 46 47 
20: 7 15 22 35 
21: 2 26 34 41 53 
22: 10 20 23 37 45 
23: 22 25 50 
24: 11 42 44 
25: 23 27 28 
26: 0 21 41 
27: 25 28 52 
28: 25 27 29 
29: 3 28 32 
30: 4 16 45 
31: 11 40 42 54 
32: 29 33 50 
33: 5 10 32 35 
34: 16 21 54 
35: 20 33 36 
36: 6 35 37 
37: 22 36 39 
38: 0 9 14 41 
39: 37 40 50 
40: 12 31 39 49 
41: 8 14 21 26 38 
42: 24 31 54 
43: 4 17 18 47 
44: 19 24 53 
45: 0 22 30 47 
46: 4 19 48 
47: 2 19 43 45 
48: 11 18 46 53 
49: 7 40 50 
50: 23 32 39 49 51 
51: 15 50 52 
52: 13 27 51 
53: 21 44 48 
54: 2 18 31 34 42 
3