0: 1 14 
1: 0 2 36 49 
2: 1 3 21 32 
3: 2 4 9 15 38 
4: 3 7 29 33 39 
5: 16 18 23 27 46 
6: 8 12 24 43 46 
7: 4 9 39 
8: 6 29 35 40 
9: 3 7 11 53 
10: 17 24 28 
11: 9 13 26 34 42 
12: 6 16 29 37 44 50 
13: 11 14 15 
14: 0 13 15 
15: 3 13 14 19 
16: 5 12 35 37 48 
17: 10 46 48 50 
18: 5 37 44 
19: 15 20 45 52 
20: 19 21 45 
21: 2 20 25 
22: 24 27 28 29 30 35 
23: 5 37 41 46 47 54 
24: 6 10 22 35 38 44 48 
25: 21 26 31 51 
26: 11 25 31 
27: 5 22 33 48 
28: 10 22 40 54 
29: 4 8 12 22 30 38 
30: 22 29 40 43 
31: 25 26 32 
32: 2 31 34 
33: 4 27 54 
34: 11 32 36 
35: 8 16 22 24 41 46 48 
36: 1 34 39 
37: 12 16 18 23 
38: 3 24 29 47 
39: 4 7 36 42 
40: 8 28 30 50 
41: 23 35 48 
42: 11 39 45 53 
43: 6 30 47 48 
44: 12 18 24 
45: 19 20 42 49 
46: 5 6 17 23 35 
47: 23 38 43 50 
48: 16 17 24 27 35 41 43 
49: 1 45 51 
50: 12 17 40 47 
51: 25 49 52 
52: 19 51 53 
53: 9 42 52 
54: 23 28 33 
3