0: 33 
1: 2 30 
2: 1 3 10 48 51 
3: 2 7 44 
4: 5 28 53 
5: 4 6 12 28 41 
6: 5 18 21 22 
7: 3 8 34 
8: 7 10 31 
9: 16 39 41 49 
10: 2 8 11 
11: 10 15 17 43 
12: 5 13 34 52 
13: 12 18 21 22 39 
14: 18 33 46 50 
15: 11 17 27 32 
16: 9 24 29 41 54 
17: 11 15 20 
18: 6 13 14 33 
19: 39 45 46 
20: 17 25 29 41 
21: 6 13 23 24 26 45 50 
22: 6 13 26 28 
23: 21 33 45 47 52 54 
24: 16 21 26 33 50 53 
25: 20 27 37 
26: 21 22 24 49 
27: 15 25 29 
28: 4 5 22 33 
29: 16 20 27 30 
30: 1 29 31 
31: 8 30 32 42 
32: 15 31 34 
33: 0 14 18 23 24 28 
34: 7 12 32 35 
35: 34 36 51 
36: 35 37 38 40 
37: 25 36 38 
38: 36 37 40 
39: 9 13 19 45 
40: 36 38 42 
41: 5 9 16 20 
42: 31 40 43 
43: 11 42 44 
44: 3 43 48 
45: 19 21 23 39 47 49 54 
46: 14 19 52 
47: 23 45 50 54 
48: 2 44 51 
49: 9 26 45 50 
50: 14 21 24 47 49 
51: 2 35 48 
52: 12 23 46 
53: 4 24 54 
54: 16 23 45 47 53 
3