0: 13 18 39 43 46 51 
1: 4 53 
2: 6 8 13 26 27 39 
3: 26 37 39 
4: 1 7 14 54 
5: 8 10 27 49 
6: 2 8 18 
7: 4 11 25 
8: 2 5 6 23 28 30 39 
9: 13 21 23 51 
10: 5 22 38 46 
11: 7 12 25 33 
12: 11 14 32 41 
13: 0 2 9 16 38 39 46 
14: 4 12 17 42 
15: 21 28 39 43 53 
16: 13 19 23 46 
17: 14 20 44 48 52 
18: 0 6 23 27 51 53 
19: 16 21 37 49 
20: 17 24 31 47 
21: 9 15 19 49 
22: 10 28 43 53 
23: 8 9 16 18 51 
24: 20 25 35 
25: 7 11 24 29 
26: 2 3 28 
27: 2 5 18 30 37 52 
28: 8 15 22 26 38 42 
29: 25 31 34 50 
30: 8 27 38 
31: 20 29 32 40 54 
32: 12 31 33 
33: 11 32 34 36 
34: 29 33 35 
35: 24 34 36 
36: 33 35 40 
37: 3 19 27 
38: 10 13 28 30 46 49 
39: 0 2 3 8 13 15 
40: 31 36 41 45 
41: 12 40 42 
42: 14 28 41 44 
43: 0 15 22 46 49 53 
44: 17 42 45 
45: 40 44 47 
46: 0 10 13 16 38 43 51 
47: 20 45 48 
48: 17 47 50 
49: 5 19 21 38 43 53 
50: 29 48 52 
51: 0 9 18 23 46 
52: 17 27 50 54 
53: 1 15 18 22 43 49 
54: 4 31 52 
3