0: 1 2 
1: 0 2 3 8 36 
2: 0 1 3 42 
3: 1 2 5 
4: 7 9 14 25 54 
5: 3 8 30 41 
6: 9 15 16 22 27 33 
7: 4 9 22 25 37 45 50 
8: 1 5 10 
9: 4 6 7 15 22 25 
10: 8 12 39 
11: 21 
12: 10 18 38 40 47 
13: 15 17 25 33 44 
14: 4 16 23 25 28 32 
15: 6 9 13 27 37 50 
16: 6 14 17 32 33 
17: 13 16 27 36 54 
18: 12 20 53 
19: 21 33 35 44 46 
20: 18 24 44 52 
21: 11 19 32 35 
22: 6 7 9 23 48 
23: 14 22 32 37 
24: 20 26 43 
25: 4 7 9 13 14 34 
26: 24 29 51 
27: 6 15 17 35 37 
28: 14 35 37 40 50 
29: 26 30 36 
30: 5 29 31 
31: 30 36 52 
32: 14 16 21 23 46 48 50 
33: 6 13 16 19 37 45 
34: 25 45 48 
35: 19 21 27 28 46 
36: 1 17 29 31 38 53 
37: 7 15 23 27 28 33 
38: 12 36 39 
39: 10 38 40 
40: 12 28 39 41 
41: 5 40 42 49 
42: 2 41 43 
43: 24 42 47 
44: 13 19 20 46 
45: 7 33 34 50 
46: 19 32 35 44 48 54 
47: 12 43 49 
48: 22 32 34 46 54 
49: 41 47 51 
50: 7 15 28 32 45 
51: 26 49 52 
52: 20 31 51 53 
53: 18 36 52 
54: 4 17 46 48 
3