0: 5 12 21 24 39 43 51 
1: 29 36 43 53 
2: 15 16 19 43 
3: 7 
4: 11 19 28 39 48 53 54 
5: 0 29 39 48 
6: 18 35 47 
7: 3 8 11 14 52 
8: 7 9 34 52 
9: 8 11 25 29 
10: 12 15 54 
11: 4 7 9 13 23 
12: 0 10 19 30 36 
13: 11 14 25 
14: 7 13 17 
15: 2 10 18 30 43 
16: 2 21 28 54 
17: 14 22 32 42 52 
18: 6 15 29 35 
19: 2 4 12 44 
20: 30 35 47 
21: 0 16 28 
22: 17 23 31 38 49 
23: 11 22 25 
24: 0 36 48 51 53 54 
25: 9 13 23 26 27 
26: 25 27 37 
27: 25 26 31 
28: 4 16 21 
29: 1 5 9 18 54 
30: 12 15 20 36 44 51 
31: 22 27 32 33 
32: 17 31 33 35 41 
33: 31 32 34 45 46 
34: 8 33 37 
35: 6 18 20 32 39 
36: 1 12 24 30 44 
37: 26 34 38 
38: 22 37 40 
39: 0 4 5 35 51 
40: 38 41 52 
41: 32 40 42 
42: 17 41 45 
43: 0 1 2 15 44 47 
44: 19 30 36 43 51 
45: 33 42 46 50 
46: 33 45 49 
47: 6 20 43 
48: 4 5 24 51 
49: 22 46 50 
50: 45 49 52 
51: 0 24 30 39 44 48 
52: 7 8 17 40 50 
53: 1 4 24 
54: 4 10 16 24 29 
3