0: 4 8 13 47 
1: 4 16 24 27 30 49 
2: 5 8 15 49 53 
3: 6 9 18 
4: 0 1 5 16 30 53 54 
5: 2 4 15 37 54 
6: 3 7 31 35 
7: 6 9 17 24 25 
8: 0 2 16 19 
9: 3 7 10 12 40 
10: 9 11 51 
11: 10 12 41 43 
12: 9 11 14 44 
13: 0 36 40 52 
14: 12 17 51 
15: 2 5 30 40 46 48 
16: 1 4 8 33 
17: 7 14 18 46 
18: 3 17 20 34 
19: 8 32 33 47 
20: 18 21 26 
21: 20 23 25 
22: 45 
23: 21 25 35 
24: 1 7 37 49 52 
25: 7 21 23 26 28 
26: 20 25 28 
27: 1 45 49 53 
28: 25 26 31 39 
29: 45 48 49 
30: 1 4 15 33 36 48 
31: 6 28 34 
32: 19 33 46 47 
33: 16 19 30 32 53 54 
34: 18 31 35 
35: 6 23 34 38 
36: 13 30 40 53 54 
37: 5 24 46 52 
38: 35 39 50 
39: 28 38 41 
40: 9 13 15 36 45 47 52 
41: 11 39 42 
42: 41 43 50 
43: 11 42 44 
44: 12 43 50 
45: 22 27 29 40 48 52 53 
46: 15 17 32 37 48 
47: 0 19 32 40 
48: 15 29 30 45 46 52 53 
49: 1 2 24 27 29 54 
50: 38 42 44 51 
51: 10 14 50 
52: 13 24 37 40 45 48 
53: 2 4 27 33 36 45 48 
54: 4 5 33 36 49 
3