0: 4 
1: 18 36 39 53 
2: 11 37 47 
3: 18 21 32 45 
4: 0 7 12 
5: 24 26 37 
6: 18 32 34 
7: 4 8 9 17 
8: 7 9 23 
9: 7 8 10 
10: 9 12 45 
11: 2 20 50 
12: 4 10 13 25 
13: 12 14 29 44 
14: 13 17 36 
15: 22 39 51 
16: 20 21 34 46 47 
17: 7 14 19 28 38 41 
18: 1 3 6 
19: 17 23 54 
20: 11 16 30 40 49 51 
21: 3 16 39 
22: 15 39 53 
23: 8 19 25 
24: 5 32 47 
25: 12 23 28 40 
26: 5 30 42 
27: 30 34 46 
28: 17 25 29 
29: 13 28 31 
30: 20 26 27 46 
31: 29 33 35 
32: 3 6 24 42 
33: 31 35 48 
34: 6 16 27 49 
35: 31 33 36 
36: 1 14 35 38 
37: 2 5 51 
38: 17 36 41 
39: 1 15 21 22 40 
40: 20 25 39 42 
41: 17 38 43 52 
42: 26 32 40 
43: 41 44 54 
44: 13 43 45 
45: 3 10 44 48 
46: 16 27 30 
47: 2 16 24 
48: 33 45 52 
49: 20 34 53 
50: 11 
51: 15 20 37 
52: 41 48 54 
53: 1 22 49 
54: 19 43 52 
3