0: 15 37 50 
1: 20 23 29 47 48 50 
2: 5 
3: 17 25 37 50 
4: 23 25 26 45 
5: 2 6 36 
6: 5 7 54 
7: 6 9 13 18 
8: 17 31 35 50 
9: 7 10 52 
10: 9 11 53 
11: 10 12 24 
12: 11 13 22 
13: 7 12 18 
14: 19 23 35 
15: 0 17 21 23 31 
16: 28 34 45 48 
17: 3 8 15 27 
18: 7 13 22 
19: 14 28 29 31 34 
20: 1 21 23 27 45 
21: 15 20 26 
22: 12 18 24 
23: 1 4 14 15 20 25 
24: 11 22 30 47 54 
25: 3 4 23 27 48 
26: 4 21 28 34 43 
27: 17 20 25 50 
28: 16 19 26 40 
29: 1 19 40 50 
30: 24 32 39 
31: 8 15 19 43 
32: 30 33 36 46 49 
33: 32 36 51 
34: 16 19 26 37 48 51 
35: 8 14 41 51 
36: 5 32 33 38 
37: 0 3 34 43 
38: 36 39 42 
39: 30 38 42 44 
40: 28 29 41 
41: 35 40 45 
42: 38 39 44 
43: 26 31 37 45 48 
44: 39 42 46 
45: 4 16 20 41 43 
46: 32 44 47 
47: 1 24 46 49 
48: 1 16 25 34 43 
49: 32 47 51 
50: 0 1 3 8 27 29 
51: 33 34 35 49 52 
52: 9 51 53 
53: 10 52 54 
54: 6 24 53 
3