0: 2 
1: 7 30 31 36 40 43 
2: 0 3 22 32 
3: 2 5 10 
4: 20 21 44 45 49 
5: 3 8 27 
6: 16 19 34 37 
7: 1 14 23 31 34 43 
8: 5 9 21 53 
9: 8 10 26 50 
10: 3 9 11 51 
11: 10 13 25 
12: 14 19 30 38 44 52 54 
13: 11 17 22 28 
14: 7 12 15 37 47 
15: 14 16 34 37 43 52 
16: 6 15 36 54 
17: 13 18 39 
18: 17 21 39 
19: 6 12 37 38 45 
20: 4 29 43 49 
21: 4 8 18 22 
22: 2 13 21 24 
23: 7 29 40 45 
24: 22 25 42 46 
25: 11 24 26 29 30 48 
26: 9 25 27 
27: 5 26 28 
28: 13 27 32 
29: 20 23 25 30 33 34 49 
30: 1 12 25 29 31 34 
31: 1 7 30 
32: 2 28 35 
33: 29 38 40 41 45 
34: 6 7 15 29 30 37 45 
35: 32 39 53 
36: 1 16 38 43 52 
37: 6 14 15 19 34 44 49 
38: 12 19 33 36 40 41 49 
39: 17 18 35 42 
40: 1 23 33 38 54 
41: 33 38 47 
42: 24 39 46 
43: 1 7 15 20 36 
44: 4 12 37 
45: 4 19 23 33 34 54 
46: 24 42 48 
47: 14 41 52 
48: 25 46 50 
49: 4 20 29 37 38 
50: 9 48 51 
51: 10 50 53 
52: 12 15 36 47 
53: 8 35 51 
54: 12 16 40 45 
3