0: 28 31 47 
1: 8 9 13 38 
2: 11 34 43 49 
3: 8 13 47 
4: 5 16 29 
5: 4 6 30 39 
6: 5 11 20 
7: 25 32 53 
8: 1 3 10 15 25 28 46 
9: 1 43 52 
10: 8 24 34 40 
11: 2 6 12 33 
12: 11 14 26 
13: 1 3 38 
14: 12 15 48 54 
15: 8 14 16 54 
16: 4 15 17 
17: 16 18 40 
18: 17 20 48 
19: 21 28 52 
20: 6 18 23 
21: 19 52 53 
22: 35 43 51 
23: 20 26 48 
24: 10 34 51 
25: 7 8 31 46 
26: 12 23 29 
27: 28 32 49 
28: 0 8 19 27 
29: 4 26 30 
30: 5 29 33 
31: 0 25 46 
32: 7 27 52 
33: 11 30 36 
34: 2 10 24 
35: 22 46 
36: 33 37 45 
37: 36 39 44 
38: 1 13 46 47 
39: 5 37 40 
40: 10 17 39 41 
41: 40 42 48 
42: 41 44 45 
43: 2 9 22 
44: 37 42 45 50 
45: 36 42 44 48 
46: 8 25 31 35 38 
47: 0 3 38 
48: 14 18 23 41 45 50 
49: 2 27 53 
50: 44 48 54 
51: 22 24 52 
52: 9 19 21 32 51 
53: 7 21 49 
54: 14 15 50 
3