0: 2 
1: 8 38 42 49 
2: 0 5 13 
3: 18 38 41 50 
4: 18 29 47 48 
5: 2 6 30 35 
6: 5 10 21 39 
7: 12 17 32 
8: 1 16 24 
9: 12 17 29 50 
10: 6 13 26 27 51 
11: 16 18 37 38 
12: 7 9 32 48 
13: 2 10 14 
14: 13 15 31 39 
15: 14 19 36 
16: 8 11 32 33 49 
17: 7 9 22 43 53 
18: 3 4 11 33 49 
19: 15 20 25 44 45 
20: 19 21 39 
21: 6 20 23 
22: 17 29 41 54 
23: 21 25 34 
24: 8 43 47 
25: 19 23 26 51 54 
26: 10 25 27 32 
27: 10 26 28 
28: 27 30 36 
29: 4 9 22 52 53 
30: 5 28 31 40 
31: 14 30 34 
32: 7 12 16 26 
33: 16 18 38 41 53 
34: 23 31 35 
35: 5 34 36 
36: 15 28 35 39 
37: 11 42 53 54 
38: 1 3 11 33 42 
39: 6 14 20 36 40 
40: 30 39 43 44 46 
41: 3 22 33 42 54 
42: 1 37 38 41 
43: 17 24 40 48 
44: 19 40 45 
45: 19 44 46 
46: 40 45 51 
47: 4 24 54 
48: 4 12 43 
49: 1 16 18 54 
50: 3 9 52 
51: 10 25 46 
52: 29 50 
53: 17 29 33 37 54 
54: 22 25 37 41 47 49 53 
3