0: 1 50 
1: 0 6 8 
2: 10 27 35 44 47 
3: 26 34 39 
4: 9 27 28 38 
5: 7 30 33 47 48 
6: 1 8 40 
7: 5 16 24 26 
8: 1 6 12 
9: 4 10 27 32 
10: 2 9 13 29 
11: 39 44 48 
12: 8 14 49 52 
13: 10 17 29 41 
14: 12 15 41 
15: 14 18 43 
16: 7 46 
17: 13 24 48 
18: 15 19 25 
19: 18 20 23 53 
20: 19 21 22 37 49 
21: 20 22 53 
22: 20 21 23 
23: 19 22 25 45 46 51 
24: 7 17 32 39 
25: 18 23 31 36 
26: 3 7 39 
27: 2 4 9 47 
28: 4 30 33 46 
29: 10 13 34 
30: 5 28 44 
31: 25 36 49 54 
32: 9 24 48 
33: 5 28 34 48 
34: 3 29 33 35 38 
35: 2 34 47 48 
36: 25 31 37 
37: 20 36 40 54 
38: 4 34 42 
39: 3 11 24 26 
40: 6 37 41 
41: 13 14 40 43 46 
42: 38 46 48 
43: 15 41 45 
44: 2 11 30 
45: 23 43 49 
46: 16 23 28 41 42 
47: 2 5 27 35 
48: 5 11 17 32 33 35 42 
49: 12 20 31 45 50 
50: 0 49 51 
51: 23 50 52 
52: 12 51 53 
53: 19 21 52 54 
54: 31 37 53 
3