0: 26 28 39 
1: 2 
2: 1 5 34 
3: 23 38 39 52 
4: 15 35 39 
5: 2 8 9 31 
6: 14 23 44 
7: 10 24 39 
8: 5 9 43 49 
9: 5 8 12 33 
10: 7 27 37 
11: 23 40 44 53 
12: 9 13 18 29 30 36 
13: 12 14 17 25 
14: 6 13 26 28 
15: 4 19 21 25 53 
16: 37 40 46 
17: 13 18 41 
18: 12 17 22 39 51 
19: 15 21 38 52 
20: 26 37 39 52 
21: 15 19 27 
22: 18 25 41 
23: 3 6 11 40 
24: 7 35 46 53 
25: 13 15 22 29 32 
26: 0 14 20 42 
27: 10 21 44 
28: 0 14 38 
29: 12 25 30 50 54 
30: 12 29 31 45 47 
31: 5 30 32 
32: 25 31 33 
33: 9 32 34 
34: 2 33 36 
35: 4 24 37 40 
36: 12 34 41 
37: 10 16 20 35 42 
38: 3 19 28 40 
39: 0 3 4 7 18 20 
40: 11 16 23 35 38 53 
41: 17 22 36 43 
42: 26 37 53 
43: 8 41 45 48 
44: 6 11 27 
45: 30 43 47 
46: 16 24 
47: 30 45 48 52 
48: 43 47 49 
49: 8 48 50 
50: 29 49 51 54 
51: 18 50 54 
52: 3 19 20 47 
53: 11 15 24 40 42 
54: 29 50 51 
4