0: 1 5 
1: 0 2 7 8 26 34 42 
2: 1 3 53 
3: 2 4 6 48 
4: 3 5 51 
5: 0 4 6 
6: 3 5 8 27 
7: 1 14 33 38 
8: 1 6 12 
9: 20 28 29 31 32 40 46 
10: 23 29 32 37 47 
11: 14 29 44 
12: 8 17 18 22 45 54 
13: 24 31 36 37 40 50 
14: 7 11 40 44 46 
15: 16 20 23 28 
16: 15 24 35 44 
17: 12 18 25 
18: 12 17 19 
19: 18 21 30 54 
20: 9 15 31 32 46 47 
21: 19 22 39 51 
22: 12 21 25 
23: 10 15 41 44 
24: 13 16 50 53 
25: 17 22 26 52 
26: 1 25 27 
27: 6 26 30 
28: 9 15 35 38 50 
29: 9 10 11 50 
30: 19 27 34 
31: 9 13 20 43 49 
32: 9 10 20 44 
33: 7 35 46 47 49 
34: 1 30 39 
35: 16 28 33 38 
36: 13 41 
37: 10 13 43 46 
38: 7 28 35 47 
39: 21 34 42 
40: 9 13 14 43 
41: 23 36 44 46 47 49 
42: 1 39 45 49 
43: 31 37 40 
44: 11 14 16 23 32 41 50 
45: 12 42 48 
46: 9 14 20 33 37 41 
47: 10 20 33 38 41 54 
48: 3 45 51 
49: 31 33 41 42 
50: 13 24 28 29 44 
51: 4 21 48 52 
52: 25 51 53 
53: 2 24 52 54 
54: 12 19 47 53 
4