0: 4 
1: 2 5 6 12 21 43 50 
2: 1 43 45 
3: 24 33 42 
4: 0 8 21 28 
5: 1 39 41 43 51 
6: 1 12 38 42 
7: 15 39 40 46 50 
8: 4 9 17 25 49 
9: 8 10 14 16 
10: 9 14 18 30 
11: 12 24 32 45 
12: 1 6 11 13 32 42 
13: 12 39 40 53 
14: 9 10 15 26 
15: 7 14 16 36 37 
16: 9 15 17 
17: 8 16 18 21 31 
18: 10 17 19 
19: 18 23 35 
20: 22 33 41 42 
21: 1 4 17 29 40 47 53 
22: 20 33 40 
23: 19 25 27 48 
24: 3 11 43 53 
25: 8 23 26 
26: 14 25 27 
27: 23 26 28 
28: 4 27 30 
29: 21 39 52 
30: 10 28 31 54 
31: 17 30 34 
32: 11 12 33 46 47 
33: 3 20 22 32 43 50 52 
34: 31 35 51 
35: 19 34 36 
36: 15 35 37 
37: 15 36 44 54 
38: 6 40 45 50 
39: 5 7 13 29 
40: 7 13 21 22 38 41 47 
41: 5 20 40 46 52 
42: 3 6 12 20 46 
43: 1 2 5 24 33 50 
44: 37 48 49 
45: 2 11 38 47 
46: 7 32 41 42 
47: 21 32 40 45 50 
48: 23 44 49 
49: 8 44 48 51 
50: 1 7 33 38 43 47 53 
51: 5 34 49 54 
52: 29 33 41 
53: 13 21 24 50 
54: 30 37 51 
4