0: 3 18 41 49 50 53 
1: 2 11 45 51 
2: 1 4 9 13 19 24 30 
3: 0 7 14 34 39 44 
4: 2 5 44 49 54 
5: 4 7 30 39 44 
6: 7 12 35 46 49 
7: 3 5 6 14 16 28 38 
8: 16 28 34 41 54 
9: 2 10 26 29 32 43 
10: 9 11 25 
11: 1 10 13 
12: 6 16 24 38 39 46 
13: 2 11 15 21 23 37 48 
14: 3 7 16 28 35 36 49 
15: 13 19 47 52 
16: 7 8 12 14 39 
17: 20 50 53 
18: 0 20 21 30 41 
19: 2 15 22 
20: 17 18 38 
21: 13 18 35 36 
22: 19 23 27 
23: 13 22 24 
24: 2 12 23 25 33 
25: 10 24 26 
26: 9 25 27 52 
27: 22 26 29 
28: 7 8 14 38 
29: 9 27 31 
30: 2 5 18 34 39 53 
31: 29 32 42 
32: 9 31 33 
33: 24 32 37 40 
34: 3 8 30 41 44 50 
35: 6 14 21 
36: 14 21 53 
37: 13 33 40 
38: 7 12 20 28 46 
39: 3 5 12 16 30 54 
40: 33 37 42 
41: 0 8 18 34 54 
42: 31 40 43 
43: 9 42 45 
44: 3 4 5 34 
45: 1 43 47 
46: 6 12 38 49 50 
47: 15 45 48 
48: 13 47 51 
49: 0 4 6 14 46 
50: 0 17 34 46 
51: 1 48 52 
52: 15 26 51 
53: 0 17 30 36 
54: 4 8 39 41 
4