0: 3 11 37 
1: 17 19 24 41 
2: 3 4 26 45 
3: 0 2 4 26 34 41 
4: 2 3 24 49 
5: 6 14 28 
6: 5 8 19 32 
7: 28 31 37 54 
8: 6 22 36 41 
9: 10 45 
10: 9 12 20 
11: 0 36 39 
12: 10 13 15 25 
13: 12 15 18 33 
14: 5 39 45 
15: 12 13 16 
16: 15 18 30 48 50 
17: 1 22 39 51 
18: 13 16 20 
19: 1 6 46 
20: 10 18 21 32 
21: 20 23 52 
22: 8 17 34 
23: 21 25 27 
24: 1 4 41 51 
25: 12 23 27 45 
26: 2 3 49 51 
27: 23 25 29 
28: 5 7 32 34 
29: 27 30 31 
30: 16 29 31 47 
31: 7 29 30 33 
32: 6 20 28 39 
33: 13 31 35 
34: 3 22 28 54 
35: 33 38 42 
36: 8 11 46 
37: 0 7 54 
38: 35 40 53 
39: 11 14 17 32 
40: 38 42 44 53 
41: 1 3 8 24 46 
42: 35 40 43 
43: 42 44 50 
44: 40 43 47 
45: 2 9 14 25 49 
46: 19 36 41 
47: 30 44 48 
48: 16 47 50 
49: 4 26 45 
50: 16 43 48 52 
51: 17 24 26 54 
52: 21 50 53 
53: 38 40 52 
54: 7 34 37 51 
4