0: 27 39 44 
1: 2 24 
2: 1 4 18 23 38 
3: 11 17 22 31 38 50 53 
4: 2 6 25 37 
5: 15 28 31 32 
6: 4 7 8 35 
7: 6 8 23 
8: 6 7 9 13 14 
9: 8 12 34 51 
10: 32 44 49 
11: 3 16 26 27 29 49 
12: 9 13 35 
13: 8 12 14 33 
14: 8 13 18 
15: 5 25 32 39 48 
16: 11 28 30 
17: 3 21 29 30 44 46 
18: 2 14 20 43 54 
19: 28 32 40 45 
20: 18 23 42 
21: 17 28 31 42 53 
22: 3 29 31 40 44 48 
23: 2 7 20 24 
24: 1 23 25 
25: 4 15 24 33 
26: 11 29 39 47 
27: 0 11 31 44 45 
28: 5 16 19 21 30 38 
29: 11 17 22 26 32 48 49 
30: 16 17 28 
31: 3 5 21 22 27 45 
32: 5 10 15 19 29 
33: 13 25 34 
34: 9 33 35 46 
35: 6 12 34 36 
36: 35 37 54 
37: 4 36 41 
38: 2 3 28 48 49 53 
39: 0 15 26 53 
40: 19 22 49 
41: 37 42 52 
42: 20 21 41 43 
43: 18 42 46 
44: 0 10 17 22 27 48 53 
45: 19 27 31 
46: 17 34 43 51 
47: 26 50 
48: 15 22 29 38 44 50 
49: 10 11 29 38 40 
50: 3 47 48 
51: 9 46 52 
52: 41 51 54 
53: 3 21 38 39 44 
54: 18 36 52 
4