0: 10 11 25 49 52 
1: 2 29 
2: 1 3 10 16 
3: 2 8 28 
4: 5 17 33 37 44 
5: 4 19 20 23 25 45 48 
6: 30 34 36 44 47 
7: 33 34 44 52 
8: 3 10 21 26 
9: 18 25 34 36 37 
10: 0 2 8 12 
11: 0 25 32 
12: 10 13 35 42 
13: 12 16 28 
14: 18 48 52 
15: 19 33 47 52 
16: 2 13 21 
17: 4 23 33 43 52 
18: 9 14 44 47 49 
19: 5 15 30 32 43 45 
20: 5 29 32 34 36 
21: 8 16 22 52 54 
22: 21 24 38 
23: 5 17 47 48 
24: 22 26 27 
25: 0 5 9 11 36 
26: 8 24 27 
27: 24 26 28 
28: 3 13 27 29 
29: 1 20 28 31 54 
30: 6 19 32 52 
31: 29 35 46 
32: 11 19 20 30 33 
33: 4 7 15 17 32 42 44 
34: 6 7 9 20 
35: 12 31 38 40 
36: 6 9 20 25 43 
37: 4 9 
38: 22 35 39 51 
39: 38 40 50 
40: 35 39 41 
41: 40 42 53 
42: 12 33 41 46 
43: 17 19 36 
44: 4 6 7 18 33 47 
45: 5 19 48 49 
46: 31 42 50 
47: 6 15 18 23 44 49 
48: 5 14 23 45 
49: 0 18 45 47 
50: 39 46 51 
51: 38 50 53 
52: 0 7 14 15 17 21 30 
53: 41 51 54 
54: 21 29 53 
4