0: 26 34 49 54 
1: 4 10 24 40 
2: 5 34 43 
3: 11 21 33 
4: 1 6 
5: 2 10 53 
6: 4 8 45 
7: 29 33 50 54 
8: 6 9 17 
9: 8 12 48 51 
10: 1 5 43 49 
11: 3 39 53 
12: 9 14 28 
13: 31 37 43 54 
14: 12 15 48 
15: 14 16 18 45 
16: 15 17 38 
17: 8 16 18 
18: 15 17 20 
19: 24 40 52 
20: 18 22 50 51 
21: 3 27 31 39 
22: 20 23 30 41 46 
23: 22 25 45 
24: 1 19 29 52 
25: 23 28 32 44 
26: 0 39 49 
27: 21 35 54 
28: 12 25 30 
29: 7 24 39 
30: 22 28 32 
31: 13 21 39 52 
32: 25 30 38 43 
33: 3 7 37 45 
34: 0 2 36 40 
35: 27 36 37 
36: 34 35 39 49 
37: 13 33 35 
38: 16 32 41 42 
39: 11 21 26 29 31 36 
40: 1 19 34 
41: 22 38 42 
42: 38 41 44 
43: 2 10 13 32 53 
44: 25 42 45 
45: 6 15 23 33 44 46 
46: 22 45 47 
47: 46 48 50 
48: 9 14 47 50 
49: 0 10 26 36 
50: 7 20 47 48 51 
51: 9 20 50 
52: 19 24 31 53 
53: 5 11 43 52 
54: 0 7 13 27 
4