0: 1 4 
1: 0 4 21 41 
2: 7 36 40 53 
3: 8 9 10 40 43 46 
4: 0 1 5 35 
5: 4 6 19 23 
6: 5 11 12 49 
7: 2 12 31 33 
8: 3 24 39 
9: 3 17 40 
10: 3 12 26 42 
11: 6 13 25 
12: 6 7 10 22 43 
13: 11 16 30 
14: 15 37 52 
15: 14 36 43 46 
16: 13 18 21 
17: 9 31 37 42 43 
18: 16 19 29 
19: 5 18 20 
20: 19 21 32 
21: 1 16 20 23 44 
22: 12 39 54 
23: 5 21 25 51 
24: 8 27 37 
25: 11 23 28 
26: 10 34 36 54 
27: 24 34 39 53 
28: 25 29 47 51 
29: 18 28 30 
30: 13 29 32 
31: 7 17 38 39 52 
32: 20 30 35 48 53 
33: 7 38 40 
34: 26 27 38 39 52 
35: 4 32 41 
36: 2 15 26 54 
37: 14 17 24 43 
38: 31 33 34 
39: 8 22 27 31 34 
40: 2 3 9 33 42 43 
41: 1 35 44 
42: 10 17 40 54 
43: 3 12 15 17 37 40 
44: 21 41 45 
45: 44 47 50 
46: 3 15 47 54 
47: 28 45 46 48 
48: 32 47 49 54 
49: 6 48 50 
50: 45 49 51 
51: 23 28 50 
52: 14 31 34 
53: 2 27 32 
54: 22 26 36 42 46 48 
4