0: 1 
1: 0 3 20 52 
2: 18 24 41 43 45 
3: 1 5 16 21 
4: 17 18 32 46 
5: 3 6 15 35 48 
6: 5 8 38 51 
7: 13 22 32 50 
8: 6 11 15 
9: 14 22 44 49 
10: 13 18 49 
11: 8 15 37 
12: 14 22 36 39 
13: 7 10 43 54 
14: 9 12 53 
15: 5 8 11 16 
16: 3 15 17 
17: 4 16 20 24 27 
18: 2 4 10 22 
19: 23 36 39 53 
20: 1 17 21 34 
21: 3 20 25 29 
22: 7 9 12 18 39 42 
23: 19 24 46 53 
24: 2 17 23 34 43 46 
25: 21 27 31 
26: 32 36 43 50 
27: 17 25 28 
28: 27 29 40 
29: 21 28 31 
30: 42 46 50 
31: 25 29 33 
32: 4 7 26 36 
33: 31 34 40 47 
34: 20 24 33 35 
35: 5 34 37 50 
36: 12 19 26 32 43 53 
37: 11 35 38 
38: 6 37 40 
39: 12 19 22 45 49 
40: 28 33 38 47 
41: 2 42 44 49 
42: 22 30 41 
43: 2 13 24 26 36 53 
44: 9 41 54 
45: 2 39 49 50 
46: 4 23 24 30 
47: 33 40 48 52 
48: 5 47 51 
49: 9 10 39 41 45 
50: 7 26 30 35 45 
51: 6 48 52 
52: 1 47 51 
53: 14 19 23 36 43 54 
54: 13 44 53 
4