0: 2 49 
1: 45 47 54 
2: 0 3 20 
3: 2 4 15 33 35 
4: 3 5 6 8 14 41 51 
5: 4 6 30 
6: 4 5 8 16 
7: 22 31 50 
8: 4 6 14 23 
9: 19 31 47 
10: 19 26 44 47 
11: 12 27 54 
12: 11 22 24 28 
13: 19 27 31 54 
14: 4 8 15 
15: 3 14 16 
16: 6 15 18 
17: 32 43 44 
18: 16 20 37 48 
19: 9 10 13 36 42 
20: 2 18 21 
21: 20 23 38 
22: 7 12 47 
23: 8 21 29 
24: 12 26 28 46 
25: 35 44 46 49 
26: 10 24 32 36 42 54 
27: 11 13 28 32 36 43 
28: 12 24 27 45 50 
29: 23 30 38 52 
30: 5 29 33 
31: 7 9 13 49 
32: 17 26 27 43 50 
33: 3 30 35 36 
34: 42 
35: 3 25 33 37 
36: 19 26 27 33 43 
37: 18 35 38 
38: 21 29 37 39 
39: 38 40 53 
40: 39 41 53 
41: 4 40 48 
42: 19 26 34 45 48 
43: 17 27 32 36 
44: 10 17 25 45 
45: 1 28 42 44 
46: 24 25 50 54 
47: 1 9 10 22 49 
48: 18 41 42 51 
49: 0 25 31 47 
50: 7 28 32 46 
51: 4 48 52 
52: 29 51 53 
53: 39 40 52 
54: 1 11 13 26 46 
4