0: 29 37 39 42 48 
1: 4 51 
2: 16 18 28 37 39 48 52 
3: 10 16 25 54 
4: 1 5 13 14 43 
5: 4 6 21 36 
6: 5 9 11 30 
7: 16 39 52 54 
8: 24 33 41 42 
9: 6 11 13 23 
10: 3 24 27 38 47 51 53 
11: 6 9 12 17 
12: 11 13 35 44 
13: 4 9 12 14 18 26 
14: 4 13 15 
15: 14 17 20 
16: 2 3 7 24 25 42 47 
17: 11 15 20 
18: 2 13 19 22 52 
19: 18 29 39 47 
20: 15 17 21 50 
21: 5 20 22 
22: 18 21 23 44 
23: 9 22 26 
24: 8 10 16 28 29 31 49 
25: 3 16 37 42 48 49 53 
26: 13 23 30 
27: 10 33 48 
28: 2 24 32 47 52 53 
29: 0 19 24 32 48 53 
30: 6 26 34 
31: 24 32 37 41 
32: 28 29 31 53 
33: 8 27 37 46 
34: 30 35 45 
35: 12 34 36 
36: 5 35 38 
37: 0 2 25 31 33 54 
38: 10 36 40 51 
39: 0 2 7 19 41 46 
40: 38 43 45 
41: 8 31 39 49 
42: 0 8 16 25 46 
43: 4 40 44 
44: 12 22 43 45 
45: 34 40 44 50 
46: 33 39 42 48 53 
47: 10 16 19 28 
48: 0 2 25 27 29 46 53 
49: 24 25 41 54 
50: 20 45 51 
51: 1 10 38 50 
52: 2 7 18 28 
53: 10 25 28 29 32 46 48 
54: 3 7 37 49 
4