0: 5 
1: 3 16 17 54 
2: 6 23 25 27 50 
3: 1 10 13 24 27 50 
4: 9 16 25 
5: 0 12 15 22 
6: 2 7 8 16 22 24 52 
7: 6 9 23 38 
8: 6 9 10 36 
9: 4 7 8 14 22 25 
10: 3 8 24 27 
11: 38 48 50 
12: 5 15 18 28 
13: 3 20 22 37 50 
14: 9 16 32 36 
15: 5 12 18 
16: 1 4 6 14 48 53 
17: 1 32 
18: 12 15 19 33 43 
19: 18 20 23 30 41 49 
20: 13 19 21 26 35 
21: 20 26 37 39 46 
22: 5 6 9 13 25 32 52 
23: 2 7 19 24 54 
24: 3 6 10 23 48 52 
25: 2 4 9 22 
26: 20 21 28 
27: 2 3 10 32 
28: 12 26 29 31 40 44 
29: 28 30 42 
30: 19 29 31 45 
31: 28 30 33 51 
32: 14 17 22 27 50 53 
33: 18 31 34 47 
34: 33 35 51 
35: 20 34 39 
36: 8 14 38 52 
37: 13 21 48 54 
38: 7 11 36 
39: 21 35 40 
40: 28 39 41 
41: 19 40 42 
42: 29 41 43 
43: 18 42 44 
44: 28 43 45 
45: 30 44 46 
46: 21 45 47 
47: 33 46 49 
48: 11 16 24 37 54 
49: 19 47 51 
50: 2 3 11 13 32 
51: 31 34 49 
52: 6 22 24 36 54 
53: 16 32 54 
54: 1 23 37 48 52 53 
4