0: 4 32 
1: 10 13 23 27 43 47 49 
2: 7 22 27 29 34 35 45 
3: 5 12 18 22 28 47 49 
4: 0 6 23 50 54 
5: 3 9 46 47 53 
6: 4 8 15 40 
7: 2 12 31 43 46 47 
8: 6 14 41 51 
9: 5 13 28 36 48 
10: 1 22 39 41 
11: 19 28 35 43 49 
12: 3 7 20 36 46 47 49 
13: 1 9 20 28 29 39 
14: 8 15 24 37 
15: 6 14 16 
16: 15 17 52 
17: 16 18 44 
18: 3 17 21 25 
19: 11 22 39 41 45 
20: 12 13 36 53 
21: 18 23 52 
22: 2 3 10 19 
23: 1 4 21 24 26 
24: 14 23 25 
25: 18 24 26 54 
26: 23 25 30 
27: 1 2 41 
28: 3 9 11 13 45 49 
29: 2 13 39 48 
30: 26 32 37 
31: 7 35 36 48 
32: 0 30 33 34 
33: 32 34 38 
34: 2 32 33 37 
35: 2 11 31 48 53 
36: 9 12 20 31 45 49 53 
37: 14 30 34 38 
38: 33 37 40 
39: 10 13 19 29 46 
40: 6 38 42 
41: 8 10 19 27 45 
42: 40 44 51 
43: 1 7 11 47 48 
44: 17 42 50 
45: 2 19 28 36 41 
46: 5 7 12 39 47 
47: 1 3 5 7 12 43 46 
48: 9 29 31 35 43 
49: 1 3 11 12 28 36 
50: 4 44 51 
51: 8 42 50 52 
52: 16 21 51 54 
53: 5 20 35 36 
54: 4 25 52 
4