0: 5 7 51 53 
1: 15 16 24 42 
2: 3 17 
3: 2 4 6 
4: 3 6 35 
5: 0 7 15 32 
6: 3 4 8 
7: 0 5 15 16 28 42 54 
8: 6 11 52 
9: 24 38 40 44 
10: 13 14 30 44 45 53 
11: 8 12 13 18 
12: 11 13 26 47 
13: 10 11 12 17 
14: 10 24 46 53 
15: 1 5 7 20 45 53 
16: 1 7 20 46 51 
17: 2 13 18 
18: 11 17 19 
19: 18 21 29 31 43 
20: 15 16 24 45 
21: 19 22 27 
22: 21 26 31 
23: 24 28 31 44 
24: 1 9 14 20 23 26 
25: 28 30 36 42 
26: 12 22 24 27 
27: 21 26 29 33 
28: 7 23 25 40 54 
29: 19 27 31 
30: 10 25 38 41 46 54 
31: 19 22 23 29 33 
32: 5 36 50 
33: 27 31 34 
34: 33 35 39 
35: 4 34 37 
36: 25 32 44 49 50 
37: 35 39 41 48 
38: 9 30 44 
39: 34 37 41 
40: 9 28 44 46 54 
41: 30 37 39 43 
42: 1 7 25 49 
43: 19 41 47 
44: 9 10 23 36 38 40 
45: 10 15 20 
46: 14 16 30 40 53 54 
47: 12 43 48 52 
48: 37 47 52 
49: 36 42 51 
50: 32 36 
51: 0 16 49 53 
52: 8 47 48 
53: 0 10 14 15 46 51 
54: 7 28 30 40 46 
4