0: 3 14 49 
1: 10 17 32 51 52 
2: 17 18 42 
3: 0 4 7 28 41 52 
4: 3 7 23 
5: 25 32 45 
6: 10 25 29 37 48 51 
7: 3 4 8 54 
8: 7 9 11 12 
9: 8 11 23 
10: 1 6 13 22 
11: 8 9 12 
12: 8 11 14 20 
13: 10 17 19 
14: 0 12 15 33 41 
15: 14 20 27 
16: 22 41 45 50 
17: 1 2 13 34 52 
18: 2 19 25 42 47 
19: 13 18 41 51 
20: 12 15 23 
21: 25 29 35 51 
22: 10 16 25 28 
23: 4 9 20 24 36 53 
24: 23 27 44 
25: 5 6 18 21 22 30 47 
26: 30 35 
27: 15 24 28 46 
28: 3 22 27 31 
29: 6 21 42 51 
30: 25 26 32 
31: 28 33 40 
32: 1 5 30 48 
33: 14 31 36 
34: 17 35 45 52 
35: 21 26 34 48 
36: 23 33 38 
37: 6 41 47 48 
38: 36 39 43 
39: 38 40 54 
40: 31 39 43 
41: 3 14 16 19 37 42 
42: 2 18 29 41 51 
43: 38 40 44 
44: 24 43 46 
45: 5 16 34 
46: 27 44 49 
47: 18 25 37 
48: 6 32 35 37 50 52 
49: 0 46 53 
50: 16 48 51 
51: 1 6 19 21 29 42 50 
52: 1 3 17 34 48 
53: 23 49 54 
54: 7 39 53 
4