0: 1 
1: 0 4 35 47 
2: 8 22 23 34 43 
3: 32 34 45 46 
4: 1 7 28 36 39 
5: 9 23 45 
6: 12 13 19 20 23 29 
7: 4 16 30 53 54 
8: 2 11 13 14 34 40 43 
9: 5 11 18 40 
10: 20 32 41 53 
11: 8 9 12 22 
12: 6 11 15 23 31 46 
13: 6 8 19 22 46 
14: 8 19 20 22 24 29 
15: 12 
16: 7 21 49 
17: 19 22 43 
18: 9 19 40 44 45 
19: 6 13 14 17 18 20 
20: 6 10 14 19 24 40 44 
21: 16 25 42 
22: 2 11 13 14 17 
23: 2 5 6 12 
24: 14 20 41 44 
25: 21 26 31 
26: 25 27 49 
27: 26 28 42 
28: 4 27 30 
29: 6 14 32 49 
30: 7 28 31 33 
31: 12 25 30 33 
32: 3 10 29 34 
33: 30 31 35 48 
34: 2 3 8 32 45 
35: 1 33 36 
36: 4 35 37 51 
37: 36 38 53 
38: 37 39 54 
39: 4 38 42 
40: 8 9 18 20 44 46 
41: 10 24 46 
42: 21 27 39 45 47 
43: 2 8 17 44 
44: 18 20 24 40 43 
45: 3 5 18 34 42 
46: 3 12 13 40 41 
47: 1 42 48 
48: 33 47 49 
49: 16 26 29 48 50 
50: 49 51 52 
51: 36 50 52 
52: 50 51 53 
53: 7 10 37 52 54 
54: 7 38 53 
4