0: 10 16 18 41 
1: 2 
2: 1 5 26 
3: 11 16 38 48 53 
4: 11 12 46 
5: 2 6 14 23 36 
6: 5 8 19 
7: 18 20 32 39 54 
8: 6 13 43 47 
9: 12 18 37 
10: 0 29 37 40 52 
11: 3 4 20 28 54 
12: 4 9 20 38 46 
13: 8 14 26 
14: 5 13 17 
15: 38 39 41 46 53 
16: 0 3 34 48 51 
17: 14 19 44 
18: 0 7 9 32 54 
19: 6 17 21 
20: 7 11 12 29 34 38 39 
21: 19 22 25 
22: 21 23 33 
23: 5 22 25 
24: 32 38 39 40 46 48 
25: 21 23 26 
26: 2 13 25 27 52 
27: 26 30 45 
28: 11 29 34 52 
29: 10 20 28 48 54 
30: 27 31 35 36 50 52 
31: 30 33 45 
32: 7 18 24 40 52 
33: 22 31 35 
34: 16 20 28 41 45 51 
35: 30 33 36 
36: 5 30 35 42 50 52 
37: 9 10 38 51 
38: 3 12 15 20 24 37 39 
39: 7 15 20 24 38 
40: 10 24 32 53 54 
41: 0 15 34 51 52 
42: 36 43 45 49 
43: 8 42 44 
44: 17 43 45 
45: 27 31 34 42 44 47 
46: 4 12 15 24 48 
47: 8 45 49 
48: 3 16 24 29 46 51 
49: 42 47 50 
50: 30 36 49 
51: 16 34 37 41 48 
52: 10 26 28 30 32 36 41 
53: 3 15 40 
54: 7 11 18 29 40 
4