0: 2 12 34 38 49 
1: 7 11 39 
2: 0 7 12 49 51 52 
3: 4 
4: 3 5 13 20 32 
5: 4 6 9 16 27 
6: 5 9 45 
7: 1 2 10 44 
8: 11 39 40 48 51 
9: 5 6 15 37 
10: 7 13 54 
11: 1 8 34 41 
12: 0 2 13 22 25 29 41 
13: 4 10 12 47 
14: 22 36 44 54 
15: 9 16 40 
16: 5 15 17 49 
17: 16 19 21 
18: 24 26 49 
19: 17 20 40 46 53 
20: 4 19 21 30 
21: 17 20 23 
22: 12 14 52 
23: 21 27 33 35 
24: 18 25 36 38 
25: 12 24 44 48 
26: 18 41 43 
27: 5 23 28 
28: 27 29 31 50 
29: 12 28 30 42 
30: 20 29 31 
31: 28 30 32 
32: 4 31 33 
33: 23 32 35 
34: 0 11 39 
35: 23 33 37 
36: 14 24 38 47 51 
37: 9 35 40 
38: 0 24 36 41 
39: 1 8 34 52 
40: 8 15 19 37 42 
41: 11 12 26 38 48 
42: 29 40 45 
43: 26 
44: 7 14 25 54 
45: 6 42 46 53 
46: 19 45 50 
47: 13 36 54 
48: 8 25 41 49 
49: 0 2 16 18 48 
50: 28 46 53 
51: 2 8 36 
52: 2 22 39 54 
53: 19 45 50 
54: 10 14 44 47 52 
4