0: 8 39 53 
1: 2 9 12 
2: 1 5 7 14 22 
3: 4 12 20 44 48 
4: 3 7 23 25 28 
5: 2 6 11 24 47 52 
6: 5 9 15 41 
7: 2 4 25 27 40 54 
8: 0 23 32 
9: 1 6 11 29 
10: 26 31 32 38 
11: 5 9 13 
12: 1 3 27 42 50 
13: 11 14 18 42 
14: 2 13 15 32 
15: 6 14 16 33 
16: 15 17 21 49 
17: 16 18 46 
18: 13 17 21 
19: 20 31 35 44 
20: 3 19 35 38 42 
21: 16 18 22 
22: 2 21 24 51 52 
23: 4 8 27 28 30 48 
24: 5 22 29 
25: 4 7 32 54 
26: 10 27 30 37 42 
27: 7 12 23 26 40 
28: 4 23 50 
29: 9 24 33 
30: 23 26 39 
31: 10 19 32 40 42 48 50 
32: 8 10 14 25 31 40 
33: 15 29 34 
34: 33 36 43 
35: 19 20 37 54 
36: 34 41 43 
37: 26 35 38 42 
38: 10 20 37 53 
39: 0 30 50 53 
40: 7 27 31 32 
41: 6 36 43 45 
42: 12 13 20 26 31 37 53 
43: 34 36 41 45 
44: 3 19 53 54 
45: 41 43 46 
46: 17 45 47 
47: 5 46 49 
48: 3 23 31 54 
49: 16 47 51 
50: 12 28 31 39 
51: 22 49 52 
52: 5 22 51 
53: 0 38 39 42 44 54 
54: 7 25 35 44 48 53 
4