0: 38 40 49 51 52 54 
1: 2 
2: 1 4 42 
3: 7 20 36 45 
4: 2 8 12 21 41 49 
5: 16 24 31 34 36 38 
6: 16 24 30 
7: 3 20 37 45 
8: 4 9 10 33 
9: 8 10 22 
10: 8 9 12 
11: 15 30 35 43 51 
12: 4 10 13 
13: 12 14 41 
14: 13 15 19 
15: 11 14 18 32 
16: 5 6 17 26 36 43 52 
17: 16 25 34 35 37 54 
18: 15 19 46 53 
19: 14 18 21 
20: 3 7 37 51 
21: 4 19 22 
22: 9 21 23 
23: 22 27 32 
24: 5 6 40 49 
25: 17 31 34 36 37 38 
26: 16 35 44 49 54 
27: 23 28 39 42 50 
28: 27 29 53 
29: 28 32 42 
30: 6 11 34 49 52 
31: 5 25 34 51 52 
32: 15 23 29 33 54 
33: 8 32 39 
34: 5 17 25 30 31 49 52 
35: 11 17 26 
36: 3 5 16 25 38 43 
37: 7 17 20 25 
38: 0 5 25 36 54 
39: 27 33 41 
40: 0 24 44 52 
41: 4 13 39 42 48 
42: 2 27 29 41 46 
43: 11 16 36 45 47 
44: 26 40 47 49 
45: 3 7 43 
46: 18 42 48 
47: 43 44 50 51 
48: 41 46 50 52 
49: 0 4 24 26 30 34 44 
50: 27 47 48 53 
51: 0 11 20 31 47 
52: 0 16 30 31 34 40 48 
53: 18 28 50 
54: 0 17 26 32 38 
5