0: 2 8 9 38 50 53 
1: 3 
2: 0 11 47 
3: 1 4 16 40 
4: 3 5 53 54 
5: 4 6 22 
6: 5 7 29 
7: 6 10 54 
8: 0 12 42 44 50 
9: 0 14 31 48 50 
10: 7 15 49 
11: 2 27 38 51 
12: 8 27 28 45 
13: 24 26 31 34 42 
14: 9 43 45 
15: 10 16 41 44 
16: 3 15 17 
17: 16 18 30 
18: 17 19 21 
19: 18 21 52 
20: 26 34 50 53 
21: 18 19 22 
22: 5 21 25 
23: 28 29 34 45 47 
24: 13 31 37 45 50 54 
25: 22 29 36 
26: 13 20 27 42 43 
27: 11 12 26 
28: 12 23 33 51 
29: 6 23 25 30 46 
30: 17 29 32 48 
31: 9 13 24 
32: 30 36 54 
33: 28 35 38 
34: 13 20 23 
35: 33 37 42 53 
36: 25 32 40 
37: 24 35 51 53 
38: 0 11 33 39 47 
39: 38 43 47 53 
40: 3 36 41 
41: 15 40 44 
42: 8 13 26 35 43 
43: 14 26 39 42 51 
44: 8 15 41 46 
45: 12 14 23 24 
46: 29 44 48 
47: 2 23 38 39 
48: 9 30 46 49 
49: 10 48 52 
50: 0 8 9 20 24 
51: 11 28 37 43 
52: 19 49 54 
53: 0 4 20 35 37 39 
54: 4 7 24 32 52 
5