0: 21 37 49 
1: 2 3 10 49 
2: 1 4 11 41 
3: 1 15 24 27 
4: 2 7 46 50 
5: 25 33 52 
6: 8 15 44 
7: 4 10 39 45 
8: 6 21 22 27 32 45 
9: 21 40 44 45 54 
10: 1 7 11 
11: 2 10 13 16 
12: 19 25 32 47 
13: 11 14 39 
14: 13 16 43 
15: 3 6 23 
16: 11 14 18 38 
17: 19 21 24 
18: 16 20 26 29 35 
19: 12 17 24 36 
20: 18 26 42 43 51 
21: 0 8 9 17 36 
22: 8 27 47 
23: 15 44 45 50 
24: 3 17 19 40 44 52 
25: 5 12 37 
26: 18 20 28 30 
27: 3 8 22 33 
28: 26 29 39 
29: 18 28 30 31 
30: 26 29 31 
31: 29 30 34 54 
32: 8 12 53 
33: 5 27 49 
34: 31 35 41 
35: 18 34 38 
36: 19 21 47 
37: 0 25 
38: 16 35 39 
39: 7 13 28 38 41 
40: 9 24 49 50 
41: 2 34 39 42 
42: 20 41 43 
43: 14 20 42 46 
44: 6 9 23 24 47 53 
45: 7 8 9 23 
46: 4 43 48 
47: 12 22 36 44 49 
48: 46 51 54 
49: 0 1 33 40 47 
50: 4 23 40 52 
51: 20 48 54 
52: 5 24 50 53 
53: 32 44 52 
54: 9 31 48 51 
5