0: 7 15 17 46 47 
1: 20 30 53 
2: 6 
3: 12 26 30 
4: 32 37 51 
5: 14 20 26 37 
6: 2 7 23 
7: 0 6 9 14 18 39 
8: 21 22 32 45 
9: 7 10 11 52 
10: 9 37 46 54 
11: 9 13 19 23 
12: 3 26 30 46 
13: 11 15 35 
14: 5 7 25 26 36 48 
15: 0 13 18 28 
16: 22 25 32 37 46 54 
17: 0 37 51 
18: 7 15 19 
19: 11 18 23 29 
20: 1 5 50 
21: 8 25 50 53 
22: 8 16 26 53 
23: 6 11 19 24 
24: 23 28 35 
25: 14 16 21 50 
26: 3 5 12 14 22 
27: 46 
28: 15 24 29 36 
29: 19 28 31 42 
30: 1 3 12 32 37 48 
31: 29 33 38 44 
32: 4 8 16 30 47 48 
33: 31 34 40 43 
34: 33 35 41 
35: 13 24 34 36 
36: 14 28 35 38 
37: 4 5 10 16 17 30 54 
38: 31 36 39 
39: 7 38 40 49 
40: 33 39 41 
41: 34 40 42 52 
42: 29 41 43 
43: 33 42 44 
44: 31 43 49 
45: 8 47 53 
46: 0 10 12 16 27 48 54 
47: 0 32 45 
48: 14 30 32 46 51 54 
49: 39 44 52 
50: 20 21 25 
51: 4 17 48 54 
52: 9 41 49 
53: 1 21 22 45 
54: 10 16 37 46 48 51 
5