0: 2 
1: 4 8 43 
2: 0 3 25 35 
3: 2 11 15 
4: 1 5 7 
5: 4 16 29 38 39 
6: 23 31 44 51 
7: 4 10 27 
8: 1 16 38 46 48 
9: 26 28 51 
10: 7 14 29 
11: 3 12 53 
12: 11 13 49 
13: 12 15 37 41 48 
14: 10 18 52 
15: 3 13 17 
16: 5 8 23 43 51 
17: 15 20 32 46 
18: 14 31 44 
19: 26 43 44 
20: 17 21 36 50 
21: 20 22 39 
22: 21 24 32 
23: 6 16 27 31 
24: 22 25 49 
25: 2 24 31 32 33 
26: 9 19 45 
27: 7 23 44 48 52 
28: 9 44 52 
29: 5 10 47 
30: 38 45 47 
31: 6 18 23 25 
32: 17 22 25 33 
33: 25 32 35 
34: 38 45 48 
35: 2 33 36 54 
36: 20 35 37 
37: 13 36 39 42 54 
38: 5 8 30 34 
39: 5 21 37 40 
40: 39 41 50 
41: 13 40 42 
42: 37 41 43 46 
43: 1 16 19 42 
44: 6 18 19 27 28 
45: 26 30 34 
46: 8 17 42 49 
47: 29 30 
48: 8 13 27 34 
49: 12 24 46 50 
50: 20 40 49 53 
51: 6 9 16 
52: 14 27 28 
53: 11 50 54 
54: 35 37 53 
5