0: 3 
1: 21 25 51 
2: 8 11 17 27 34 52 
3: 0 4 16 22 
4: 3 5 10 
5: 4 7 45 
6: 14 19 31 32 39 49 52 
7: 5 9 36 53 
8: 2 39 46 49 50 
9: 7 10 12 
10: 4 9 12 
11: 2 19 39 
12: 9 10 13 14 54 
13: 12 15 29 
14: 6 12 19 49 50 
15: 13 16 20 41 
16: 3 15 18 40 
17: 2 34 42 44 
18: 16 20 29 
19: 6 11 14 42 
20: 15 18 22 
21: 1 28 32 33 
22: 3 20 24 48 
23: 26 27 42 52 
24: 22 29 30 
25: 1 37 42 47 51 
26: 23 33 43 44 
27: 2 23 33 51 
28: 21 32 42 46 
29: 13 18 24 30 
30: 24 29 31 
31: 6 30 35 54 
32: 6 21 28 34 43 
33: 21 26 27 36 47 
34: 2 17 32 39 46 
35: 31 36 38 
36: 7 33 35 38 
37: 25 39 43 46 50 51 52 
38: 35 36 40 
39: 6 8 11 34 37 51 
40: 16 38 41 52 
41: 15 40 45 
42: 17 19 23 25 28 52 
43: 26 32 37 44 49 
44: 17 26 43 46 48 49 
45: 5 41 48 
46: 8 28 34 37 44 
47: 25 33 52 
48: 22 44 45 53 
49: 6 8 14 43 44 
50: 8 14 37 
51: 1 25 27 37 39 
52: 2 6 23 37 40 42 47 
53: 7 48 54 
54: 12 31 53 
5