0: 8 15 18 31 41 
1: 2 22 44 
2: 1 3 4 5 14 36 
3: 2 4 24 34 
4: 2 3 5 
5: 2 4 6 
6: 5 7 28 42 
7: 6 9 35 
8: 0 17 19 20 23 
9: 7 10 52 
10: 9 14 45 
11: 19 23 33 41 
12: 13 30 43 
13: 12 23 37 43 
14: 2 10 16 40 
15: 0 37 48 
16: 14 22 35 47 
17: 8 24 43 46 54 
18: 0 33 38 48 
19: 8 11 32 50 
20: 8 24 26 46 
21: 23 24 29 37 41 46 51 
22: 1 16 25 
23: 8 11 13 21 42 51 54 
24: 3 17 20 21 30 32 
25: 22 27 28 
26: 20 33 46 50 
27: 25 28 29 
28: 6 25 27 29 53 
29: 21 27 28 34 
30: 12 24 41 47 51 
31: 0 32 37 38 43 
32: 19 24 31 48 
33: 11 18 26 38 39 40 41 
34: 3 29 35 49 
35: 7 16 34 36 
36: 2 35 40 
37: 13 15 21 31 
38: 18 31 33 39 46 50 
39: 33 38 51 54 
40: 14 33 36 42 
41: 0 11 21 30 33 
42: 6 23 40 44 
43: 12 13 17 31 
44: 1 42 45 
45: 10 44 47 
46: 17 20 21 26 38 
47: 16 30 45 49 53 
48: 15 18 32 
49: 34 47 52 
50: 19 26 38 
51: 21 23 30 39 
52: 9 49 53 
53: 28 47 52 
54: 17 23 39 
5