0: 13 32 38 
1: 2 41 
2: 1 3 45 
3: 2 6 26 
4: 9 10 17 27 
5: 12 24 33 34 52 
6: 3 7 30 42 
7: 6 8 29 
8: 7 14 22 42 
9: 4 18 34 54 
10: 4 13 28 31 40 44 
11: 24 30 38 46 
12: 5 13 14 21 47 
13: 0 10 12 17 
14: 8 12 15 28 52 
15: 14 19 53 
16: 23 31 33 36 44 46 
17: 4 13 38 
18: 9 31 44 54 
19: 15 20 53 
20: 19 22 25 49 
21: 12 24 36 
22: 8 20 25 
23: 16 27 33 
24: 5 11 21 38 
25: 20 22 26 37 
26: 3 25 28 43 
27: 4 23 39 
28: 10 14 26 29 
29: 7 28 35 
30: 6 11 32 46 
31: 10 16 18 34 36 
32: 0 30 33 40 
33: 5 16 23 32 39 44 
34: 5 9 31 38 47 
35: 29 37 51 
36: 16 21 31 46 
37: 25 35 41 
38: 0 11 17 24 34 48 
39: 27 33 44 54 
40: 10 32 54 
41: 1 37 42 
42: 6 8 41 43 
43: 26 42 45 48 
44: 10 16 18 33 39 
45: 2 43 48 50 
46: 11 16 30 36 47 
47: 12 34 46 
48: 38 43 45 49 
49: 20 48 50 
50: 45 49 51 
51: 35 50 52 
52: 5 14 51 53 
53: 15 19 52 
54: 9 18 39 40 
5