0: 1 28 
1: 0 2 4 12 43 
2: 1 3 9 
3: 2 4 29 44 49 
4: 1 3 5 
5: 4 6 7 43 
6: 5 7 36 
7: 5 6 9 
8: 13 17 41 
9: 2 7 15 
10: 22 38 47 
11: 13 14 18 19 33 40 41 
12: 1 26 37 40 48 
13: 8 11 14 33 47 52 
14: 11 13 18 22 37 48 54 
15: 9 21 24 31 51 
16: 20 23 25 26 52 
17: 8 35 47 
18: 11 14 20 24 25 38 47 
19: 11 26 33 35 
20: 16 18 37 38 41 
21: 15 27 42 
22: 10 14 23 25 35 37 
23: 16 22 25 32 35 47 
24: 15 18 37 38 54 
25: 16 18 22 23 40 41 52 
26: 12 16 19 42 52 
27: 21 28 46 
28: 0 27 29 
29: 3 28 30 
30: 29 31 53 
31: 15 30 34 
32: 23 33 38 
33: 11 13 19 32 39 
34: 31 36 45 50 
35: 17 19 22 23 36 
36: 6 34 35 42 
37: 12 14 20 22 24 38 54 
38: 10 18 20 24 32 37 48 
39: 33 40 47 
40: 11 12 25 39 41 
41: 8 11 20 25 40 47 54 
42: 21 26 36 43 
43: 1 5 42 44 
44: 3 43 45 
45: 34 44 46 53 
46: 27 45 49 
47: 10 13 17 18 23 39 41 
48: 12 14 38 50 54 
49: 3 46 50 
50: 34 48 49 51 
51: 15 50 53 
52: 13 16 25 26 
53: 30 45 51 
54: 14 24 37 41 48 
5