0: 7 21 43 52 
1: 4 39 
2: 8 22 29 52 
3: 12 20 21 28 42 
4: 1 5 17 37 
5: 4 6 13 15 30 
6: 5 9 38 41 
7: 0 12 40 44 51 
8: 2 29 47 
9: 6 11 18 46 
10: 20 23 51 
11: 9 14 32 
12: 3 7 21 25 29 
13: 5 21 45 49 
14: 11 15 19 27 
15: 5 14 16 
16: 15 17 25 36 
17: 4 16 18 
18: 9 17 19 31 
19: 14 18 24 28 
20: 3 10 21 22 34 
21: 0 3 12 13 20 22 33 
22: 2 20 21 28 49 
23: 10 25 
24: 19 27 35 53 
25: 12 16 23 43 47 
26: 29 34 40 45 47 52 
27: 14 24 30 48 
28: 3 19 22 49 
29: 2 8 12 26 43 44 49 
30: 5 27 31 
31: 18 30 32 
32: 11 31 35 
33: 21 52 54 
34: 20 26 45 
35: 24 32 36 
36: 16 35 37 50 
37: 4 36 38 
38: 6 37 39 
39: 1 38 41 
40: 7 26 54 
41: 6 39 46 
42: 3 45 51 
43: 0 25 29 54 
44: 7 29 47 
45: 13 26 34 42 52 
46: 9 41 48 51 
47: 8 25 26 44 54 
48: 27 46 50 53 
49: 13 22 28 29 53 
50: 36 48 53 
51: 7 10 42 46 52 
52: 0 2 26 33 45 51 
53: 24 48 49 50 
54: 33 40 43 47 
5