0: 9 22 26 54 
1: 13 19 35 
2: 17 27 42 
3: 4 25 
4: 3 5 43 
5: 4 6 36 38 
6: 5 8 11 28 
7: 10 27 34 35 
8: 6 11 48 51 
9: 0 19 44 47 
10: 7 27 38 
11: 6 8 15 35 
12: 14 35 42 48 
13: 1 24 25 50 
14: 12 27 45 50 
15: 11 16 29 30 
16: 15 18 37 
17: 2 26 34 45 
18: 16 20 49 
19: 1 9 47 
20: 18 28 48 
21: 22 25 38 
22: 0 21 24 33 
23: 25 26 33 
24: 13 22 33 41 
25: 3 13 21 23 41 
26: 0 17 23 27 
27: 2 7 10 14 26 
28: 6 20 29 
29: 15 28 30 
30: 15 29 31 
31: 30 32 36 
32: 31 36 53 
33: 22 23 24 38 
34: 7 17 47 54 
35: 1 7 11 12 
36: 5 31 32 37 
37: 16 36 39 
38: 5 10 21 33 42 
39: 37 40 52 
40: 39 43 44 
41: 24 25 50 
42: 2 12 38 
43: 4 40 44 46 
44: 9 40 43 46 53 
45: 14 17 47 54 
46: 43 44 48 
47: 9 19 34 45 
48: 8 12 20 46 49 
49: 18 48 51 
50: 13 14 41 
51: 8 49 52 
52: 39 51 53 
53: 32 44 52 
54: 0 34 45 
5