0: 6 16 28 37 
1: 3 54 
2: 6 7 10 19 20 
3: 1 4 27 
4: 3 5 22 40 
5: 4 9 31 
6: 0 2 37 
7: 2 8 15 29 
8: 7 17 24 
9: 5 11 33 36 
10: 2 18 41 47 
11: 9 14 31 
12: 13 15 21 52 
13: 12 18 47 48 
14: 11 22 31 
15: 7 12 35 39 41 
16: 0 35 39 49 53 
17: 8 21 28 53 
18: 10 13 20 24 42 
19: 2 29 35 
20: 2 18 38 
21: 12 17 28 48 52 
22: 4 14 23 
23: 22 25 32 51 
24: 8 18 35 52 
25: 23 26 38 
26: 25 27 48 50 
27: 3 26 31 46 
28: 0 17 21 30 41 
29: 7 19 34 41 49 53 
30: 28 39 53 
31: 5 11 14 27 32 43 
32: 23 31 33 42 
33: 9 32 34 
34: 29 33 36 54 
35: 15 16 19 24 53 
36: 9 34 38 
37: 0 6 42 49 52 
38: 20 25 36 40 
39: 15 16 30 41 49 
40: 4 38 43 
41: 10 15 28 29 39 
42: 18 32 37 47 52 
43: 31 40 44 45 
44: 43 45 50 
45: 43 44 46 
46: 27 45 48 
47: 10 13 42 
48: 13 21 26 46 50 
49: 16 29 37 39 53 
50: 26 44 48 51 
51: 23 50 54 
52: 12 21 24 37 42 
53: 16 17 29 30 35 49 
54: 1 34 51 
5