0: 1 35 37 38 51 
1: 0 2 7 21 38 42 
2: 1 5 8 16 45 
3: 4 12 39 
4: 3 6 22 40 
5: 2 21 25 31 37 44 52 
6: 4 8 9 23 40 
7: 1 22 26 37 45 52 54 
8: 2 6 9 10 48 49 
9: 6 8 10 27 52 
10: 8 9 12 
11: 25 31 38 41 43 
12: 3 10 13 
13: 12 14 53 
14: 13 15 53 
15: 14 17 18 
16: 2 41 51 
17: 15 18 30 
18: 15 17 20 
19: 21 24 26 31 38 42 
20: 18 23 32 
21: 1 5 19 28 
22: 4 7 24 43 46 54 
23: 6 20 27 36 
24: 19 22 35 43 
25: 5 11 26 34 48 
26: 7 19 25 34 35 41 43 
27: 9 23 29 33 
28: 21 41 51 
29: 27 30 32 
30: 17 29 32 43 
31: 5 11 19 45 54 
32: 20 29 30 33 
33: 27 32 36 
34: 25 26 35 37 38 42 52 
35: 0 24 26 34 51 
36: 23 33 39 
37: 0 5 7 34 43 
38: 0 1 11 19 34 46 
39: 3 36 40 
40: 4 6 39 47 
41: 11 16 26 28 44 
42: 1 19 34 43 45 46 52 
43: 11 22 24 26 30 37 42 
44: 5 41 45 
45: 2 7 31 42 44 
46: 22 38 42 54 
47: 40 48 53 
48: 8 25 47 49 50 
49: 8 48 50 
50: 48 49 53 
51: 0 16 28 35 
52: 5 7 9 34 42 
53: 13 14 47 50 
54: 7 22 31 46 
5