0: 2 
1: 15 19 36 
2: 0 3 40 
3: 2 4 41 
4: 3 5 24 
5: 4 6 16 
6: 5 7 43 
7: 6 8 10 
8: 7 9 18 
9: 8 10 34 40 53 
10: 7 9 16 
11: 28 39 50 
12: 35 37 47 50 
13: 19 47 54 
14: 46 
15: 1 26 31 52 
16: 5 10 17 
17: 16 18 40 
18: 8 17 20 
19: 1 13 26 46 
20: 18 24 25 27 48 
21: 31 33 50 
22: 34 35 36 38 
23: 33 38 39 40 
24: 4 20 25 
25: 20 24 27 
26: 15 19 52 
27: 20 25 30 46 47 
28: 11 29 33 37 47 52 
29: 28 33 42 53 
30: 27 32 51 
31: 15 21 54 
32: 30 34 45 
33: 21 23 28 29 42 
34: 9 22 32 40 
35: 12 22 42 
36: 1 22 44 
37: 12 28 38 49 
38: 22 23 37 
39: 11 23 54 
40: 2 9 17 23 34 41 53 
41: 3 40 43 
42: 29 33 35 49 
43: 6 41 45 
44: 36 46 54 
45: 32 43 48 
46: 14 19 27 44 
47: 12 13 27 28 
48: 20 45 51 
49: 37 42 52 
50: 11 12 21 
51: 30 48 53 
52: 15 26 28 49 
53: 9 29 40 51 
54: 13 31 39 44 
5