0: 5 8 28 33 38 39 
1: 2 
2: 1 4 9 42 44 53 
3: 29 40 43 
4: 2 9 20 
5: 0 11 26 43 54 
6: 28 32 41 54 
7: 25 37 51 
8: 0 11 15 25 33 
9: 2 4 13 
10: 21 28 32 33 35 41 54 
11: 5 8 18 21 23 29 
12: 21 26 29 43 51 
13: 9 14 17 38 
14: 13 16 36 
15: 8 28 33 39 
16: 14 17 34 35 
17: 13 16 19 47 
18: 11 37 39 51 
19: 17 20 30 
20: 4 19 22 50 
21: 10 11 12 23 26 27 40 
22: 20 30 46 
23: 11 21 24 27 33 37 
24: 23 27 28 
25: 7 8 29 43 44 
26: 5 12 21 34 
27: 21 23 24 28 40 
28: 0 6 10 15 24 27 
29: 3 11 12 25 32 33 37 
30: 19 22 31 
31: 30 34 45 
32: 6 10 29 50 
33: 0 8 10 15 23 29 40 
34: 16 26 31 35 
35: 10 16 34 36 48 
36: 14 35 38 53 
37: 7 18 23 29 41 
38: 0 13 36 42 
39: 0 15 18 40 51 54 
40: 3 21 27 33 39 51 
41: 6 10 37 
42: 2 38 44 
43: 3 5 12 25 51 
44: 2 25 42 45 
45: 31 44 46 49 
46: 22 45 47 
47: 17 46 48 52 
48: 35 47 49 
49: 45 48 50 
50: 20 32 49 52 
51: 7 12 18 39 40 43 
52: 47 50 53 
53: 2 36 52 
54: 5 6 10 39 
5