0: 2 9 12 22 31 
1: 4 19 31 52 
2: 0 6 45 
3: 13 25 28 
4: 1 10 28 30 31 50 
5: 14 19 28 44 
6: 2 8 21 38 
7: 15 28 32 36 54 
8: 6 9 42 
9: 0 8 10 24 
10: 4 9 11 39 
11: 10 12 26 27 
12: 0 11 17 
13: 3 43 54 
14: 5 19 47 53 
15: 7 23 25 31 36 50 
16: 28 35 51 53 
17: 12 18 41 
18: 17 19 20 26 29 
19: 1 5 14 18 35 36 
20: 18 21 38 
21: 6 20 22 40 46 
22: 0 21 24 
23: 15 44 51 
24: 9 22 26 49 
25: 3 15 47 54 
26: 11 18 24 27 
27: 11 26 29 
28: 3 4 5 7 16 31 
29: 18 27 34 
30: 4 50 53 54 
31: 0 1 4 15 28 33 52 
32: 7 33 54 
33: 31 32 52 
34: 29 37 48 
35: 16 19 36 50 
36: 7 15 19 35 43 
37: 34 38 39 
38: 6 20 37 39 49 
39: 10 37 38 40 
40: 21 39 41 
41: 17 40 42 
42: 8 41 45 
43: 13 36 47 51 
44: 5 23 46 52 
45: 2 42 48 
46: 21 44 48 53 
47: 14 25 43 
48: 34 45 46 49 
49: 24 38 48 
50: 4 15 30 35 
51: 16 23 43 
52: 1 31 33 44 
53: 14 16 30 46 
54: 7 13 25 30 32 
5