0: 11 15 21 26 31 48 
1: 2 
2: 1 3 25 40 
3: 2 5 17 27 43 
4: 7 22 24 
5: 3 12 28 
6: 7 20 23 31 47 
7: 4 6 9 10 18 21 48 
8: 10 23 24 46 48 49 50 
9: 7 11 31 39 
10: 7 8 20 37 45 
11: 0 9 18 22 54 
12: 5 13 30 33 
13: 12 14 29 
14: 13 16 42 
15: 0 21 35 36 39 50 
16: 14 17 44 
17: 3 16 25 36 
18: 7 11 46 47 
19: 21 24 39 46 48 49 
20: 6 10 24 31 41 
21: 0 7 15 19 35 41 48 
22: 4 11 39 
23: 6 8 25 39 49 
24: 4 8 19 20 36 50 
25: 2 17 23 27 
26: 0 35 46 
27: 3 25 28 
28: 5 27 29 
29: 13 28 30 34 
30: 12 29 32 
31: 0 6 9 20 50 
32: 30 33 51 
33: 12 32 34 
34: 29 33 37 
35: 15 21 26 39 47 48 50 
36: 15 17 24 46 49 
37: 10 34 38 45 
38: 37 40 44 
39: 9 15 19 22 23 35 49 
40: 2 38 42 
41: 20 21 46 54 
42: 14 40 43 53 
43: 3 42 44 
44: 16 38 43 45 
45: 10 37 44 51 52 
46: 8 18 19 26 36 41 50 
47: 6 18 35 50 
48: 0 7 8 19 21 35 54 
49: 8 19 23 36 39 
50: 8 15 24 31 35 46 47 
51: 32 45 52 53 54 
52: 45 51 53 
53: 42 51 52 
54: 11 41 48 51 
5