0: 3 4 12 25 48 
1: 5 32 
2: 9 16 42 50 51 
3: 0 4 12 50 54 
4: 0 3 12 51 53 54 
5: 1 6 19 37 54 
6: 5 8 36 
7: 13 14 30 43 44 
8: 6 13 35 
9: 2 11 15 33 52 
10: 25 33 42 44 
11: 9 12 14 24 41 52 
12: 0 3 4 11 26 41 44 
13: 7 8 17 29 
14: 7 11 44 
15: 9 26 30 52 54 
16: 2 25 27 44 48 
17: 13 18 21 
18: 17 19 45 
19: 5 18 20 
20: 19 21 47 49 
21: 17 20 22 
22: 21 23 36 40 46 
23: 22 24 31 
24: 11 23 28 36 
25: 0 10 16 33 
26: 12 15 33 41 42 
27: 16 43 52 
28: 24 29 34 53 
29: 13 28 31 
30: 7 15 53 
31: 23 29 32 
32: 1 31 34 
33: 9 10 25 26 44 50 53 
34: 28 32 35 
35: 8 34 36 43 
36: 6 22 24 35 37 
37: 5 36 39 
38: 51 52 
39: 37 40 49 
40: 22 39 45 
41: 11 12 26 48 50 
42: 2 10 26 52 
43: 7 27 35 44 
44: 7 10 12 14 16 33 43 
45: 18 40 46 
46: 22 45 47 
47: 20 46 49 
48: 0 16 41 51 
49: 20 39 47 
50: 2 3 33 41 53 
51: 2 4 38 48 52 54 
52: 9 11 15 27 38 42 51 
53: 4 28 30 33 50 
54: 3 4 5 15 51 
5