0: 25 36 54 
1: 22 
2: 21 25 31 32 
3: 5 12 
4: 31 33 50 51 
5: 3 6 7 
6: 5 7 39 
7: 5 6 8 40 
8: 7 9 27 
9: 8 10 24 34 
10: 9 11 19 
11: 10 16 33 35 
12: 3 15 32 41 48 
13: 22 23 36 48 
14: 32 42 46 51 
15: 12 30 53 
16: 11 17 33 
17: 16 18 49 52 
18: 17 19 27 37 45 
19: 10 18 20 47 52 
20: 19 24 33 
21: 2 31 54 
22: 1 13 23 25 26 50 
23: 13 22 28 41 46 53 
24: 9 20 27 38 
25: 0 2 22 36 46 
26: 22 27 31 54 
27: 8 18 24 26 28 33 
28: 23 27 31 36 42 47 53 
29: 31 32 50 54 
30: 15 32 43 
31: 2 4 21 26 28 29 43 
32: 2 12 14 29 30 50 
33: 4 11 16 20 27 34 
34: 9 33 35 
35: 11 34 37 44 
36: 0 13 25 28 
37: 18 35 38 
38: 24 37 39 
39: 6 38 40 
40: 7 39 44 
41: 12 23 42 53 
42: 14 28 41 51 
43: 30 31 46 48 
44: 35 40 45 
45: 18 44 47 
46: 14 23 25 43 
47: 19 28 45 49 
48: 12 13 43 
49: 17 47 52 
50: 4 22 29 32 51 54 
51: 4 14 42 50 
52: 17 19 49 
53: 15 23 28 41 
54: 0 21 26 29 50 
5