0: 6 10 18 46 
1: 2 15 29 
2: 1 11 12 25 36 45 
3: 4 19 26 36 49 
4: 3 14 33 52 
5: 13 26 44 
6: 0 8 43 
7: 10 22 40 
8: 6 9 25 47 
9: 8 26 37 
10: 0 7 37 50 
11: 2 12 14 38 
12: 2 11 14 
13: 5 40 46 
14: 4 11 12 15 17 
15: 1 14 17 
16: 18 26 43 48 
17: 14 15 19 20 
18: 0 16 26 
19: 3 17 20 30 51 
20: 17 19 21 
21: 20 23 54 
22: 7 50 52 
23: 21 24 38 
24: 23 25 27 
25: 2 8 24 27 
26: 3 5 9 16 18 42 
27: 24 25 28 32 
28: 27 29 41 
29: 1 28 30 35 
30: 19 29 31 54 
31: 30 32 53 
32: 27 31 35 
33: 4 36 52 
34: 39 47 49 
35: 29 32 38 
36: 2 3 33 37 
37: 9 10 36 44 
38: 11 23 35 41 
39: 34 42 47 
40: 7 13 44 
41: 28 38 45 
42: 26 39 47 
43: 6 16 49 
44: 5 37 40 
45: 2 41 48 
46: 0 13 50 
47: 8 34 39 42 52 
48: 16 45 51 53 
49: 3 34 43 
50: 10 22 46 
51: 19 48 53 
52: 4 22 33 47 
53: 31 48 51 54 
54: 21 30 53 
5