0: 1 5 6 15 39 49 
1: 0 6 12 40 
2: 3 42 
3: 2 4 7 34 45 49 
4: 3 7 8 21 53 
5: 0 17 24 41 
6: 0 1 14 30 36 
7: 3 4 8 
8: 4 7 9 28 
9: 8 10 17 38 
10: 9 13 26 
11: 12 16 33 
12: 1 11 18 24 31 48 50 
13: 10 15 38 54 
14: 6 41 47 
15: 0 13 19 21 51 
16: 11 18 23 
17: 5 9 18 19 32 
18: 12 16 17 29 40 43 
19: 15 17 20 23 31 49 
20: 19 39 41 44 
21: 4 15 22 
22: 21 25 45 
23: 16 19 30 
24: 5 12 
25: 22 26 37 
26: 10 25 27 35 
27: 26 28 32 54 
28: 8 27 32 
29: 18 44 50 52 
30: 6 23 44 
31: 12 19 48 50 
32: 17 27 28 34 36 
33: 11 40 41 49 50 
34: 3 32 35 
35: 26 34 36 
36: 6 32 35 37 46 
37: 25 36 38 
38: 9 13 37 42 
39: 0 20 48 
40: 1 18 33 49 
41: 5 14 20 33 52 
42: 2 38 45 
43: 18 47 52 
44: 20 29 30 47 
45: 3 22 42 46 
46: 36 45 51 
47: 14 43 44 
48: 12 31 39 50 
49: 0 3 19 33 40 
50: 12 29 31 33 48 
51: 15 46 53 
52: 29 41 43 
53: 4 51 54 
54: 13 27 53 
6