0: 9 17 36 46 49 52 
1: 5 44 
2: 18 26 45 46 
3: 19 25 27 51 
4: 14 18 52 
5: 1 7 31 33 51 
6: 10 25 34 41 45 
7: 5 8 9 12 
8: 7 12 23 
9: 0 7 18 22 30 
10: 6 14 18 46 49 50 
11: 22 34 39 
12: 7 8 13 
13: 12 15 35 
14: 4 10 22 26 27 30 39 
15: 13 16 35 
16: 15 20 47 
17: 0 18 25 39 43 46 51 
18: 2 4 9 10 17 41 43 
19: 3 26 39 
20: 16 21 32 
21: 20 23 53 
22: 9 11 14 27 30 
23: 8 21 24 
24: 23 28 53 
25: 3 6 17 36 45 
26: 2 14 19 52 
27: 3 14 22 30 39 41 45 
28: 24 29 47 
29: 28 31 53 
30: 9 14 22 27 41 
31: 5 29 32 
32: 20 31 33 
33: 5 32 35 54 
34: 6 11 43 49 
35: 13 15 33 37 
36: 0 25 39 43 51 
37: 35 38 40 54 
38: 37 40 50 
39: 11 14 17 19 27 36 52 
40: 37 38 42 44 48 
41: 6 18 27 30 43 52 
42: 40 47 49 
43: 17 18 34 36 41 
44: 1 40 47 
45: 2 6 25 27 46 51 
46: 0 2 10 17 45 
47: 16 28 42 44 48 
48: 40 47 50 
49: 0 10 34 42 
50: 10 38 48 53 
51: 3 5 17 36 45 53 
52: 0 4 26 39 41 
53: 21 24 29 50 51 54 
54: 33 37 53 
6