0: 3 
1: 2 47 48 
2: 1 11 22 47 
3: 0 4 13 15 25 
4: 3 8 12 
5: 10 23 30 33 52 
6: 11 22 33 40 45 48 51 
7: 33 51 53 
8: 4 9 30 37 50 
9: 8 12 16 54 
10: 5 17 28 30 43 
11: 2 6 42 45 48 
12: 4 9 13 28 
13: 3 12 15 
14: 17 24 43 47 
15: 3 13 16 38 
16: 9 15 20 31 
17: 10 14 18 19 
18: 17 42 43 48 
19: 17 22 28 33 36 47 52 
20: 16 21 41 
21: 20 25 46 
22: 2 6 19 36 44 
23: 5 47 48 
24: 14 30 33 54 
25: 3 21 26 54 
26: 25 27 29 
27: 26 29 35 47 
28: 10 12 19 47 53 
29: 26 27 31 
30: 5 8 10 24 45 
31: 16 29 32 40 
32: 31 34 37 
33: 5 6 7 19 24 53 
34: 32 35 49 
35: 27 34 37 
36: 19 22 39 
37: 8 32 35 38 
38: 15 37 40 51 
39: 36 42 43 
40: 6 31 38 41 
41: 20 40 46 
42: 11 18 39 
43: 10 14 18 39 
44: 22 48 51 
45: 6 11 30 48 
46: 21 41 49 
47: 1 2 14 19 23 27 28 
48: 1 6 11 18 23 44 45 
49: 34 46 50 
50: 8 49 54 
51: 6 7 38 44 52 
52: 5 19 51 
53: 7 28 33 
54: 9 24 25 50 
6