0: 37 38 42 
1: 2 15 21 54 
2: 1 15 53 
3: 4 
4: 3 5 27 35 45 
5: 4 7 9 30 
6: 15 25 42 
7: 5 10 31 47 
8: 9 34 53 
9: 5 8 17 41 53 
10: 7 11 16 
11: 10 13 36 49 
12: 34 39 41 43 
13: 11 14 33 54 
14: 13 16 28 52 
15: 1 2 6 24 43 
16: 10 14 17 
17: 9 16 18 54 
18: 17 20 28 44 
19: 22 29 48 
20: 18 27 32 36 
21: 1 29 51 
22: 19 23 43 48 
23: 22 24 32 53 
24: 15 23 34 
25: 6 32 38 
26: 37 39 43 51 
27: 4 20 28 
28: 14 18 27 30 
29: 19 21 41 
30: 5 28 31 40 
31: 7 30 33 48 
32: 20 23 25 51 
33: 13 31 35 
34: 8 12 24 
35: 4 33 36 50 
36: 11 20 35 40 
37: 0 26 39 46 
38: 0 25 51 
39: 12 26 37 
40: 30 36 44 
41: 9 12 29 
42: 0 6 48 
43: 12 15 22 26 49 
44: 18 40 45 
45: 4 44 47 
46: 37 
47: 7 45 49 
48: 19 22 31 42 
49: 11 43 47 50 
50: 35 49 52 
51: 21 26 32 38 
52: 14 50 54 
53: 2 8 9 23 
54: 1 13 17 52 
6