0: 5 9 31 
1: 17 39 46 48 50 54 
2: 32 50 54 
3: 21 52 
4: 17 24 30 33 34 46 
5: 0 7 45 
6: 8 12 48 
7: 5 9 25 
8: 6 19 20 26 33 42 50 
9: 0 7 10 18 
10: 9 11 13 21 22 51 53 
11: 10 13 15 
12: 6 19 37 43 52 
13: 10 11 14 23 
14: 13 15 28 29 35 
15: 11 14 18 27 
16: 19 24 49 
17: 1 4 19 20 25 42 52 
18: 9 15 22 
19: 8 12 16 17 24 48 
20: 8 17 24 26 41 48 50 
21: 3 10 33 41 52 54 
22: 10 18 23 44 
23: 13 22 25 53 
24: 4 16 19 20 43 
25: 7 17 23 27 40 
26: 8 20 30 41 48 
27: 15 25 28 36 
28: 14 27 29 
29: 14 28 31 
30: 4 26 37 
31: 0 29 35 
32: 2 34 50 
33: 4 8 21 34 37 41 42 
34: 4 32 33 50 
35: 14 31 36 
36: 27 35 38 
37: 12 30 33 49 
38: 36 39 47 
39: 1 38 40 47 
40: 25 39 44 
41: 20 21 26 33 
42: 8 17 33 43 44 53 
43: 12 24 42 
44: 22 40 42 45 
45: 5 44 47 
46: 1 4 49 52 
47: 38 39 45 51 
48: 1 6 19 20 26 54 
49: 16 37 46 52 
50: 1 2 8 20 32 34 53 
51: 10 47 53 
52: 3 12 17 21 46 49 
53: 10 23 42 50 51 
54: 1 2 21 48 
6