0: 1 25 51 
1: 0 13 29 35 44 
2: 3 
3: 2 5 28 53 
4: 9 10 21 30 52 
5: 3 6 10 13 54 
6: 5 8 14 31 
7: 15 20 34 46 
8: 6 10 23 39 
9: 4 29 46 
10: 4 5 8 11 
11: 10 12 42 49 
12: 11 14 41 47 
13: 1 5 21 43 44 
14: 6 12 16 40 
15: 7 20 21 27 37 39 45 
16: 14 18 49 
17: 46 51 52 
18: 16 19 32 
19: 18 23 30 48 
20: 7 15 21 33 39 
21: 4 13 15 20 34 45 52 
22: 29 34 52 
23: 8 19 26 50 
24: 30 33 37 39 
25: 0 
26: 23 28 47 
27: 15 35 51 
28: 3 26 31 
29: 1 9 22 45 46 
30: 4 19 24 44 45 
31: 6 28 32 
32: 18 31 36 
33: 20 24 35 37 46 
34: 7 21 22 36 38 39 52 
35: 1 27 33 
36: 32 34 40 47 
37: 15 24 33 38 46 51 
38: 34 37 43 44 
39: 8 15 20 24 34 
40: 14 36 41 
41: 12 40 42 
42: 11 41 46 47 
43: 13 38 45 
44: 1 13 30 38 
45: 15 21 29 30 43 51 
46: 7 9 17 29 33 37 42 
47: 12 26 36 42 48 
48: 19 47 49 54 
49: 11 16 48 50 
50: 23 49 53 
51: 0 17 27 37 45 
52: 4 17 21 22 34 
53: 3 50 54 
54: 5 48 53 
6