0: 7 42 46 50 53 
1: 5 
2: 10 26 31 40 43 
3: 12 14 17 36 45 
4: 9 43 46 50 
5: 1 6 43 48 
6: 5 8 20 23 
7: 0 12 24 40 
8: 6 9 21 22 
9: 4 8 10 44 
10: 2 9 11 51 
11: 10 13 16 
12: 3 7 34 
13: 11 16 23 
14: 3 35 49 
15: 25 29 49 
16: 11 13 19 34 
17: 3 39 
18: 35 45 46 
19: 16 20 37 47 
20: 6 19 21 
21: 8 20 22 
22: 8 21 23 
23: 6 13 22 27 
24: 7 28 43 
25: 15 30 39 49 
26: 2 31 50 
27: 23 30 54 
28: 24 36 43 
29: 15 34 46 
30: 25 27 32 38 
31: 2 26 46 
32: 30 33 54 
33: 32 37 41 51 
34: 12 16 29 39 
35: 14 18 40 41 
36: 3 28 53 
37: 19 33 38 52 
38: 30 37 41 
39: 17 25 34 53 
40: 2 7 35 
41: 33 35 38 44 
42: 0 43 45 
43: 2 4 5 24 28 42 
44: 9 41 47 
45: 3 18 42 
46: 0 4 18 29 31 49 
47: 19 44 48 
48: 5 47 51 
49: 14 15 25 46 
50: 0 4 26 
51: 10 33 48 52 
52: 37 51 54 
53: 0 36 39 
54: 27 32 52 
6