0: 5 46 47 
1: 2 20 
2: 1 3 4 
3: 2 4 13 32 
4: 2 3 7 17 21 41 
5: 0 20 26 
6: 26 27 30 54 
7: 4 9 37 43 52 
8: 15 21 22 28 
9: 7 10 19 
10: 9 11 12 47 
11: 10 12 14 
12: 10 11 13 
13: 3 12 14 36 
14: 11 13 16 33 42 
15: 8 52 53 
16: 14 17 18 38 
17: 4 16 18 26 34 35 
18: 16 17 19 
19: 9 18 21 50 53 
20: 1 5 26 44 
21: 4 8 19 32 
22: 8 48 49 52 
23: 30 31 49 
24: 39 51 52 
25: 39 46 54 
26: 5 6 17 20 27 39 40 
27: 6 26 40 
28: 8 
29: 30 45 49 
30: 6 23 29 31 47 
31: 23 30 48 53 
32: 3 21 33 
33: 14 32 34 50 
34: 17 33 35 
35: 17 34 36 
36: 13 35 37 
37: 7 36 38 
38: 16 37 41 
39: 24 25 26 
40: 26 27 51 
41: 4 38 42 
42: 14 41 43 
43: 7 42 50 
44: 20 47 52 
45: 29 51 54 
46: 0 25 48 
47: 0 10 30 44 
48: 22 31 46 
49: 22 23 29 
50: 19 33 43 
51: 24 40 45 
52: 7 15 22 24 44 53 
53: 15 19 31 52 
54: 6 25 45 
6