0: 1 
1: 0 2 12 22 48 
2: 1 4 46 52 
3: 8 27 41 
4: 2 6 48 
5: 7 10 17 30 49 
6: 4 11 38 
7: 5 9 19 
8: 3 18 29 34 38 44 
9: 7 17 28 50 
10: 5 21 24 
11: 6 12 26 52 
12: 1 11 13 54 
13: 12 14 16 
14: 13 15 23 51 
15: 14 16 34 40 
16: 13 15 23 42 
17: 5 9 33 
18: 8 28 36 
19: 7 30 37 
20: 25 31 33 50 53 
21: 10 
22: 1 25 41 43 45 
23: 14 16 26 35 
24: 10 44 49 
25: 20 22 29 
26: 11 23 32 
27: 3 29 30 41 45 
28: 9 18 50 
29: 8 25 27 31 
30: 5 19 27 
31: 20 29 33 34 49 
32: 26 34 38 
33: 17 20 31 53 
34: 8 15 31 32 35 
35: 23 34 38 39 
36: 18 45 50 
37: 19 44 53 
38: 6 8 32 35 39 
39: 35 38 40 43 
40: 15 39 42 
41: 3 22 27 
42: 16 40 43 
43: 22 39 42 46 
44: 8 24 37 
45: 22 27 36 
46: 2 43 47 49 
47: 46 48 52 54 
48: 1 4 47 51 
49: 5 24 31 46 
50: 9 20 28 36 
51: 14 48 52 
52: 2 11 47 51 54 
53: 20 33 37 
54: 12 47 52 
6