0: 1 7 
1: 0 3 24 48 
2: 11 14 37 43 45 
3: 1 4 13 
4: 3 8 25 47 
5: 18 21 40 
6: 14 27 32 34 
7: 0 9 19 26 46 
8: 4 13 42 
9: 7 14 23 26 39 44 
10: 11 26 48 54 
11: 2 10 23 39 40 43 
12: 23 33 40 54 
13: 3 8 15 
14: 2 6 9 17 23 39 
15: 13 16 24 
16: 15 20 50 
17: 14 21 37 45 46 
18: 5 19 32 45 51 
19: 7 18 38 
20: 16 22 50 
21: 5 17 33 37 39 
22: 20 24 38 
23: 9 11 12 14 34 
24: 1 15 22 25 31 49 
25: 4 24 28 54 
26: 7 9 10 27 37 45 51 
27: 6 26 34 40 
28: 25 29 41 
29: 28 30 50 52 
30: 29 31 44 
31: 24 30 35 
32: 6 18 37 43 
33: 12 21 46 51 
34: 6 23 27 46 53 
35: 31 36 41 
36: 35 38 47 
37: 2 17 21 26 32 
38: 19 22 36 41 
39: 9 11 14 21 45 
40: 5 11 12 27 
41: 28 35 38 42 
42: 8 41 44 
43: 2 11 32 46 54 
44: 9 30 42 47 
45: 2 17 18 26 39 
46: 7 17 33 34 43 
47: 4 36 44 49 53 
48: 1 10 51 54 
49: 24 47 50 
50: 16 20 29 49 52 53 
51: 18 26 33 48 
52: 29 50 53 
53: 34 47 50 52 
54: 10 12 25 43 48 
6