0: 1 
1: 0 2 15 24 
2: 1 4 10 38 
3: 16 33 41 43 
4: 2 5 11 20 
5: 4 8 11 40 
6: 13 20 26 46 
7: 16 17 20 37 
8: 5 9 23 
9: 8 10 28 
10: 2 9 11 39 
11: 4 5 10 14 
12: 19 39 46 52 54 
13: 6 17 24 29 31 
14: 11 15 48 49 
15: 1 14 18 32 36 
16: 3 7 19 44 47 
17: 7 13 26 29 
18: 15 21 53 
19: 12 16 39 
20: 4 6 7 45 
21: 18 23 27 
22: 31 35 39 
23: 8 21 24 50 
24: 1 13 23 27 
25: 29 37 41 46 49 
26: 6 17 39 
27: 21 24 28 31 43 
28: 9 27 30 
29: 13 17 25 35 43 45 
30: 28 32 51 
31: 13 22 27 47 
32: 15 30 36 
33: 3 34 37 45 
34: 33 43 52 54 
35: 22 29 43 52 
36: 15 32 38 
37: 7 25 33 44 
38: 2 36 40 
39: 10 12 19 22 26 52 
40: 5 38 42 
41: 3 25 44 47 49 
42: 40 48 53 
43: 3 27 29 34 35 
44: 16 37 41 46 
45: 20 29 33 49 
46: 6 12 25 44 54 
47: 16 31 41 
48: 14 42 50 
49: 14 25 41 45 54 
50: 23 48 51 
51: 30 50 53 
52: 12 34 35 39 
53: 18 42 51 
54: 12 34 46 49 
6