0: 15 20 22 45 47 
1: 2 11 25 54 
2: 1 5 17 
3: 7 24 36 43 45 
4: 20 22 27 
5: 2 8 31 44 49 
6: 33 45 52 53 
7: 3 26 34 52 
8: 5 9 42 
9: 8 10 17 
10: 9 11 31 
11: 1 10 16 52 
12: 13 24 34 40 
13: 12 15 47 48 
14: 19 24 26 
15: 0 13 26 29 51 
16: 11 17 38 
17: 2 9 16 18 
18: 17 21 23 46 
19: 14 30 43 52 
20: 0 4 24 26 36 53 
21: 18 23 50 
22: 0 4 24 45 51 
23: 18 21 25 35 39 41 
24: 3 12 14 20 22 40 
25: 1 23 28 32 
26: 7 14 15 20 33 51 
27: 4 40 48 52 
28: 25 29 31 38 
29: 15 28 40 47 48 
30: 19 35 36 40 51 53 
31: 5 10 28 32 
32: 25 31 35 
33: 6 26 34 43 
34: 7 12 33 
35: 23 30 32 37 
36: 3 20 30 40 
37: 35 38 50 53 
38: 16 28 37 39 40 
39: 23 38 41 54 
40: 12 24 27 29 30 36 38 
41: 23 39 42 
42: 8 41 44 
43: 3 19 33 52 
44: 5 42 46 
45: 0 3 6 22 46 53 
46: 18 44 45 49 
47: 0 13 29 
48: 13 27 29 51 
49: 5 46 50 
50: 21 37 49 54 
51: 15 22 26 30 48 
52: 6 7 11 19 27 43 
53: 6 20 30 37 45 
54: 1 39 50 
6