0: 1 16 
1: 0 2 25 
2: 1 4 13 
3: 5 17 30 
4: 2 7 15 31 
5: 3 20 47 49 
6: 10 29 39 51 
7: 4 9 28 31 41 
8: 16 23 43 
9: 7 11 18 34 
10: 6 23 44 
11: 9 12 13 
12: 11 13 21 25 
13: 2 11 12 15 
14: 41 43 49 50 
15: 4 13 18 26 49 52 
16: 0 8 19 41 54 
17: 3 35 50 
18: 9 15 21 
19: 16 20 36 38 
20: 5 19 44 45 48 
21: 12 18 22 40 
22: 21 24 37 
23: 8 10 33 51 
24: 22 25 31 49 52 
25: 1 12 24 26 
26: 15 25 27 
27: 26 28 46 
28: 7 27 31 
29: 6 41 43 
30: 3 35 49 53 
31: 4 7 24 28 32 
32: 31 34 39 
33: 23 45 47 48 53 
34: 9 32 37 
35: 17 30 
36: 19 44 54 
37: 22 34 39 42 
38: 19 51 54 
39: 6 32 37 40 
40: 21 39 42 
41: 7 14 16 29 
42: 37 40 46 
43: 8 14 29 47 
44: 10 20 36 50 
45: 20 33 53 
46: 27 42 52 
47: 5 33 43 
48: 20 33 49 
49: 5 14 15 24 30 48 52 
50: 14 17 44 
51: 6 23 38 
52: 15 24 46 49 
53: 30 33 45 
54: 16 36 38 
6