0: 1 10 25 
1: 0 4 7 9 
2: 21 43 50 54 
3: 12 17 19 36 
4: 1 5 6 
5: 4 6 26 35 
6: 4 5 7 32 
7: 1 6 9 
8: 28 44 48 52 
9: 1 7 10 23 33 
10: 0 9 15 
11: 14 34 44 
12: 3 17 28 41 44 
13: 17 49 50 
14: 11 21 24 
15: 10 18 29 
16: 17 25 43 47 48 50 
17: 3 12 13 16 32 52 54 
18: 15 20 45 
19: 3 39 43 51 
20: 18 22 38 53 
21: 2 14 24 27 
22: 20 23 46 
23: 9 22 25 50 
24: 14 21 31 54 
25: 0 16 23 26 41 53 
26: 5 25 29 
27: 21 31 39 
28: 8 12 34 39 44 
29: 15 26 30 51 
30: 29 33 38 
31: 24 27 47 
32: 6 17 36 47 
33: 9 30 35 
34: 11 28 41 
35: 5 33 37 
36: 3 32 52 
37: 35 38 40 
38: 20 30 37 40 
39: 19 27 28 
40: 37 38 42 
41: 12 25 34 49 52 54 
42: 40 45 46 
43: 2 16 19 48 53 
44: 8 11 12 28 48 
45: 18 42 46 
46: 22 42 45 51 
47: 16 31 32 50 
48: 8 16 43 44 49 54 
49: 13 41 48 
50: 2 13 16 23 47 52 54 
51: 19 29 46 53 
52: 8 17 36 41 50 
53: 20 25 43 51 
54: 2 17 24 41 48 50 
6