0: 9 41 46 51 
1: 4 8 
2: 9 20 29 31 47 52 
3: 13 29 39 
4: 1 6 10 26 
5: 15 34 38 48 
6: 4 7 21 
7: 6 8 53 
8: 1 7 10 
9: 0 2 16 31 36 46 
10: 4 8 11 
11: 10 12 13 24 
12: 11 18 54 
13: 3 11 19 38 
14: 15 19 31 43 
15: 5 14 20 26 34 
16: 9 39 40 47 
17: 32 34 38 
18: 12 21 25 35 
19: 13 14 28 32 
20: 2 15 22 27 46 
21: 6 18 22 30 37 
22: 20 21 23 44 
23: 22 24 53 
24: 11 23 25 50 
25: 18 24 26 
26: 4 15 25 30 49 
27: 20 40 44 48 
28: 19 34 46 
29: 2 3 49 51 
30: 21 26 33 
31: 2 9 14 40 51 
32: 17 19 52 
33: 30 35 42 45 
34: 5 15 17 28 48 
35: 18 33 36 
36: 9 35 37 44 
37: 21 36 42 
38: 5 13 17 
39: 3 16 47 51 
40: 16 27 31 43 
41: 0 43 48 
42: 33 37 44 
43: 14 40 41 52 
44: 22 27 36 42 45 
45: 33 44 49 54 
46: 0 9 20 28 
47: 2 16 39 
48: 5 27 34 41 
49: 26 29 45 50 
50: 24 49 53 
51: 0 29 31 39 
52: 2 32 43 
53: 7 23 50 54 
54: 12 45 53 
6