0: 3 6 10 
1: 4 28 36 38 46 48 51 
2: 5 
3: 0 9 28 30 
4: 1 6 10 31 34 38 
5: 2 7 11 47 
6: 0 4 20 33 42 46 
7: 5 8 16 17 
8: 7 11 45 54 
9: 3 10 25 28 46 
10: 0 4 9 25 46 
11: 5 8 12 
12: 11 13 21 22 27 52 
13: 12 16 31 39 
14: 24 28 34 43 46 48 51 
15: 23 30 35 39 44 48 53 
16: 7 13 17 26 
17: 7 16 18 
18: 17 19 40 
19: 18 21 47 
20: 6 46 48 53 
21: 12 19 22 
22: 12 21 23 
23: 15 22 26 37 
24: 14 25 51 53 
25: 9 10 24 28 36 44 
26: 16 23 27 29 
27: 12 26 29 
28: 1 3 9 14 25 43 
29: 26 27 31 
30: 3 15 38 50 
31: 4 13 29 32 54 
32: 31 37 50 
33: 6 35 42 46 47 
34: 4 14 36 
35: 15 33 41 44 
36: 1 25 34 41 
37: 23 32 39 53 
38: 1 4 30 
39: 13 15 37 40 
40: 18 39 45 
41: 35 36 48 
42: 6 33 49 
43: 14 28 51 
44: 15 25 35 48 
45: 8 40 47 
46: 1 6 9 10 14 20 33 
47: 5 19 33 45 50 
48: 1 14 15 20 41 44 
49: 42 53 
50: 30 32 47 52 
51: 1 14 24 43 53 
52: 12 50 54 
53: 15 20 24 37 49 51 
54: 8 31 52 
6