0: 3 
1: 11 22 24 26 47 50 
2: 17 22 23 25 31 
3: 0 5 29 33 45 
4: 14 25 28 30 36 
5: 3 7 13 32 51 
6: 28 41 48 
7: 5 9 15 
8: 17 26 28 36 37 49 50 
9: 7 10 18 19 40 42 
10: 9 13 20 21 
11: 1 22 24 34 46 48 
12: 34 42 52 
13: 5 10 15 
14: 4 23 24 28 
15: 7 13 16 
16: 15 18 20 
17: 2 8 25 37 45 
18: 9 16 19 
19: 9 18 20 
20: 10 16 19 21 53 
21: 10 20 29 
22: 1 2 11 24 41 
23: 2 14 46 52 
24: 1 11 14 22 30 41 49 
25: 2 4 17 26 27 36 38 
26: 1 8 25 
27: 25 28 30 31 34 50 53 
28: 4 6 8 14 27 30 
29: 3 21 32 
30: 4 24 27 28 31 48 
31: 2 27 30 
32: 5 29 33 49 
33: 3 32 35 
34: 11 12 27 
35: 33 38 43 
36: 4 8 25 50 
37: 8 17 42 46 
38: 25 35 39 47 
39: 38 40 54 
40: 9 39 43 
41: 6 22 24 49 
42: 9 12 37 
43: 35 40 44 
44: 43 45 54 
45: 3 17 44 47 
46: 11 23 37 
47: 1 38 45 51 
48: 6 11 30 
49: 8 24 32 41 
50: 1 8 27 36 52 
51: 5 47 53 
52: 12 23 50 
53: 20 27 51 54 
54: 39 44 53 
6