0: 3 
1: 9 16 20 23 
2: 17 19 23 44 54 
3: 0 4 40 47 
4: 3 5 8 32 43 
5: 4 6 8 
6: 5 7 8 21 
7: 6 8 24 
8: 4 5 6 7 10 52 
9: 1 26 44 
10: 8 11 37 
11: 10 13 42 
12: 26 27 
13: 11 14 34 
14: 13 21 35 
15: 18 22 39 53 
16: 1 18 21 22 26 38 
17: 2 23 25 44 
18: 15 16 49 51 
19: 2 39 51 54 
20: 1 38 51 53 
21: 6 14 16 24 49 
22: 15 16 48 49 53 54 
23: 1 2 17 25 31 
24: 7 21 28 
25: 17 23 38 54 
26: 9 12 16 48 
27: 12 36 37 43 
28: 24 30 34 52 
29: 41 53 54 
30: 28 32 46 
31: 23 39 43 52 
32: 4 30 33 
33: 32 34 35 
34: 13 28 33 35 
35: 14 33 34 37 
36: 27 48 53 
37: 10 27 35 40 
38: 16 20 25 51 
39: 15 19 31 41 49 
40: 3 37 42 
41: 29 39 44 
42: 11 40 43 45 
43: 4 27 31 42 49 
44: 2 9 17 41 
45: 42 46 50 
46: 30 45 47 
47: 3 46 50 
48: 22 26 36 51 
49: 18 21 22 39 43 
50: 45 47 52 
51: 18 19 20 38 48 
52: 8 28 31 50 
53: 15 20 22 29 36 
54: 2 19 22 25 29 
6