0: 4 15 
1: 9 29 42 48 
2: 16 23 24 38 
3: 11 17 32 42 
4: 0 5 28 
5: 4 7 18 
6: 43 46 50 53 
7: 5 9 49 
8: 20 23 32 
9: 1 7 10 21 
10: 9 12 19 21 30 
11: 3 23 39 47 
12: 10 13 45 47 
13: 12 15 22 
14: 19 25 35 36 38 43 47 
15: 0 13 18 20 27 
16: 2 50 53 
17: 3 20 41 42 48 
18: 5 15 19 54 
19: 10 14 18 21 
20: 8 15 17 49 50 53 
21: 9 10 19 22 26 
22: 13 21 26 
23: 2 8 11 25 
24: 2 47 53 
25: 14 23 41 48 
26: 21 22 27 40 54 
27: 15 26 28 
28: 4 27 30 34 
29: 1 35 37 46 
30: 10 28 31 
31: 30 34 52 
32: 3 8 38 39 46 
33: 38 46 48 
34: 28 31 37 
35: 14 29 46 
36: 14 39 43 47 50 
37: 29 34 40 44 51 
38: 2 14 32 33 47 
39: 11 32 36 
40: 26 37 44 
41: 17 25 53 
42: 1 3 17 
43: 6 14 36 53 
44: 37 40 45 
45: 12 44 49 
46: 6 29 32 33 35 50 
47: 11 12 14 24 36 38 
48: 1 17 25 33 
49: 7 20 45 51 
50: 6 16 20 36 46 
51: 37 49 52 
52: 31 51 54 
53: 6 16 20 24 41 43 
54: 18 26 52 
6