0: 4 10 29 46 
1: 7 11 17 22 
2: 20 38 51 
3: 34 
4: 0 8 9 12 
5: 20 37 38 
6: 7 15 53 
7: 1 6 42 52 
8: 4 9 28 48 
9: 4 8 10 36 44 47 
10: 0 9 12 
11: 1 15 31 36 37 49 51 
12: 4 10 13 
13: 12 14 23 35 
14: 13 16 26 
15: 6 11 20 53 
16: 14 21 54 
17: 1 39 40 41 43 
18: 22 51 53 
19: 24 32 35 38 40 52 
20: 2 5 15 33 
21: 16 23 49 50 
22: 1 18 31 44 
23: 13 21 25 
24: 19 31 33 
25: 23 26 28 
26: 14 25 27 
27: 26 28 45 49 
28: 8 25 27 29 
29: 0 28 30 
30: 29 35 43 54 
31: 11 22 24 37 52 
32: 19 34 37 42 
33: 20 24 36 
34: 3 32 36 
35: 13 19 30 43 
36: 9 11 33 34 39 51 53 
37: 5 11 31 32 41 
38: 2 5 19 39 
39: 17 36 38 40 
40: 17 19 39 46 
41: 17 37 42 53 
42: 7 32 41 52 
43: 17 30 35 44 
44: 9 22 43 45 
45: 27 44 46 
46: 0 40 45 47 
47: 9 46 48 
48: 8 47 49 
49: 11 21 27 48 50 
50: 21 49 54 
51: 2 11 18 36 
52: 7 19 31 42 
53: 6 15 18 36 41 
54: 16 30 50 
6